subscriber_id,month,data_gb,voice_min,sms_count,roaming_days,countries_visited,lines_total,lines_active,plan_tier,night_usage_ratio,weekend_usage_ratio,avg_session_mb,active_days
SUB00001,1,0.33390790719565855,80.33305890389842,20.721286105539075,0.0,0.18539901211629062,1.0,1.0,1.0,0.32736567953093243,0.3295335526246719,1.7788972879613616,9.276345122083507
SUB00001,2,2.5536512928857036,53.87839525874634,24.413960487898066,0.4898907633100475,0.09731935392598379,1.0,1.0,1.0,0.4232195812969819,0.5106667545677359,19.931397460432137,14.51650716276304
SUB00001,3,2.610362305509217,25.23969711416776,14.514098524518674,0.42620234464597667,0.21857595943616537,1.0,1.0,1.0,0.4829039205580804,0.5316675251238807,11.289478339939516,13.766562078604881
SUB00001,4,3.3588564800383205,28.457625160983884,20.73848755004277,0.4365901832379103,0.39036451551098394,1.0,1.0,1.0,0.19581202941438938,0.4839410366266651,16.211780228428616,19.304722129623777
SUB00001,5,3.913518877674221,60.91760101668718,11.079001961252244,0.3763736522779436,0.1072923364097646,1.0,1.0,1.0,0.1733210966756264,0.3484843622076988,14.720946035671815,21.238330294537903
SUB00001,6,3.9325444459916348,52.6233586217574,21.280407693320694,0.5669252628361648,0.045023930387820876,1.0,1.0,1.0,0.3504179100413454,0.30330923594960896,24.294953833839845,16.923125511480613
SUB00001,7,3.55338186869489,29.558163958894244,6.7529983863220195,0.5548921827605239,0.4542903453538035,1.0,1.0,1.0,0.4615003615863179,0.5009115662056485,16.687281822633214,13.44483123690318
SUB00001,8,3.489863207413338,17.432099726092584,11.11913248301305,0.953542922930332,0.42830714204618775,1.0,1.0,1.0,0.4009235362809773,0.45443428911945744,20.586980886199246,9.688886422797783
SUB00001,9,5.014249573034962,58.16915449366166,7.890483777320938,0.7340220335001661,0.08529648426844305,1.0,1.0,1.0,0.3863661965925667,0.25798135486039414,38.867229900417804,17.646068738858006
SUB00001,10,6.68093880802195,88.69044636789577,23.75652909949966,0.934271467839074,0.1334878315459468,1.0,1.0,1.0,0.15864483195213216,0.5392021734680252,49.28504928891111,10.804981779972216
SUB00001,11,4.651622708210026,56.05522097787452,19.53989228573765,1.6075284323464345,0.45800592256880396,1.0,1.0,1.0,0.2983689135449755,0.5404264100963445,31.86133082481098,14.342777856454306
SUB00001,12,7.535386017609135,45.85026401984766,23.720871400979266,1.1974295224474543,0.21754853000151897,1.0,1.0,1.0,0.5063169963514099,0.5627063238942521,38.529560239072175,14.31858103661586
SUB00002,1,99.06260483544224,176.2512522310795,22.229117250170543,0.5040657229404666,0.22992647493674107,1.0,1.0,3.1964346657145732,0.37412946916003786,0.5220916933844122,775.7551529519909,18.014823724046845
SUB00002,2,100.02220460695426,190.88528249283488,35.32976020838572,0.19845456762965757,1.0413936534643298,2.0,1.1997756516600577,3.804124526182263,0.5361628518463206,0.5086444013704396,278.6965206634663,10.475076073006893
SUB00002,3,123.30998076628352,217.17261256133537,34.88592638290747,1.812265299530681,1.3872126439680406,2.0,1.6339751116810852,3.1058974037507534,0.30613583882556505,0.39669001176070634,961.4961925454375,19.920851064687454
SUB00002,4,124.06644963289973,222.04921842345712,15.535103519309633,0.0,1.1952256324877426,2.0,1.5307695905990535,3.606015820700011,0.5970955815104044,0.461087505068554,555.2506381813562,15.483680868143654
SUB00002,5,109.44193211331358,277.4076638750435,22.43518688854074,0.15719616387541846,1.2248531451358655,2.0,1.5944336637564518,3.146173244192698,0.5798656761825365,0.35861713587342603,313.3575981540611,26.419409449749004
SUB00002,6,101.84112628196218,157.91575900461666,15.634440490093201,0.0,0.08007289894076308,1.0,1.0,3.393630456832028,0.37719643878081976,0.42658418295778056,738.3511854806591,25.02263253644412
SUB00002,7,98.83774192991845,218.90611416562433,27.487872771095766,0.0,1.2501878306828396,1.0,1.0,3.843574951597753,0.6110612575710468,0.5928497382053074,673.2980457134196,23.589550815426577
SUB00002,8,117.08730057086666,172.4891012836547,30.426686105712434,1.0648267527402115,0.5776342441505302,2.0,1.266463317500846,3.1397684109539568,0.4411509096094983,0.39591127900820977,397.56052032445024,15.350236202302561
SUB00002,9,109.21071244730976,202.59528620904496,23.90629423713856,1.681892689025741,0.7213656424501178,1.0,1.0,3.652587340560102,0.571756731178831,0.43645279662300906,633.1497361712943,13.763112283649235
SUB00002,10,120.02113099321507,269.6207701420969,33.43139221625759,0.12216428806590662,0.12673982823528035,2.0,1.1374079300378022,3.9588802459090804,0.5703536704340386,0.45778870156322393,803.6308430675731,23.902296779661718
SUB00002,11,127.75923647259673,245.09563594499667,33.48497100072364,0.13685260022271226,0.8586457710507746,2.0,1.763923390006588,3.7992447165120664,0.44686128623017163,0.4598577045329143,969.3626556294887,10.394671770022455
SUB00002,12,104.48128502059951,279.87033992907686,38.229642484255294,1.0858040652987841,1.3475498210423036,2.0,1.2705349409101756,3.364192017772054,0.3757759920817052,0.30516407701874987,301.606150048516,26.722549267514882
SUB00003,1,40.40206129122574,368.72607663915824,43.172581571828914,16.04830836693091,8.804778640015364,1.0,1.0,2.1219216783351125,0.38530319998768825,0.49013372778690706,83.78644579835967,17.08635923683493
SUB00003,2,45.40731891215952,279.44753147766113,40.56745870048721,15.62099821259582,5.4423536439844415,2.0,1.8792000243077451,2.283908437864039,0.4847586318643753,0.28724683615498403,363.0146405640647,21.313694722130737
SUB00003,3,43.41189969851263,386.6575693000115,38.42898203144014,11.02545909070478,5.7928169088515915,1.0,1.0,2.0054298341287007,0.17066316680575958,0.4620738121767047,295.5868872962925,12.77105641254777
SUB00003,4,46.14750468489133,354.8693881375933,57.02379396865332,14.594594761521618,5.160605198188266,2.0,1.1249236793056432,2.5045309901929866,0.4480752513315378,0.47050414560173953,327.96046785210626,11.104259848821817
SUB00003,5,43.584500593788334,264.805363427568,64.30716747145387,14.003808606514259,7.465235879710131,1.0,1.0,2.1731278464225032,0.18668840232967923,0.31423663010811165,343.4529723228271,17.171212849169798
SUB00003,6,45.03345579166906,318.16125514232124,63.11085587453333,11.931055685577515,7.7991037783562644,2.0,1.9405944096955183,2.148438989920058,0.35334109537877684,0.39141203675926806,218.18765068502236,10.384350523954893
SUB00003,7,32.213923429217,246.15576207064944,51.38456414628199,14.26829521184749,6.6351324377147884,2.0,1.3170409113172379,2.0360598342773635,0.31736001766274413,0.4159464362815596,108.03123515348136,19.449158662442315
SUB00003,8,40.2943006361842,329.9192974597983,41.067495313841505,15.366511050048372,6.72567278071956,2.0,1.3606573344502544,2.5127392446067582,0.44468227539288807,0.5602410103532977,303.26873493797046,18.072658503661984
SUB00003,9,38.98708805357509,247.31675625771157,47.29495762810982,11.346223832284332,8.367972844157853,1.0,1.0,2.172994445191594,0.27555734792079567,0.50994239835378,81.40882399567026,24.54346849041373
SUB00003,10,47.32786839100434,216.78001152784515,34.188539455271304,12.72814325370854,8.981857890334549,1.0,1.0,2.6876650491660925,0.43216254619360506,0.3857445933072774,276.647094487914,8.214552899513524
SUB00003,11,33.46333394821372,218.92427130152006,59.27065016925833,16.478332714186056,8.356278923526855,2.0,1.448245613254351,2.39257271584192,0.182019713458474,0.5143655604781605,154.02082260259098,17.386538683808027
SUB00003,12,31.167672854222896,384.3552878425446,38.14982997302972,12.429503122879856,7.345780692059184,1.0,1.0,2.2436674540557133,0.48743535390501647,0.4731560451674607,183.7301370777334,21.4040651070271
SUB00004,1,6.385879693663496,1715.0353256135807,70.74510357837516,2.5429824249856305,1.3643283658070249,1.0,1.0,1.3405907955915244,0.34952678341259413,0.43599386435160215,16.79408640325067,15.971050134030813
SUB00004,2,9.71759753027006,1318.6810433676444,47.664120386507996,0.0,0.6723109923853072,1.0,1.0,1.0073144562930156,0.2612088426403255,0.4960617129946124,56.38751254976624,27.636118950850708
SUB00004,3,8.422869035896435,1659.6600038683193,68.82783786873406,2.7655318635848865,1.3002021573928897,1.0,1.0,1.4400886995273687,0.37124152096451013,0.4789358433188249,65.85749237405464,27.691561628632492
SUB00004,4,6.313027781431375,1639.6543928103567,44.95479099456884,0.0,0.7345496127253588,1.0,1.0,1.9779169790738402,0.31463040087762395,0.5277887526959903,15.83885409789508,19.109234202755278
SUB00004,5,10.33402269336813,1694.9686466101593,54.90809365226937,0.0,1.0129584430012262,1.0,1.0,1.8654565480556629,0.445772587390604,0.5303050572373211,23.703997917527815,12.690703008825972
SUB00004,6,8.34778217543765,1200.1054039047963,67.09149597457589,0.0,1.3434523220755452,1.0,1.0,1.8527811296319125,0.28921256936380574,0.5486706349004208,31.66866324449921,19.806405017662982
SUB00004,7,6.867351232637451,1707.27966934528,43.392463649430525,0.5615150655427875,1.2111474089644225,1.0,1.0,1.4079419511312823,0.2047285112118505,0.4512051753680617,54.839097456586956,22.01762020241317
SUB00004,8,9.432941939344914,1767.6169094818238,45.37467653252246,0.6504518932885853,0.30296855653317234,1.0,1.0,1.6345402649517973,0.2873169849515631,0.397133620026847,73.15487614923467,23.039262431498308
SUB00004,9,8.958995625279428,1702.0078995848792,53.01370922066708,2.328646762681663,1.113476924126965,1.0,1.0,1.2993832915148256,0.24654882465066516,0.3628723215090328,26.2735930062187,25.48628730581615
SUB00004,10,7.671176752400196,1660.749665139675,57.535450343367714,1.2563733163630098,1.011896215468536,1.0,1.0,1.7875898362293392,0.22407173798142704,0.4467597568081503,20.032242049580862,21.05844253127997
SUB00004,11,14.055854937418605,1460.8075549694022,78.39098089316882,0.0,0.3690999172574077,1.0,1.0,1.5160878012571124,0.27502797961143355,0.2678361689012101,37.523541397278976,15.690087559798561
SUB00004,12,5.391082139642615,1318.0081392008083,55.7650310871239,0.80758955071577,0.16810555649804632,1.0,1.0,1.508167355812875,0.34580080260288326,0.36658295635372323,24.734080647226,23.611622750531687
SUB00005,1,56.077174638927325,711.0581081813895,79.844144523292,4.620129714898516,2.4215392104791325,3.0,2.5473740200054817,3.1382053716385307,0.6175292774122731,0.2532409236373932,175.51773489691774,8.62567025803289
SUB00005,2,52.06699511253735,551.6705400878549,95.41172296596757,4.509908354710736,3.2067389186847333,3.0,2.6627434861049575,3.772937388135284,0.5921966167162342,0.33899221931395507,391.1669467830152,17.089148605973158
SUB00005,3,70.62272021154521,561.2869628170743,79.10394706970757,4.357516674935718,1.9327113904508029,4.0,2.578108393080364,3.0298347700996975,0.3885914621628723,0.2566619517361203,211.36861403589273,22.503666417017378
SUB00005,4,74.26371113304799,562.6749480390679,95.62983288170685,2.248740013645503,2.8861908538594028,3.0,3.0,3.9917744759287106,0.2516030418933358,0.25580293066414495,591.0283014051212,19.69277668268331
SUB00005,5,56.19003283317198,752.213577793742,97.3075217916454,2.494635365166028,2.689135217781729,4.0,3.3362451768426014,3.018160543914364,0.488285509874291,0.3309481888903983,407.00300600481967,13.07329013123657
SUB00005,6,70.18577458489575,590.7527036874434,103.54617808292603,3.4147147489300798,3.466834151985875,4.0,3.014583051885531,3.0124698779412133,0.5684114225241513,0.4320805234660978,312.17008311350116,9.881439261787916
SUB00005,7,79.64365416582214,688.6878934974835,117.69297777246194,2.431474620194876,3.2179657211154273,3.0,2.969800888174828,3.73349490456283,0.6013462935243207,0.3826684432630568,406.3512355774049,22.8343282103947
SUB00005,8,76.07230790873602,627.5274444628789,114.23839745268239,4.0897956370836885,1.699724954321459,3.0,3.0,3.0231400945819464,0.6416898534829119,0.38200063812448826,480.46320309072036,25.751421769760867
SUB00005,9,66.49868366216818,670.0770437790242,84.54839865748784,3.3250264453630254,2.435280513253193,4.0,2.8941069825931187,3.1311086930262197,0.315148600221822,0.489596725687787,268.4463100492229,27.09796783711615
SUB00005,10,61.067396421806066,708.5157227720189,76.68680141228927,1.9256622205936682,2.5440246027330247,4.0,2.7594398398545343,3.0451731169894263,0.4425965361305123,0.5857663216724629,361.22068507482976,17.910131132572367
SUB00005,11,58.770166085984336,544.430036949928,112.60264783587715,4.31454432507975,3.4647333662090647,4.0,2.637793535927805,3.304466526476033,0.47115930162578457,0.2839422610469178,415.78609828228184,20.33512358154618
SUB00005,12,71.9494063966456,526.0547230104357,111.11598946768791,3.0375543414558317,2.0920657258200515,3.0,2.9048549644265336,3.760014971744035,0.5589411950698272,0.3223847346299111,550.3577838433865,10.413106748873728
SUB00006,1,9.86338068242877,115.55484514764915,22.35776919069629,1.5941165663751433,0.8745751398555718,2.0,0.6242032019328257,1.0,0.21450162514076965,0.5790066537826302,72.27819251454252,23.547174266553846
SUB00006,2,9.31615044891834,122.68518165122745,28.036892540930708,0.19377411119493898,0.9522497158456833,2.0,0.9766027624525945,1.0,0.37176662081597345,0.32270103867303873,32.78453618998999,8.601091575223576
SUB00006,3,4.62641155739377,103.901843742216,28.95042395967819,0.606271629845688,0.18723894461534152,1.0,0.8708073163657577,1.0,0.2111508488505344,0.5722330503957487,18.729205559265083,9.002133793938675
SUB00006,4,6.938198658481572,122.41855006214182,38.80906151587132,0.2316491196262781,0.4379896029203726,2.0,0.501154386293371,1.0,0.262358554385662,0.27172208728905434,32.95347580789315,10.580601143640834
SUB00006,5,5.973502884588931,109.8204259844654,24.574694838242102,1.3355099124597551,0.6599513011292788,1.0,0.9750305473122185,1.0,0.22089420049970904,0.48733292130793987,42.2687774163189,8.805074798798476
SUB00006,6,9.930135667612806,140.53629635488747,30.942414347917314,1.097384495742228,0.9475355996659923,1.0,0.8692553563433143,1.0,0.37472757202519974,0.5019238872575411,50.182982371859964,26.14172653819017
SUB00006,7,9.94835575372421,87.40264463116357,28.20150324700657,0.0,0.6674899231467579,2.0,0.5098832226713459,1.0,0.22912393890367877,0.5223529978904042,71.26785594080341,12.933607544522946
SUB00006,8,13.156797566550551,81.3195563481913,23.505622997976875,0.9024138787129521,0.20252240792418597,2.0,0.8506955506217162,1.0,0.3940241931548696,0.33928742585958327,75.6893320899959,14.409823233560324
SUB00006,9,16.99386660054144,129.37540705227275,27.00184338404266,1.333031220952285,0.44394288639597634,2.0,0.6611078369114691,1.0,0.34592970243698506,0.4712708750402018,68.05478700369278,12.884100015317765
SUB00006,10,17.26495191008921,141.672425880421,37.34974577339065,0.9100391104186406,0.4806076309423065,2.0,0.6201131380745015,1.0,0.26572805444093384,0.34023294339582405,95.22947348980749,16.199647764500863
SUB00006,11,10.16134249134463,125.79765530279276,15.225210983999997,0.03413292856480876,0.8391738662343244,2.0,0.5578520836547147,1.0,0.5494438060047664,0.31740678813081846,29.70954514528336,16.45600665093587
SUB00006,12,14.69916584229779,148.74324661044147,19.13992552043716,0.8137447971433084,0.8848490595063606,2.0,0.5559224011903385,1.0,0.22054255200323034,0.39822338813787883,78.09827872766127,18.015322981605564
SUB00007,1,139.92899453308462,331.21812157005877,54.416601955414734,4.442820447976758,2.8495538496309116,1.0,1.0,4.787463874631502,0.5828480301127944,0.5374307753092459,629.679914037237,14.430913644817991
SUB00007,2,132.54514454804604,419.66586384639413,33.597717401963955,6.8339397921077625,2.307051044109228,2.0,1.067518480187415,4.05280710140011,0.2502074976662822,0.4027108308929921,881.1260949935744,8.696767005598314
SUB00007,3,131.58052251775828,339.2578909010233,51.5200243405134,6.548262629448759,3.6383997585879606,1.0,1.0,4.257451959323963,0.5509315657734211,0.4264625115367848,855.4833893647004,17.29359275714659
SUB00007,4,120.3294756060563,353.6869342016406,32.97275870084901,3.7291303184869444,2.3506930229078438,1.0,1.0,4.990388457360482,0.30488450311624493,0.47873893899277514,564.6312689550559,15.858363533941478
SUB00007,5,138.6223314893111,498.78171795958224,35.519948030223354,6.176554697549014,3.4694502615611595,2.0,1.8285469248387858,4.7105327717426775,0.2606311059989167,0.2673106980011055,777.5812742179511,17.72384151244551
SUB00007,6,118.49656139861573,467.76479297060183,44.03057669725111,5.334472371388085,3.043836941538507,2.0,1.564095137047223,4.676652382509638,0.27643168436775795,0.25037361275796155,387.91778889421886,25.89022995437562
SUB00007,7,131.66625919114188,548.2910350425672,41.902293916966514,7.740361657141661,2.430356549257437,1.0,1.0,4.21409228933672,0.28966278823952574,0.3224448058742939,597.2913719345781,11.522765983461598
SUB00007,8,115.60533450626563,372.6206663653907,31.381760237530692,5.5073933662949655,3.220970134683577,1.0,1.0,4.929666620919555,0.2899324228707161,0.287591034701002,311.2047777439527,20.391385126206238
SUB00007,9,117.1019187896679,511.5908168061528,43.15151317215052,8.032475110048258,2.802529928372227,1.0,1.0,4.806190965444725,0.31813647746340756,0.5925219503651535,584.5537239210981,17.873441525412915
SUB00007,10,141.8764922747675,391.61591052334944,33.201315263694674,5.705584527772963,2.206566958214099,2.0,1.589331166127476,4.358672791527911,0.4134677509466851,0.4010316512905741,822.7268948455102,26.535387829779864
SUB00007,11,140.8247436313788,401.4057054831616,44.19835576071232,6.368693273761048,3.108798046759527,2.0,1.378592787559731,4.0946397682493885,0.3164250529655892,0.5030898307508851,610.4161551502145,12.290779451202873
SUB00007,12,130.1169925620311,356.8533961143414,53.18762149062624,7.102349938773779,2.1051519806461108,1.0,1.0,4.923900400545429,0.48159100990009707,0.25161657959516465,290.323799359822,21.60837611339844
SUB00008,1,0.5930085982461313,46.1812603449821,20.732994249871986,0.16187297674549778,0.18653029377902652,1.0,1.0,1.0,0.45996316135253124,0.42380666759619856,3.0948689063340598,27.30831906963471
SUB00008,2,1.9982951327299472,11.29393341921395,22.56294849311075,0.0,0.4054814511199609,1.0,1.0,1.0,0.39288457219762885,0.3987427849831355,8.432618034191226,16.35238585308091
SUB00008,3,1.5809920518873928,72.6701007164283,11.075932368198881,0.5528018133495323,0.26022872188361384,1.0,1.0,1.0,0.41733229631806146,0.38185690275620676,9.031082983803637,8.801900197455518
SUB00008,4,1.958607919560131,22.812868705483904,8.769486060246027,0.22996960205916372,0.4736598978648022,1.0,1.0,1.0,0.18229411200109563,0.4780843137772479,14.157708269928278,20.684688679334567
SUB00008,5,2.1013646498369036,3.7510859577580984,24.87085993573695,0.8205322370110328,0.3528985018147441,1.0,1.0,1.0,0.5243496408044322,0.5431165103257218,5.684246630073045,9.196486746345984
SUB00008,6,3.043701569067186,35.05978729509907,16.34896227098647,0.5071356126562492,0.03155858535193551,1.0,1.0,1.0,0.26441892073615814,0.5875306182120176,7.809274791789969,25.346060810023626
SUB00008,7,1.305496900954622,75.98375030815824,23.86764702555706,0.5563757319507429,0.2728378470405239,1.0,1.0,1.0,0.4319353292172724,0.4190284363151243,6.1859967343568005,15.726829144463636
SUB00008,8,2.000426260648826,0.0,20.597396877446236,0.6335155614751707,0.3061105042969762,1.0,1.0,1.0,0.5402944097558643,0.3265464791530722,10.19123971484953,26.723538632803923
SUB00008,9,4.202560630279585,3.768382610971871,6.266569574051162,0.7860666192241543,0.4562243981478209,1.0,1.0,1.0,0.47023344826954006,0.4662261179769541,30.19464576579905,26.97686214011568
SUB00008,10,1.4164939059205466,31.834112313334636,23.913873036489466,0.8139128827543465,0.2702383460853775,1.0,1.0,1.0,0.41914135787395734,0.40216591138316615,4.77623842855959,22.438135590253527
SUB00008,11,1.623691800410113,0.0,14.952954047307577,0.977637365238014,0.21833374466941974,1.0,1.0,1.0,0.31870642508582453,0.27338901414551203,9.024056520798839,12.559355444463648
SUB00008,12,3.1102073210869507,85.91233351808661,22.935107431813968,0.9923667069224092,0.41110677304690346,1.0,1.0,1.0,0.405174697698658,0.5496801513288125,17.99688080520464,14.953472696718066
SUB00009,1,106.49513441026207,288.66475093180696,37.09719279347199,0.7053484685792479,1.1178057641715162,1.0,1.0,3.7472698001920697,0.607875154747126,0.3454052740955621,283.73983763338003,27.120933190452583
SUB00009,2,101.25742213608585,208.49126577352774,41.48476698102234,1.7759095637535016,0.2627708517840055,1.0,1.0,3.1474259534855857,0.35937188085066896,0.35791662138349545,279.84080272465,19.004793838165153
SUB00009,3,116.38804880440671,237.6640143928186,37.4397038685734,1.72927650975216,1.230835623959791,1.0,1.0,3.467484539428572,0.4068240089661773,0.33432449074500925,757.7658368657956,14.276935442232931
SUB00009,4,104.0186024926683,239.58045565357307,26.078185240229057,0.9180664851599897,1.395005021032076,1.0,1.0,3.867172276606706,0.6495318549334634,0.46473076965544124,763.3589048022309,26.17216493111284
SUB00009,5,120.64683726939614,163.30260398509003,29.31601899848774,1.6246374563534718,0.8522510269370468,2.0,1.1086571032622623,3.2251776661055453,0.5672019915838522,0.5467429035282791,961.4280446130232,25.458240327741684
SUB00009,6,123.66914505120577,219.2859182708024,33.188981945781464,2.3013804360394934,0.8355026728221753,2.0,1.1697999737727076,3.1951855298186556,0.273178137815252,0.5822527330532401,546.2809505586298,24.682417840042163
SUB00009,7,116.41727989839863,195.0587769783518,22.941351318586122,2.6766155467217434,1.0165629216817043,1.0,1.0,3.9645188861392016,0.3558390421384633,0.4004849674650167,534.9482930703081,13.060694998593672
SUB00009,8,120.36727099844359,196.1190111799645,21.39224803197007,1.130161310561096,1.4911166586785678,1.0,1.0,3.518914642487084,0.5739762945779483,0.2811647017762686,526.1744420587243,22.941516012597727
SUB00009,9,108.98088770105844,180.52587350910602,29.382512244176734,2.8029618906337355,1.0356029317732522,1.0,1.0,3.9233469677258124,0.34835023480202343,0.5054353362060033,711.3660780324316,9.955759948908861
SUB00009,10,110.24995741020514,206.52567590701128,23.68289122524195,2.8030529900044305,1.2040809079325485,1.0,1.0,3.2547283501174675,0.30401523842249445,0.5803294288362989,486.4544305625122,12.493789490917475
SUB00009,11,123.25981504445849,169.7865222098541,34.1775102106851,3.1238974223396396,1.3760933838992133,1.0,1.0,3.050535988650058,0.5969694157930334,0.35703008005849857,704.2447421175232,23.1993376740146
SUB00009,12,101.93577348658671,288.73983151810273,28.236682454416744,3.2427259746065857,1.1171563917251313,2.0,1.749352861699006,3.287854876048154,0.2971375603623324,0.333418485276721,511.43722098183855,18.105538445861917
SUB00010,1,49.28138122194789,341.5201938175302,48.30816747477603,11.189452533372691,8.84250514251533,2.0,1.9841852649479996,2.352050674239238,0.4052894211705348,0.4158764581733273,390.2973268360932,9.8761564801545
SUB00010,2,38.38132872997982,246.0153610781743,43.39741069730895,15.98620717155617,6.205281430650461,2.0,1.3368565438332687,2.606362840215535,0.4133923073573168,0.5403583931799967,82.3933920296619,12.403157823045994
SUB00010,3,44.07256905249238,288.8990758022038,42.189655921150965,15.399928354461688,6.585744941459248,2.0,1.7497057510446368,2.2576126161820365,0.496643532861469,0.5111237926357777,322.35695192181333,12.31849580862532
SUB00010,4,40.649933441195415,222.13014620987025,30.951374672415476,15.935283806100337,7.542241416040739,1.0,1.0,2.4761338210904102,0.32981289644940837,0.47415372423627444,130.45416689703083,25.761173900297393
SUB00010,5,44.94338213702094,312.7655552671461,64.03211867767592,15.674073730000806,6.3286521908138065,1.0,1.0,2.1201106301013843,0.17852181367393816,0.5964380742217057,109.85718085707452,10.650841619028272
SUB00010,6,46.782828860971115,353.87281696217883,60.87612746151318,14.228985972307719,7.850998775045198,1.0,1.0,2.4676524524502126,0.21788564203942426,0.5288001054309419,166.74442003582743,11.07063092674095
SUB00010,7,36.12569711243629,274.22051236961374,59.974337072950874,11.02994534117637,6.230661865516121,1.0,1.0,2.2950192087123953,0.3775335221537276,0.351441939847322,192.39511332732624,20.43724061308681
SUB00010,8,42.30775086258054,207.17009228235904,53.61626247330781,14.539427403225616,6.787355369656611,2.0,1.086711483643199,2.2223679278968107,0.3263850527192147,0.5100172084503287,144.7928814773592,24.594998202498232
SUB00010,9,42.03142749954899,317.5850171404354,51.69017862828741,16.05434258215808,7.114630152433164,2.0,1.0718503354862343,2.5156874385219723,0.3426366356824174,0.5725897444831496,208.51957133606044,17.36641069388662
SUB00010,10,49.16046799903022,248.57736392545505,33.33156384179409,10.81909186521501,8.076970325192885,2.0,1.0321490878028503,2.569982903594033,0.2117132501653904,0.579376699667644,147.68738625305272,20.53278435394963
SUB00010,11,37.6035354220284,280.69008499306864,38.07376938647502,16.2953407972672,8.024372590851412,1.0,1.0,2.286892413563455,0.2501732346927553,0.3420049662559239,206.61895966315774,27.87045046291686
SUB00010,12,51.64728812495217,292.72846187779913,62.65267104587268,12.266589084559952,8.331348218646049,2.0,1.4398090424804666,2.9856211015120078,0.6440186786883484,0.5671373837678135,350.72072655925945,13.382610014456116
SUB00011,1,5.725193315957559,1467.1679976155342,53.341997059134215,0.9936788178681865,0.28306831504337887,1.0,1.0,1.2278677865528338,0.45373644000895497,0.4438933940359008,12.177120163072889,14.327229146734304
SUB00011,2,2.491398436794261,1375.242187628213,42.19739956790677,1.7381173432346806,1.2731881697041332,1.0,1.0,1.4446880280107457,0.32714060849276105,0.2751289998260161,16.98265108145926,25.861049695065052
SUB00011,3,0.35864443865111995,1737.0645377825856,46.001583129928406,0.5605668010358453,1.0872252333703096,1.0,1.0,1.4940636036617772,0.2701087648570107,0.41703151849152875,1.4912427732649833,12.488317853493726
SUB00011,4,1.6914346795226054,1628.79286565644,57.56714052823739,1.8271938820402085,1.1649726538330738,1.0,1.0,1.1027976961447494,0.3400089776017443,0.461192085120663,5.875022843977013,8.85103635293553
SUB00011,5,0.624937832035978,1442.1760297992494,72.97662170733972,3.0106885365240306,1.3943593733508326,1.0,1.0,1.951928790080908,0.15482074520637007,0.5170567538718618,4.887769668470123,26.118044376355567
SUB00011,6,8.71104860952431,1203.84552833885,64.55313023236046,1.8429689405744667,0.8577629647816637,1.0,1.0,1.0750173073515423,0.4419123068175168,0.5471424479186988,42.116282919500165,18.196607321140988
SUB00011,7,1.6235971095015511,1653.719153890293,46.9922954493202,0.7075992330399957,1.4138526004715068,1.0,1.0,1.859561133418898,0.30128020920387244,0.5481027639633815,5.601730830902209,20.373212238726353
SUB00011,8,7.409416710068337,1584.0434008857426,46.02393148972014,0.2800152284721207,0.5096039216235455,1.0,1.0,1.7537706796439556,0.2640489601660755,0.36726640712679715,52.41566904522739,18.401438245229762
SUB00011,9,7.017918942132637,1768.6243930870014,44.63595461276998,2.7050711528509175,0.21245845195935747,1.0,1.0,1.0473725067294897,0.2646375059655253,0.2989256566644538,32.60851177381515,16.287075439887225
SUB00011,10,2.871771148506453,1245.9515905840008,54.94872011529405,1.8341282333518563,0.020666032941075496,1.0,1.0,1.3940719741684673,0.47412102210938656,0.38224317546748837,14.883376350396018,19.870311848843844
SUB00011,11,0.0,1396.2230135651787,44.01149593981001,2.612592309927031,0.03340323094440001,1.0,1.0,1.2848075886498895,0.46502223394528674,0.47132426776820546,1.0,27.620096227075457
SUB00011,12,0.0,1533.5308225361168,53.45143321709447,3.1493784930214006,0.6787618972865761,1.0,1.0,1.4797985027551532,0.541218298315192,0.41620689276649636,1.0,9.03442983332782
SUB00012,1,53.18653333414472,775.7571338358891,118.26810910813967,2.766037093847878,3.2190615836186502,3.0,3.0,3.389889468872609,0.46228931642409365,0.591784473245301,165.88346650505278,14.028012734403713
SUB00012,2,51.73575304078803,512.4232931996573,70.87928752595114,4.069846355570731,2.2104356682423996,3.0,3.0,3.466509263138343,0.3945195595410732,0.5484179516638075,281.0132839997609,12.276616425559956
SUB00012,3,77.5297057368326,443.8670669529545,67.43628326645266,2.7728053470716905,3.1138884487080714,3.0,3.0,3.7135866099074173,0.6471231829081779,0.369538391770568,230.81673444463792,18.38334469828643
SUB00012,4,67.99719697670825,661.9955245869962,115.66010414725329,2.7460574157620736,1.716498882949714,4.0,2.7739061686060453,3.0328099994977284,0.3617419248774917,0.31752960777271877,290.46536464703,15.703354747119384
SUB00012,5,62.288798554118436,484.4015411096749,72.126858009388,4.428186053931378,3.357052350114658,5.0,2.8145815690358424,3.7739394386376564,0.5559026751730595,0.5454953251538556,459.25702238808327,16.686984964505914
SUB00012,6,77.19735059564087,542.3801096199663,65.66049015837933,5.027402206943514,1.6865418106486545,4.0,2.5341794109282603,3.7701869494441826,0.5696891686636221,0.4608435885820067,551.2788137090921,9.957665604297194
SUB00012,7,62.866078302291015,474.3134235973198,75.91280736675395,3.1466386792241883,3.25882346697537,5.0,2.925970964812849,3.3278077206939862,0.45100481973405837,0.39621015022699385,222.81208451678145,18.053586495921337
SUB00012,8,61.30793784940469,649.4429097465885,109.43474166304779,3.1293762562668803,3.0694440417027025,5.0,3.338136554830304,3.1421039258516426,0.46058403625400546,0.309492482418525,423.5988657881383,19.68324298366592
SUB00012,9,63.339076734067305,490.60810932022326,103.26243328000353,2.0448970005725164,3.1318024309261885,4.0,2.75855717814874,3.662924451536921,0.29747094683153796,0.5779680007346775,466.70584722849026,11.719488397514183
SUB00012,10,65.46441219081053,683.8407580739799,69.3774793176585,2.518600781430707,2.4647520092582287,4.0,2.5877593827715506,3.1140191913345507,0.6218528750896897,0.5816225657656747,254.5455806086949,15.103297739877437
SUB00012,11,70.46044975283762,514.515743497172,75.19845604233862,4.204168215872345,1.577502663056859,3.0,3.0,3.0940212021688303,0.6299405519663454,0.5119800634125834,511.3739995617095,10.729411080890218
SUB00012,12,69.05290163164959,641.1736129741587,63.63784453136431,3.1255668587399734,2.2718425829264297,4.0,2.7618963745647354,3.6269523404322688,0.405261533831226,0.37088418760932224,359.3122020850691,23.437210816878515
SUB00013,1,6.85487618428822,150.59320992924125,27.872966144077708,1.5435746169105722,0.4583762911615126,1.0,0.5632818960619801,1.0,0.35307079898471116,0.5032009789320502,49.46595846416979,20.578960343255545
SUB00013,2,7.999376807286647,129.58863342074247,16.0929058704865,1.3391336769041715,0.8603458907817834,2.0,0.710111239516219,1.0,0.2856094503679306,0.49632219308907854,25.80724765245508,9.871658906767454
SUB00013,3,10.420511111887063,83.93206243387047,44.162105313926574,1.4870396760842148,0.30762848542413035,2.0,0.8642409334509658,1.0,0.15194293511091161,0.5053232807513427,80.16751940467705,23.13006095454621
SUB00013,4,4.229954224616445,92.30319488832549,30.651426425575206,1.4445722358331654,0.8981200805010945,1.0,0.5393716449414585,1.0,0.22228247830672376,0.37324216587393677,15.75589470486575,11.490742632535767
SUB00013,5,7.388445845943447,160.02785853230472,17.009340393959697,1.5022493108925954,0.2627295964148335,1.0,0.5990588707060454,1.0,0.3491993163172627,0.4531534040209957,31.477820899688602,24.53524719789894
SUB00013,6,2.7835964741780215,143.85368342712047,26.08714819070273,1.5977442385629397,0.17031908811182894,1.0,0.863940445999261,1.0,0.43949811607673506,0.2732393976651461,19.973103044515778,24.710603962221832
SUB00013,7,1.4815245726752528,63.29103278793029,22.041104671556873,1.9911150703340803,0.7955255262286021,1.0,0.9945459697499512,1.0,0.4822815754983726,0.2681124109613597,7.20893948073324,25.72669647866047
SUB00013,8,7.588527114058368,101.61119953062651,25.997431904971513,2.084831667517146,0.32689835187698935,2.0,0.6254264458275611,1.0,0.20997659117362427,0.5552365057012508,42.59225021308653,10.675728511877109
SUB00013,9,6.666414272799026,97.38999406816099,15.258517714012562,1.2260861707065078,0.9871863320416938,1.0,0.53593108292048,1.0,0.4524301129712952,0.3757215390437082,13.770200830885283,19.90378704250852
SUB00013,10,10.027052092419398,111.94768002350408,31.657668597001685,2.544877484182768,0.7530732736205097,2.0,0.9028863491711507,1.0,0.3723509619503045,0.35409418568275297,39.894755265326104,26.638887384599926
SUB00013,11,6.082427477602948,117.35272751958293,29.61346259749265,1.7810915654517394,0.5276363606044822,2.0,0.5619218409716854,1.0,0.4561284895754546,0.2839270896262598,45.02011245871548,22.51401941445071
SUB00013,12,0.0,128.43414153712948,39.84593557468008,2.7452400583083856,0.3224633185817777,2.0,0.9784857923153898,1.0,0.4157379473737015,0.40299481476993027,1.0,27.95334784677272
SUB00014,1,123.51339048923617,309.51904858465934,44.57445655163902,5.273854998451026,3.4404320580053276,1.0,1.0,4.537507662537204,0.4924785715551243,0.2854176783636663,449.4577238543929,18.547995613162623
SUB00014,2,135.21766748234407,345.3443993390456,35.543449690927474,6.114393013220064,3.186912545179947,2.0,1.338591443210814,4.446250021161309,0.5956433415261382,0.5031621158385048,692.1146001415917,15.36464772496742
SUB00014,3,110.5053874190615,378.0740000610374,53.60359117690686,5.317584517835055,2.2115002749230284,1.0,1.0,4.772505806022414,0.5710819904507516,0.28878726939454646,624.5718654606003,27.181921267422215
SUB00014,4,121.2304424651619,529.1990174610017,43.053536180225045,5.355460340435928,3.6389015110892746,2.0,1.0338777951425566,4.683014956448998,0.6301985079210825,0.5402026716210127,444.0900040597861,9.066501698666812
SUB00014,5,135.3749666575912,430.876584792789,41.565001517770206,4.450029109487701,2.1935057967221923,1.0,1.0,4.2266986519147105,0.469445623728883,0.325295926327396,403.3145303269809,19.266324833959246
SUB00014,6,118.33881625466117,517.0889244453803,52.8358414953266,6.532973881773169,3.2625718346121704,2.0,1.6392126599365016,4.690495551217813,0.25659288023846283,0.5853324027062274,652.4755680660044,23.629316788048435
SUB00014,7,117.97795454893644,423.68353545032073,40.92473220778629,4.429518645568585,3.9398637660996174,2.0,1.2939604709245711,4.543309176235957,0.4497121027896591,0.47530916289849556,908.4315033591511,13.704421709877348
SUB00014,8,127.42196893682872,374.4776543923077,30.774869712028362,5.6914106869068215,3.493463429676093,1.0,1.0,4.396065251278487,0.266501213002625,0.28498314952107956,755.6091597177477,27.911105991715527
SUB00014,9,105.65786800222993,502.1498251952455,43.630122530566,5.542027873044533,3.717932499386861,1.0,1.0,4.836199750957776,0.2806961706238789,0.3181198740617228,213.78441923037428,16.905134110720816
SUB00014,10,114.70679634791621,412.870412033442,49.19152581746854,6.652757967166854,2.248820777453048,2.0,1.91331829683228,4.088734493007889,0.41274233575633057,0.5798766167317184,883.6999028892185,16.22406354097785
SUB00014,11,125.21812199155613,472.1305898319706,33.60392872303396,5.3148620778607505,3.3321045985382973,1.0,1.0,4.4928378000687825,0.5591580348379431,0.34489826018228165,621.777930153195,11.949641037265563
SUB00014,12,131.04153663305922,516.4076634045311,53.989906551487366,4.213524835551533,3.142426382703995,2.0,1.560373895967873,4.342602356650278,0.36542120278438084,0.33446001829213506,326.8920156663314,17.93129794294375
SUB00015,1,0.5861656867143221,49.188162735174586,8.96765926563056,0.34526738202275337,0.28743452101386713,1.0,1.0,1.0,0.4417641838397217,0.5295624397166163,3.509654304297541,24.926860339799386
SUB00015,2,3.482476345141465,44.172188180772096,14.05740331424036,0.5128008574368788,0.2827329581381188,1.0,1.0,1.0,0.30862108913153896,0.38792943129534035,12.104691153498814,17.83220668594909
SUB00015,3,3.1952725486671985,0.37519110931590305,14.34546735784669,0.22927955800420274,0.19932241042670756,1.0,1.0,1.0,0.3388577804082585,0.5362423584853282,20.685836441561396,14.827569883623855
SUB00015,4,5.192296319975542,17.867990137618197,10.706239871984275,0.6083946533874097,0.3357017620865159,1.0,1.0,1.0,0.3025230153825738,0.5565084700871227,41.131644941979786,25.497016976103264
SUB00015,5,4.279346806664526,15.44223715491692,22.414667466357276,0.45784288844749854,0.19393201254131026,1.0,1.0,1.0,0.5069937348838639,0.33048180623652135,12.933679776933314,20.856075286671633
SUB00015,6,4.700172695384017,35.6185653649192,22.211271105472644,0.14155626472339228,0.4954362390011023,1.0,1.0,1.0,0.4729789505640619,0.3743485388434719,20.972396896072325,11.358759611977273
SUB00015,7,5.366093763885895,20.232617173736465,22.85809990725366,0.0,0.27752114252627386,1.0,1.0,1.0,0.22260924324387749,0.4353688343358193,33.48536698570678,19.505899052570044
SUB00015,8,5.392345934870168,25.78280824147727,12.211302215517009,0.21259862888683453,0.0933310518477149,1.0,1.0,1.0,0.43960490087373927,0.5430842174068988,13.398427642702691,25.641554188762086
SUB00015,9,8.177692962600988,70.95059750123879,15.501864666897276,0.24743777756250776,0.05026100070835421,1.0,1.0,1.0,0.3281061863997552,0.48637056473666596,57.62591571839884,27.820004961529772
SUB00015,10,6.3166498475926645,86.79457924276366,20.081811203711467,0.212786468415057,0.2570240980194324,1.0,1.0,1.0,0.19132914308339669,0.4732265140471022,25.951735500797135,12.332668764117448
SUB00015,11,7.61965419525557,40.378385533220055,12.708284628828427,0.2911938297253851,0.3699155470192522,1.0,1.0,1.0,0.40070642573086424,0.3736513423029314,46.30396275399819,23.407907663626542
SUB00015,12,10.43471919157953,32.993390807253725,7.380482999643371,0.3445287475218021,0.3655149365742053,1.0,1.0,1.0,0.4992959745415524,0.4927268985246212,23.370419291655175,8.56584611276229
SUB00016,1,108.54913277576975,210.17975649191754,16.621629348557974,1.6691771583531088,1.1086119435246187,1.0,1.0,3.7363540971470224,0.3387816158243796,0.40792535295504295,518.516805648896,24.52821099945418
SUB00016,2,115.41375632023876,253.40479957073558,26.151337794886018,0.05077240980027574,0.6494973227547207,1.0,1.0,3.209427281459429,0.4851287718276117,0.3313935553212865,275.29102112955087,23.350148319617965
SUB00016,3,106.43668790340148,215.2770628188592,24.625106878194515,1.4562387923674134,0.9913022938871991,1.0,1.0,3.4144272711081407,0.46011326542907327,0.3612028171832528,279.4496622111425,16.297040110523305
SUB00016,4,99.69676520009459,229.88864542423832,16.086669931359108,1.042635753722275,0.03039169230620875,2.0,1.1184852523548017,3.216794145731445,0.3598280973843673,0.3904572173837687,515.8546275657633,8.019799878527722
SUB00016,5,99.06163040841926,252.12797319734017,31.45193208104154,0.6045559477552929,1.4120503519053702,2.0,1.1465468265101406,3.9812765239932726,0.4970640960679984,0.4636014830963477,784.586856197722,9.768775385493095
SUB00016,6,125.48081953276011,260.0591885324332,26.518554404315346,2.042177027963912,1.4956035166143653,1.0,1.0,3.9679067314833603,0.2730404201515899,0.5730025270238167,678.4582669112893,22.087937579549045
SUB00016,7,99.54214165420652,275.222711480863,19.649555343181703,0.8676159900133945,0.05170648924914417,2.0,1.0074829961067666,3.16104568281994,0.5196577203572538,0.2709967921048719,551.3380320236855,21.68000207122112
SUB00016,8,115.7491675471402,245.11047562002898,21.229115162817592,1.3390848716187531,1.000249928535675,2.0,1.3215841028694513,3.085886209437573,0.3478508531036115,0.2539153635804069,916.7051068979686,12.449645042574799
SUB00016,9,119.53228060668104,197.57672394236585,24.732169924248154,1.9999667849605585,1.3129417254762727,1.0,1.0,3.9133811065621016,0.4571514302674313,0.36773338081984736,351.68225607188833,8.236181763580092
SUB00016,10,102.77273791676677,269.729329231151,18.02284563364119,1.4573112836073148,0.8144125586586111,2.0,1.2834655502433576,3.5738453020245977,0.32332726474781615,0.4141967029402409,606.8600259238611,10.563641463656081
SUB00016,11,123.87264670260106,290.95394232062216,36.30002823667637,1.722272974981779,0.9204081525703862,2.0,1.6062506194501416,3.066352803770581,0.34651738067581206,0.2712475146106691,655.6982437599199,11.20676249885736
SUB00016,12,113.829322589059,296.02168697581726,31.46863598083488,1.2426552638897752,0.9826708371371473,1.0,1.0,3.0980798270909324,0.5816884564812477,0.45793359543291573,394.88854521277386,22.913500013205997
SUB00017,1,33.2271343243187,345.7662203213329,61.12556477685247,14.812445218378999,6.114424210533803,2.0,1.0915598343705688,2.326162642003566,0.24386890618463766,0.38763754704023334,214.44778966559852,17.48485162850773
SUB00017,2,41.1747601383623,231.84660752840142,60.08881054346955,13.637382336465809,8.15962392694235,2.0,1.2538910879223857,2.230103154057339,0.5441458248672889,0.49713450383746605,234.97264676263822,8.099699305889459
SUB00017,3,32.313896612770854,268.8299323046957,56.76534766996153,12.62065679383325,7.5701035515541335,2.0,1.8865579136662785,2.0975447067729824,0.40937926823505855,0.5239933542695245,183.78972418447495,17.91069608305086
SUB00017,4,40.52087803439506,248.91364424122676,50.92227692205134,12.976503343408838,8.531237328578321,1.0,1.0,2.409701076548995,0.22277718211070105,0.5060694554005817,190.07329136226903,8.325142197854369
SUB00017,5,47.171105527623425,324.78739234064744,61.738253876194264,11.836868103536958,7.435231236822377,1.0,1.0,2.659314195916453,0.46236759641231195,0.5163335428309512,183.8565662131348,12.105197009304044
SUB00017,6,36.5938821507021,357.2627691653706,63.76034215527089,12.988267058840686,5.334248128593913,1.0,1.0,2.169940591361067,0.5312815098034595,0.31839685594371786,283.83223647498363,23.216776806424143
SUB00017,7,39.28741738711373,276.59131589597274,36.534224139844284,15.809072756217539,6.020746049174169,2.0,1.4512989183433054,2.632446234690786,0.21379722870434245,0.48566490759068426,142.364406763531,13.456719533529146
SUB00017,8,29.008059739058123,293.36637866966555,36.66468266332223,11.211484016676485,5.5155096186819,2.0,1.9439471258625964,2.426795621664378,0.5104421252602708,0.28441080689405257,65.49282400508162,22.4273775502768
SUB00017,9,41.879234185140824,213.5985770977083,43.17885564788036,12.101278423052083,8.984063020410108,1.0,1.0,2.7350804442618672,0.4346868479687186,0.5504520697756139,129.94089517953597,8.016492336693707
SUB00017,10,34.980049510867694,225.17050016343316,41.6112259360728,10.585998460661703,8.664105019329776,2.0,1.982230697473585,2.9643670083303997,0.2070285129308455,0.5002235060136668,196.05720762995293,21.812941462103073
SUB00017,11,24.64820049634632,206.55370194234388,64.53068765471818,14.60384986089588,8.938340166173123,1.0,1.0,2.364678290378796,0.15174544860588615,0.4275319621462872,187.87080265078626,13.146613743899664
SUB00017,12,31.866748005261123,238.82655911756328,55.44538170864744,15.524491672010294,6.153274271241875,1.0,1.0,2.5534313698869835,0.4299688680550591,0.47675711830977463,137.92952363709264,19.100204918798106
SUB00018,1,8.183882846556992,1755.5537595842072,77.1295459244866,1.2578871240963165,0.09385667376923906,1.0,1.0,1.3517023908502634,0.4305083228437431,0.5267270823101733,45.34918344342925,10.928723491139591
SUB00018,2,6.44779194144006,1210.586820635586,53.22402216563911,1.0776172307031404,1.1398895963911355,1.0,1.0,1.8078339097062819,0.42087038466532944,0.31819319026848714,37.96823280867238,17.670232820073622
SUB00018,3,5.792679041747292,1487.0536065077163,46.570135490170664,0.7387157694485509,0.4272970356658351,1.0,1.0,1.8982504451781437,0.3751863645339554,0.5717059646266591,22.009570380018268,10.29669348863898
SUB00018,4,4.60853210715456,1678.6225295533175,58.902940436282876,3.4321553575610135,0.4063805900794687,1.0,1.0,1.8040011602630677,0.19057402034176837,0.35806197097605175,24.848740959777313,8.859502512937977
SUB00018,5,0.0,1233.5583245571313,53.547825336830016,1.0791164728716964,1.1451169405988693,1.0,1.0,1.959681219174127,0.38790500139004147,0.47458114187713996,1.0,22.082377807091618
SUB00018,6,6.06189107820617,1531.3971336677444,44.21030375132468,2.7135660816977616,0.4134525766250524,1.0,1.0,1.6387309128973808,0.4013906520819672,0.39736921954849924,15.403458355127515,16.667478329188167
SUB00018,7,0.0,1574.7048280684053,59.47928329219981,3.688926684217015,0.7454693406901918,1.0,1.0,1.9425092633198067,0.27766958870693187,0.3395786786582603,1.0,22.373793430090487
SUB00018,8,0.0,1230.6893767160998,42.86258000247807,3.634224157363708,0.8190811001221197,1.0,1.0,1.0639725424082733,0.4449841780767262,0.28562509606215614,1.0,14.224462184084476
SUB00018,9,0.0,1603.6546856195196,64.17229215195685,3.6048048828967354,1.273158127590715,1.0,1.0,1.9441456466604659,0.2599883495348466,0.2591705194657276,1.0,15.333751225148555
SUB00018,10,0.0,1704.1595947207622,60.83082431836675,2.1126930097544365,0.23640226993271757,1.0,1.0,1.671887585765492,0.46821008043630663,0.45636869851686074,1.0,15.854201171218476
SUB00018,11,0.0,1227.2790745908815,59.81965365074729,2.304378301186304,0.7209137227391815,1.0,1.0,1.3180641471086796,0.2884857821444366,0.45480173757445613,1.0,14.293998272742662
SUB00018,12,0.0,1581.1986791392935,57.641675187015736,4.015591398107006,1.2827459197263205,1.0,1.0,1.4243364289230116,0.15405173493658353,0.5703889279813712,1.0,27.0853655352123
SUB00019,1,67.26818455058074,683.1780766907207,116.67177995115756,3.2916900010982957,1.7765740029882142,3.0,2.5283437705713983,3.7404453547781267,0.6207721450238667,0.27617353697957225,179.0020026580325,21.839141968994173
SUB00019,2,69.72075529213723,747.4053805907848,114.43184240019676,4.659611761949718,2.5317977924888426,5.0,3.0059755039111327,3.1008113778017803,0.5135384593893705,0.2968920267301527,353.277700767093,9.087639483336355
SUB00019,3,57.439789441733964,663.9861477270304,63.43817727243157,4.921604035727742,2.1845381485760456,3.0,2.6541908821896314,3.52866241856311,0.28454386980063867,0.5574652543885957,433.4256338653011,24.432262740228072
SUB00019,4,65.57608885358528,788.5871342574026,93.71645541607066,3.391349232561275,1.514170708339896,4.0,2.764033702275614,3.187858548192681,0.2661727725572015,0.37752655176646394,476.9882229580705,14.733416151947447
SUB00019,5,69.10714509197588,546.1865077868979,101.51277958001694,4.183352192308173,1.5701815318456163,4.0,3.4375652587729473,3.9023032049180273,0.2581771932571003,0.5271465514268758,325.2786565179894,23.791164080013115
SUB00019,6,48.83632389019083,710.9481859383656,97.18287607287743,3.376297567424567,3.4335279272840653,5.0,2.947125550243837,3.5523327502406996,0.31380093474575554,0.4434350476090949,224.3546841932559,24.534298392043734
SUB00019,7,75.54345756391088,643.4009297364031,102.31440352751028,5.088127837208286,2.8999620436445226,3.0,3.0,3.2086453325559985,0.44934981880871905,0.4558939941117805,152.21006391508473,25.11925017627364
SUB00019,8,66.0157945738313,726.8292389109931,105.49797260781821,4.204807871257433,2.3280551642647245,5.0,2.5006423036998737,3.6448731146778623,0.5372703168511747,0.44848827792107726,328.71593830631883,24.198729474234167
SUB00019,9,68.13158022666931,806.3538980650675,119.27633573474549,5.876384439479366,3.010743082450615,5.0,3.0433514174237577,3.765376522394327,0.4583428634822271,0.5538836949419802,181.08933861197914,15.618806960972682
SUB00019,10,61.80929035883084,492.9609395647742,110.25703757132922,4.512859763095058,1.5329825179552998,3.0,2.664378725924444,3.705125945999222,0.5681293850111006,0.32990384795998695,343.2308010976818,11.08889286970772
SUB00019,11,55.51316952703402,652.9499144178375,73.51486825077042,4.050067162009274,2.4601601503890858,3.0,3.0,3.86368203942187,0.47127945261511495,0.37041300889070383,283.9696595553739,13.849354096131275
SUB00019,12,69.17264006852203,754.069354188626,90.859159986881,5.529852788454234,3.3090127008388945,3.0,3.0,3.812190551851192,0.5942933447459479,0.4190177413298749,485.8139287598757,14.135481671544103
SUB00020,1,6.2317150480491605,126.44372937624047,22.700276764265027,1.6524596927739625,0.7657391075150608,2.0,0.8612389115837352,1.0,0.47028518942181075,0.3866562786389359,30.56831395654539,23.587150895716107
SUB00020,2,5.781766054385232,106.10837254385447,17.6040133005217,0.19226861373406168,0.869457123234689,1.0,0.9756399738033088,1.0,0.26473422187206086,0.29550874825626605,28.950775835413637,12.400966409532156
SUB00020,3,12.226011863242311,56.94635672821124,20.96870134779585,0.39349651992471096,0.3275120783131492,1.0,0.801278382762851,1.0,0.29620131928854293,0.3059084636679482,47.96881103055842,27.28565297408216
SUB00020,4,9.207519471820525,95.13387574029885,35.053307121173205,0.9245474083382142,0.6724395722167903,2.0,0.594884068605384,1.0,0.5360568468229596,0.4596004295351234,41.379517446611956,19.780416418204354
SUB00020,5,5.121635506647056,99.08633880510664,31.031353297908318,0.3830690094123094,0.8158333553266057,1.0,0.8779388654129404,1.0,0.30573360223666,0.33647365554825165,36.64566503154029,13.946590522130641
SUB00020,6,6.58999664798835,93.7758338906819,17.488086686045193,0.016776081358098216,0.057290746722285846,1.0,0.9541728377707981,1.0,0.4217803333183765,0.3341657439333333,29.77929443686312,12.2244198887593
SUB00020,7,5.751255350102881,145.83710267798898,33.32473651397909,0.12525430614647998,0.7906735916446096,1.0,0.7857579006726381,1.0,0.17133385668297102,0.5082500134761427,17.40341888729459,16.514250474938343
SUB00020,8,10.921147789106126,107.22651792762183,43.56857722650955,0.8356005312530304,0.03891082077421493,1.0,0.5461288204676863,1.0,0.45078020330869717,0.3982548719031752,41.46179868610293,8.947684676351972
SUB00020,9,4.118533147885188,130.90970353443896,16.824896025040843,0.0,0.6700931741485705,2.0,0.9337989327865963,1.0,0.5468988829252996,0.5140263740560773,29.29543587122818,24.64732716930002
SUB00020,10,13.656209685081727,134.6217003768836,34.14861071737631,0.3153076357069762,0.4313596028715073,2.0,0.8996772875285695,1.0,0.24956827970296752,0.4983668284600693,89.33232761776823,26.725569856093315
SUB00020,11,14.078348834128247,105.44149741563842,44.24888107271313,0.14562046947964585,0.7957950048053125,2.0,0.5944801921098434,1.0,0.35430259469940595,0.28154794371339337,88.72339921876848,13.003421056100592
SUB00020,12,15.696188052913092,80.88042451879444,30.345934099129423,0.26617934125138043,0.4646025871930364,1.0,0.6308274578164721,1.0,0.5211391607311257,0.30777751073073434,124.45599404165208,14.538389103844494
SUB00021,1,133.76463126633152,392.66977203599487,45.766163148758004,6.601962538958254,3.3613675513308108,1.0,1.0,4.7044582880334165,0.28130360307342805,0.5153073791026074,1039.4846878139062,9.69949506251477
SUB00021,2,133.79309305032382,353.3085364576188,53.19645563657471,6.700857221041043,2.6980084511109013,2.0,1.2215584993859303,4.3247706286344805,0.2593164240018773,0.3037325883259196,719.0010003300962,21.061801326083653
SUB00021,3,128.52656397066724,400.10639322679594,30.389517501063125,3.43246547546764,2.356413712960931,1.0,1.0,4.629585416472596,0.624273455759217,0.5293589019890582,694.8835851668964,10.751126949864226
SUB00021,4,125.12919624314455,409.6907561423272,40.69534523407354,3.827079240930029,3.681888934597559,1.0,1.0,4.5383447993330135,0.26243367200321216,0.5030268995421724,659.4180556603907,13.414821013277738
SUB00021,5,116.59486929264143,462.55191633694005,45.523043492710194,3.8750528654596352,2.5806185134153408,2.0,1.0399419250864692,4.795027407296155,0.36319181634452513,0.4888959277013749,682.8205829224434,21.052560982826108
SUB00021,6,124.83513504088991,485.2656086250655,35.906689431958256,3.5847527074038426,2.5553958609264185,2.0,1.390960613928306,4.603864560938344,0.3379560170940247,0.5315021530568406,577.3897311789984,22.124882233664938
SUB00021,7,107.41670156787944,310.7226483609851,38.59275192492674,5.866192480730053,3.1276117960354535,1.0,1.0,4.370628261505633,0.331475739632072,0.28903247039000934,292.09553007439774,27.980800350111064
SUB00021,8,117.79339046085597,525.5616614356827,40.46465313886334,4.886362168039584,3.425772582864202,2.0,1.9744420389841033,4.039319383033271,0.6447568810152032,0.5472870430979536,892.117678230761,13.095448481950733
SUB00021,9,108.40613748268731,427.4501261419492,53.115479462080444,4.295753961404713,2.800133112835752,2.0,1.1433500702095385,4.810291341211355,0.5319493871888475,0.43562075616379814,460.3149000133321,21.36988580648701
SUB00021,10,128.40973444236963,453.37396128097265,42.782648835317374,3.890636092038788,2.7727478725293278,1.0,1.0,4.518701728294617,0.4679400134757843,0.4811614008586599,588.5035927927189,12.356745837671987
SUB00021,11,131.1342630989178,511.5749864500042,44.00143690590576,3.9084267503113432,2.2777027735016597,2.0,1.5861093839143665,4.510166293297767,0.26440996273450657,0.42398173163230934,469.63087102852876,14.85376360755663
SUB00021,12,124.42031942544881,302.8480015757358,34.64144239043426,2.103236910887108,2.3556289280910856,2.0,1.209760660613413,4.091131445426383,0.6002984065438588,0.35336465162685654,566.427955819265,27.180527680248847
SUB00022,1,0.8126368345160648,101.51305362002331,12.919346061807373,0.16039890820237843,0.34739915562438045,1.0,1.0,1.0,0.34918702351146624,0.30535875227821974,3.7320692332861793,10.86684444206603
SUB00022,2,3.3557969466461337,70.66664867284558,6.527236069452185,0.0,0.06969869156049441,1.0,1.0,1.0,0.3264074495617074,0.45343645799867316,11.427676747623504,15.441568230320508
SUB00022,3,2.5676463581095694,26.10659882652103,24.925301258782667,0.2793311129764021,0.04034018920733251,1.0,1.0,1.0,0.18809344411535017,0.4086171772671731,10.3680912452609,11.60707443268966
SUB00022,4,2.8678438118965044,108.64238114316208,15.767869801732495,0.0,0.0762332544891931,1.0,1.0,1.0,0.21894689062569891,0.5754188875472757,6.475647262950744,19.30296225391774
SUB00022,5,4.450501693813507,58.86029934559564,19.42540291847771,0.0,0.15743923913875152,1.0,1.0,1.0,0.41078493841323416,0.48202252886123065,21.71927604380323,26.10372646733951
SUB00022,6,6.261070478947397,55.283019909853174,7.4803963061979095,0.0,0.4234168875055659,1.0,1.0,1.0,0.451400225378244,0.2973486749789165,47.25794211982975,17.611197815978365
SUB00022,7,4.9593563778836955,50.92198157039371,19.350390653512335,0.0,0.2735831354720504,1.0,1.0,1.0,0.2672150697731274,0.5836970870287006,21.675820134871817,24.001561383830555
SUB00022,8,6.575041820084787,14.493237033619694,7.375542461911568,0.0,0.3476074115300093,1.0,1.0,1.0,0.40884751522942653,0.3968805074833254,20.046734752922358,8.581432283375939
SUB00022,9,6.715098205779804,45.378212193004416,14.013868877347733,0.0,0.3646356219301946,1.0,1.0,1.0,0.365710392901433,0.46595801855619623,16.38132035332539,11.562682874834726
SUB00022,10,6.904242535538412,56.338047334570085,9.38543501846182,0.0,0.31089809690000975,1.0,1.0,1.0,0.4135035956827102,0.44590299602219224,26.47793197632562,26.14830373187347
SUB00022,11,8.35043726465947,71.32362830722924,15.371611847027072,0.0,0.3854051409161963,1.0,1.0,1.0,0.38580253216138716,0.5528142091757564,32.63273247092298,17.670999648614863
SUB00022,12,10.730756479194602,82.69571274238105,24.930105192691176,0.0,0.2396366911481247,1.0,1.0,1.0,0.40072649445212116,0.3996002167969763,54.318611805357364,18.186006264496434
SUB00023,1,116.15875214461025,207.88960913774855,16.004507069913014,0.8994079028173659,0.3828133493986225,1.0,1.0,3.4156781931122344,0.34999470161140356,0.438240639649306,537.6013701991903,17.47968946058182
SUB00023,2,111.57999608406024,320.2700749427878,28.527742419479836,0.5487517002235546,0.42034516319570675,2.0,1.3963598339624204,3.6387555557684372,0.3495518912591516,0.2567921526729061,493.73336117462765,18.729729791165802
SUB00023,3,106.27895501483542,230.99799740800088,23.85180270941916,1.7151924628686297,0.9176405316727492,2.0,1.8988168923369177,3.7257502347192473,0.30095444868990007,0.4947982986128094,521.393238006998,26.375959859646848
SUB00023,4,118.72403304103314,161.3127389377495,29.797346242338524,0.21722483071377818,0.8285378721756491,2.0,1.2797957886713163,3.5191407841611406,0.29699187436421776,0.5596135009275982,362.1118356335274,10.047245027008099
SUB00023,5,98.70247802763544,187.17208260604215,37.385439018453766,2.013142936385356,0.09243599756641802,2.0,1.699270809013938,3.356692799655421,0.42974157641325283,0.28971972658559914,533.5166741808774,11.710483792638147
SUB00023,6,112.11862927009552,321.29845734577947,20.451887034357785,0.7136550457146381,0.22921989607831111,1.0,1.0,3.6032046600508494,0.32058306121155977,0.44483079024060707,396.30391607510865,27.524017287161783
SUB00023,7,92.48455204651347,266.3270638189382,20.156080926940547,1.9274677188579672,0.9829602750109357,2.0,1.476284543083681,3.5087931387734814,0.5372023428351117,0.3421698255574692,659.1317070696805,8.415736489516831
SUB00023,8,95.8021306486134,197.62921581545015,20.6026426713421,2.0097809041785992,0.10597607365666589,2.0,1.4651681358368431,3.956187415053635,0.36160392136565056,0.585709688673467,701.8547496211678,13.662701527750222
SUB00023,9,112.54974852335735,244.6376597425338,39.465082677763704,2.451537275056771,1.4973839268229439,1.0,1.0,3.211602581453684,0.2668265768212244,0.39166194076600286,803.6524873512793,13.782065623890205
SUB00023,10,109.15698268132107,245.83150794875996,18.892715702170108,2.814263698171775,1.3646903175059921,2.0,1.994278673915841,3.604748713295591,0.2837379577753245,0.27284703206753097,267.3833231689423,19.797854945819036
SUB00023,11,111.83990108729212,195.10057046303405,30.99121814359067,2.145660731030324,1.0707910275961012,1.0,1.0,3.1256250455516548,0.4714056739947815,0.3704902255006282,854.4451639970403,20.54892180214766
SUB00023,12,102.61224177203215,192.25951096162837,33.59032086407153,3.1158295286815836,1.280451288221039,1.0,1.0,3.5508316650302665,0.49741609460127956,0.2706203687675312,329.31451242419706,19.01928831027105
SUB00024,1,49.3372176296417,373.5291044756952,46.59196755747354,15.131443801735427,5.0729242919559345,2.0,1.811596744596663,2.1274266710725995,0.19984410163181626,0.44899139926742704,168.0313935408366,22.604274702897477
SUB00024,2,48.46449525009215,379.3895705948777,59.13117564761367,11.419285231728466,7.623812440498744,2.0,1.8924814191396804,2.6915541471074187,0.5308802901635649,0.35986032970963244,238.297492902753,22.83380730090238
SUB00024,3,33.14817882399261,350.1284421133873,56.06461529848347,11.042985634866511,7.355083131958288,2.0,1.284005816335823,2.118827542262026,0.3548167733853818,0.3079715783543209,183.7477953803257,11.39393864483731
SUB00024,4,42.66912354906073,392.92280091727355,48.26990854660076,12.082911037134702,6.886411116660592,1.0,1.0,2.3032486181478458,0.2116974488380285,0.5020491566482075,234.3385002293861,12.020322973551199
SUB00024,5,42.713320440468905,309.96851762249577,45.36841464558316,11.501337518846261,5.6280452966071675,2.0,1.7466009640551217,2.0194227880587405,0.2592532850426694,0.4139182099771348,238.0527081888406,26.384441987381003
SUB00024,6,33.982743988432574,267.68259606711536,31.829870378746307,15.01396610063132,6.028080062593832,2.0,1.53471671742271,2.0139727194184625,0.15089408189895884,0.428731221108964,130.14483888646404,11.606228919903543
SUB00024,7,40.4553940715257,324.2896161424696,36.53611761844264,11.300747209948513,5.11932843205194,2.0,1.8313621258830284,2.372003756719659,0.38033344743272157,0.44857619565492046,282.0722105227401,12.725802030339313
SUB00024,8,30.302333798756717,206.18055973300395,60.726982180580244,15.880254027339019,6.832234166473725,2.0,1.489359196623388,2.5547195240586773,0.1581035040070984,0.5447847867724063,237.63043011644697,21.068096240072848
SUB00024,9,37.40199285026605,273.9834388143207,50.44221699436177,10.973180551032183,6.683646797882462,1.0,1.0,2.174916952770719,0.21052312859008446,0.30793602554076055,222.58542693225994,27.837906374591967
SUB00024,10,28.714886405298557,260.1839750919589,31.41746331766787,13.803595570733197,7.145279108890515,1.0,1.0,2.9701365112382403,0.33367843827682614,0.47257174281623876,193.60953609330042,12.82978121243588
SUB00024,11,40.479856494937735,352.0293406621959,40.09353461949594,14.179389153148787,8.401724737945464,2.0,1.2713881328250372,2.3575982102230757,0.34156736312400204,0.42286841010403964,288.9116327174078,23.411186055701997
SUB00024,12,22.24040074306768,312.5835682202497,34.57258396089958,13.404191581412425,5.750863689799035,1.0,1.0,2.588987290568616,0.356292072383507,0.5570994777257361,60.76276737374108,10.285260165069204
SUB00025,1,7.1752018536185105,1255.535985875107,70.93517152553936,2.7251370252950777,0.8368300177496161,1.0,1.0,1.2343666324950608,0.3703035568812775,0.5197132664234512,28.002832272680344,21.07946293433863
SUB00025,2,4.971310127810204,1261.7590799744426,74.6274814141808,0.6500488127052625,0.07300118226125252,1.0,1.0,1.4934715083063845,0.2922076074540986,0.3462069768187566,39.17430097880205,13.045015710433674
SUB00025,3,6.97344414695595,1248.2447150847343,40.065233905194596,1.9073810640482354,1.1191563481072517,1.0,1.0,1.0244834414676105,0.43149464785750735,0.5965509649195171,24.098495030200116,13.484771444506771
SUB00025,4,7.5329643189203095,1594.9305173494358,41.48642647277428,1.6279004138562108,0.4551643460876913,1.0,1.0,1.3641947095058606,0.4894674748589317,0.3167249648120974,52.19022100648279,9.581383547359113
SUB00025,5,3.5824275840242965,1609.782166473567,73.99434192987212,2.7604332594001955,1.1535928707600305,1.0,1.0,1.6437583821994626,0.5034205625005373,0.3324082059548583,17.842017934077028,22.59637842127608
SUB00025,6,0.9708605502071292,1772.2416307069125,47.272618116950866,0.7407247767153189,0.9346278862053317,1.0,1.0,1.6516987589111125,0.42996894431908994,0.36264020939380615,6.934809893967114,12.355966704406297
SUB00025,7,0.0,1728.4883336024768,67.00682865524197,1.1292599007770963,0.4301613161404423,1.0,1.0,1.4465966901175078,0.35487456811997775,0.32537500861779156,1.0,20.77182392661083
SUB00025,8,5.468933840611062,1584.0462412073193,53.23683119257866,0.14168590144611676,0.4094005901246985,1.0,1.0,1.2712740727079912,0.40940491936205514,0.2685613300851596,22.106429587541754,21.795039318809497
SUB00025,9,1.4621249317665246,1318.6332402661853,58.95071007326291,0.0,1.4922051368879574,1.0,1.0,1.3100024319139327,0.3354818329074206,0.5455447413307353,9.965661717285357,10.524828731325643
SUB00025,10,0.0,1722.2498855014685,44.29463398746121,1.0773249335913966,1.0291939650041741,1.0,1.0,1.0830827746920515,0.3817016783578182,0.3929808345475491,1.0,14.806889278527755
SUB00025,11,5.433819096000176,1281.4359285548337,41.39663167290986,0.3145458959462747,0.2134244678348885,1.0,1.0,1.0775516742614664,0.4998541647371758,0.5804402904237849,12.385667444374196,23.201435630870805
SUB00025,12,4.3690904003171855,1485.2467448448074,69.14374570151595,0.38431025071762526,1.0905236119025568,1.0,1.0,1.6685854458209843,0.31008480847063924,0.4174727033495197,22.498466213161528,23.51451628044556
SUB00026,1,61.06379410288791,577.1170054328827,85.67365579075482,2.6156395632343132,2.7237892426841377,4.0,2.6937926127724126,3.3447661939659543,0.4861476828736264,0.42731389891594873,176.57933469788242,16.935926893811377
SUB00026,2,67.20772282113165,683.6448868042303,80.19642201393101,4.380163989334777,2.7103537000061566,4.0,2.816460142415247,3.9161316879100267,0.3873046872321534,0.33283656552045643,501.08787033691317,22.9188871187163
SUB00026,3,71.09722260068712,496.59975171736886,72.56597019157562,2.6405857128315233,2.0718498976738853,3.0,2.9431779872452877,3.617128577684646,0.5975540933567212,0.2887815382614237,226.09179546212584,18.596012218149422
SUB00026,4,60.70034654945833,765.8650278923982,84.90723663672455,4.7343718418287075,3.364226896742344,3.0,3.0,3.921964334203209,0.4529295918372278,0.4034424816855521,220.64160493264455,21.176335336348416
SUB00026,5,70.93890649957848,690.9059732109887,83.84003305239244,1.693842132618288,1.5121162342605035,4.0,2.5819198841853277,3.2756654337871662,0.5121965474235873,0.35801536991329663,566.5104150260875,26.326040678299623
SUB00026,6,72.01553942025616,741.166515738868,104.97577475911856,2.1070490201303183,2.482163652989161,4.0,2.774229822390371,3.9553822174042486,0.3763325940353923,0.3135090593555042,225.0621485394635,17.584265292838978
SUB00026,7,79.94425589587144,592.5758761625025,62.763894006131466,2.911585799303335,2.9593639871886275,5.0,2.9362465209462174,3.579016109790178,0.4570020977574196,0.4883383100438056,403.418946039797,26.812219963351172
SUB00026,8,68.11379900847993,531.6822664421667,92.43431111331972,3.0541276260708363,2.049296285235056,4.0,3.204032273119213,3.411280752620826,0.4108676396585288,0.3126236749797574,305.4171156467988,23.736325834140246
SUB00026,9,84.26880611470048,544.6915573954565,104.40877252176023,2.5644929554525877,1.6473916642766802,5.0,2.65600834782751,3.8789290329477213,0.4199926808885124,0.34622609218963357,385.4834987758164,15.896817854012646
SUB00026,10,66.17981753790596,675.727345569762,106.52546716036046,1.843208917560205,3.111172211390934,3.0,2.586745768288004,3.94957277065366,0.43521872270103223,0.4705824232405459,141.59586517447178,13.574203611126798
SUB00026,11,72.73932696034389,547.1215207455646,99.73277569552211,1.7151577372750804,1.9757280728772395,5.0,2.9334197555085066,3.244536575751806,0.5283515072913102,0.45456488314902144,372.12591856007043,19.088391948919565
SUB00026,12,64.62406522267376,626.6513669376012,68.98405249600623,3.451002496047232,2.1806012873330567,4.0,3.3454578987154284,3.1090543064824314,0.5280153551239672,0.3878421646647578,516.8819568803314,12.500472593693047
SUB00027,1,8.239914329695305,88.80741409074453,41.66363299095116,1.7688849656964345,0.2884926031419477,2.0,0.8550834702493482,1.0,0.5017738583814674,0.2925916005809313,50.22174814494237,12.33424624826464
SUB00027,2,3.441056013226557,121.81067210511455,24.71938640255449,1.6873450821623832,0.9204004729600596,2.0,0.6948355929914328,1.0,0.26030483019802764,0.5579217596213047,16.67636497258453,14.827066443814209
SUB00027,3,5.040378302638621,125.62588985337574,37.731495624379626,1.0628020922849923,0.2509096288749123,2.0,0.6818984910823184,1.0,0.4026673542319743,0.3157512538681327,36.03898728914149,9.067019646903638
SUB00027,4,8.07445208276288,128.6855823209503,32.85542919567307,1.321187738878479,0.6911320145375287,1.0,0.8709104567864588,1.0,0.5422561100570352,0.32972551683642165,27.61546604036028,25.17346240967728
SUB00027,5,2.2108225552667786,139.6767110949977,19.772152644825066,0.46476228109332507,0.23565795556903357,1.0,0.6591252773092016,1.0,0.3984932712854654,0.4693293137011739,5.360808790057961,14.340831258189061
SUB00027,6,7.562648773667003,124.38555318735717,21.248399833074153,1.1974799498017048,0.9106640422500436,1.0,0.6553701338882285,1.0,0.2728804534529253,0.3664818802429101,43.85303550341446,11.792927630962492
SUB00027,7,10.809775957393237,51.76403565528547,36.113094232981496,0.11455544945993879,0.22354410083923337,2.0,0.6765939148604805,1.0,0.2372596738244126,0.4820246951962165,71.35715926370273,11.332722860569488
SUB00027,8,0.33354088884540056,141.83729376152,36.05645161243774,0.49688116367401036,0.5317788432846094,1.0,0.8631143484925329,1.0,0.2665053066857366,0.42729067241305185,1.6411077619554473,20.01698752814059
SUB00027,9,3.208612189462066,145.26346317834447,33.88549714210313,1.0308682332107042,0.4348841544214562,2.0,0.5127659185692252,1.0,0.4906567305186994,0.2662484156721678,16.52040907690643,20.299755258992903
SUB00027,10,0.9031091212400919,84.77534653518386,37.88970807999105,0.0,0.3162327101862351,2.0,0.6228923382494618,1.0,0.2418609344958324,0.540722189444,2.668422374971664,27.60489250551895
SUB00027,11,1.2905248530464557,144.50538611126856,39.50460202437304,0.0,0.5496338106932469,2.0,0.584309380915784,1.0,0.27082050376634076,0.3007199549004189,9.719623968168719,18.259089010226013
SUB00027,12,5.481025193960771,92.57224642991676,23.82968924504501,0.0,0.5057336871843555,1.0,0.6116612940809703,1.0,0.20980469579573557,0.3724997314477904,34.551639114689,11.489242875211492
SUB00028,1,137.47257273827202,489.8396506501061,53.43400803946962,4.212820231203867,3.5177284805185725,1.0,1.0,4.555614525690352,0.5257521814680592,0.47521178195376346,957.8463207270663,25.23650198883486
SUB00028,2,127.49711193605614,279.77707433669804,50.63672083164049,4.7305576762144375,2.5761641458712816,1.0,1.0,4.17175314606842,0.4948599502838057,0.5136790148826909,971.0543567376927,10.334073833577188
SUB00028,3,138.9140560432726,502.8858193483662,42.65370389101488,5.182773608979699,2.863300416202505,2.0,1.041861525406838,4.439481766578893,0.33552726191689236,0.5708432773298724,1091.792236958934,13.992937927041382
SUB00028,4,114.62928592384752,443.80484828627993,31.384801542882443,2.615872932919662,3.6855425552188574,2.0,1.5629578537862914,4.318969592582642,0.6217701620184749,0.36591238573674634,803.5130626987764,25.91807035951768
SUB00028,5,124.92408390346517,380.57237532879736,32.199093713109654,4.480722203904592,2.1255265558612058,1.0,1.0,4.455230347651157,0.37070771940779845,0.5969200107716879,954.0639973498968,10.513066136749938
SUB00028,6,123.40489208581184,450.21675158176635,48.657045318383695,2.6725707050100462,3.43286635151181,1.0,1.0,4.046857022667155,0.31975668712921945,0.26697310379518824,389.05679484136397,8.0856562126587
SUB00028,7,125.68907196470957,464.0665873431502,30.0801922671296,5.008677184043667,3.732340861635488,2.0,1.8949178823855206,4.57248957578878,0.493366698617572,0.488563796918092,343.6908707584902,21.49854201621119
SUB00028,8,138.85280993699968,427.5964696046168,48.832740389907926,4.240307984042358,2.344315769939406,2.0,1.459177036606152,4.17012440561565,0.2578875776045943,0.2682310712393915,1052.408110943128,9.459226823202716
SUB00028,9,112.64955842077819,389.73149001077684,52.774645987445105,3.341732643501146,2.7502273061511406,1.0,1.0,4.102370330015122,0.4743446291745551,0.28456770019974675,294.87012588077187,17.610274296386972
SUB00028,10,124.33150752816486,286.6150294456011,35.89730635455102,4.951247063409298,2.8118887949759395,1.0,1.0,4.626922015704689,0.3236560746773637,0.2876911928035515,575.1166915206873,19.29656726325526
SUB00028,11,114.89661072503,376.5553921836925,41.519031657294775,4.2545584169701405,2.402913124494688,2.0,1.4793046827177858,4.062139184133877,0.35324859985982315,0.5314118224344542,748.0180629056442,25.516332657947554
SUB00028,12,129.0627958171152,410.1120763271927,46.26997403794705,3.9308179612874596,3.77132584009075,2.0,1.0497387655210684,4.3278809207797835,0.5979426858846303,0.5709348050516245,637.8787364091296,27.126798801468357
SUB00029,1,1.3010522985728614,62.44921111963192,8.555722151615493,0.4399366515659658,0.15133166119071478,1.0,1.0,1.0,0.19491449192009536,0.5247366696508622,6.933245771944977,14.142625873240577
SUB00029,2,1.4377181249022746,78.59573856003337,18.363329537183297,0.4243200329089325,0.4956990244428105,1.0,1.0,1.0,0.3716078008282842,0.4646757327429287,9.137804917839732,14.708918518985222
SUB00029,3,1.677035990717375,87.64614511546051,8.678689049380395,0.4491856790926706,0.12545646447628234,1.0,1.0,1.0,0.30842357791346187,0.2640109419797424,12.590607657218921,16.137719198297074
SUB00029,4,3.7070209498185474,41.5726101763308,5.823064001048007,0.43422716659822014,0.30113742767389645,1.0,1.0,1.0,0.4563362742386765,0.509899171614478,12.90242296641885,11.216527246157721
SUB00029,5,3.9209693945863173,55.84048365303332,21.588571203264078,0.4631179692041421,0.021169725304587994,1.0,1.0,1.0,0.1777666125797462,0.5031933261068608,25.456600181554695,21.323573042300453
SUB00029,6,4.219225838882358,64.70409380741452,18.01887846843575,1.1219253620788963,0.29781870900512,1.0,1.0,1.0,0.4078421359337334,0.2770431105887788,12.037941078008712,26.003717902096927
SUB00029,7,6.550410893472028,60.493632573105415,21.564500546286432,0.8264077185847732,0.49851318081958645,1.0,1.0,1.0,0.42271573678785934,0.3394697103891814,41.4606650410951,12.327991265625311
SUB00029,8,6.988938620061193,74.42316421641382,8.778915009243775,0.9102581823355196,0.042999485817476424,1.0,1.0,1.0,0.37475113395720416,0.3856872468728789,55.004493824973494,17.27422612442577
SUB00029,9,5.568065590255491,59.72245559802374,18.75674119858996,0.7845484446161886,0.10060224906293641,1.0,1.0,1.0,0.44174017798085585,0.3741294516197276,16.59561651418652,12.530111638623511
SUB00029,10,7.7784528786436535,59.96355364337496,8.77465108685925,1.6004911127148058,0.015638625637403203,1.0,1.0,1.0,0.30391785399828297,0.42130046474044464,52.21414165651939,8.121805593502536
SUB00029,11,8.686675696674058,74.40633680069857,23.55676436166434,1.6064520032327447,0.22145703155680185,1.0,1.0,1.0,0.18673920643201183,0.540495327144711,28.01567435443893,26.878952190494452
SUB00029,12,7.3942034782127575,89.8901180272305,19.775188397624945,1.7053181329868121,0.4133243694951438,1.0,1.0,1.0,0.1523400090694429,0.4510617677387052,47.95167076815793,11.491047671505425
SUB00030,1,114.62142112946762,177.33766692572806,18.320846499164833,0.3462909029295884,0.08280334981210674,1.0,1.0,3.518380647276969,0.28865019638757694,0.47139992692509547,272.5216073692145,26.889617126454944
SUB00030,2,102.32593745494387,163.42869049582782,28.52848946650112,0.9256212070963193,0.000471629466130441,2.0,1.3661563678024198,3.8838372360986315,0.6150330190789208,0.5581837417257616,292.5572741125618,16.24209670362147
SUB00030,3,118.49871564776556,292.8540583594414,24.702577738824242,1.52860535158169,1.4464861303272945,1.0,1.0,3.171204942243426,0.4527307864870199,0.289450623214751,682.1133586133714,25.497981411129892
SUB00030,4,107.69421634714917,233.16499434186252,32.74463022238787,0.0,0.7021280721833898,1.0,1.0,3.981111935620275,0.32041732795730227,0.3174600117767609,309.4589163322499,19.403860773978764
SUB00030,5,109.7775925159723,269.17316819215404,42.45737328091141,0.4029404886213763,0.5147064372651984,2.0,1.3467524982610628,3.8396115895392144,0.5508660267457761,0.35425619492508703,619.1534260490542,15.387804470395945
SUB00030,6,97.61661783904222,255.55118407050168,32.996742770318846,0.7577358992187644,1.4573641873620844,2.0,1.6709213605539615,3.45479275731705,0.36514456019631303,0.2725221437612253,400.36295920244436,11.521948585367841
SUB00030,7,118.97444507564084,192.61604421860596,35.11093511487035,0.0,0.5457701715382246,1.0,1.0,3.24711928836902,0.5149075215325145,0.30465782823839277,376.50773696391326,25.58476437799955
SUB00030,8,104.66250337116568,215.8996672106468,24.77973136246874,0.0,1.01510794423412,1.0,1.0,3.69824227398919,0.4038256268523681,0.36351899762127377,659.557095501081,22.334260163544602
SUB00030,9,128.46253114760108,172.97486658164675,33.41141450177757,0.21613466748811594,0.8769198183237565,2.0,1.6336037859418608,3.9152612515440706,0.4154886694656754,0.4510636807449754,623.0413111397604,18.633128569377707
SUB00030,10,102.99725074154551,312.695963697928,31.696665471628364,0.0,0.6437276848187437,2.0,1.0471249165955725,3.71088768272949,0.3647575295329255,0.4780968656585878,593.5480094376451,12.53682969264465
SUB00030,11,115.75676173719435,243.3043754779197,28.28726493962489,0.0,0.9218459119428912,2.0,1.7348496539849367,3.7687300324015753,0.2735903081559845,0.3562804459884541,524.1051025240423,11.595434155898236
SUB00030,12,113.43886875458938,159.11307950565572,22.87717383480465,0.2840057073003872,0.8440545795652543,2.0,1.7969713919154653,3.783951580205562,0.4002238569830032,0.4679499049307,381.7550551007939,19.608136723608403
SUB00031,1,48.80805673972727,303.34198302977654,40.1059362333931,11.096608577426466,8.19786312970781,2.0,1.4185307770366533,2.0153966549605697,0.36134692815048886,0.29551625402970316,159.09502866998156,21.92081922848186
SUB00031,2,34.60602332829854,313.9189803207949,51.53163384155644,15.202627189367089,7.196562307542319,2.0,1.9037907080779704,2.1649154086086133,0.381224305274677,0.514050917979443,146.04775053055192,25.35163049231953
SUB00031,3,36.39033687324183,327.1966211665838,30.53165366387016,10.133741645656068,8.07731983807261,1.0,1.0,2.534418952241846,0.49224218423877797,0.5123171701929063,136.33963518726108,10.477812185767156
SUB00031,4,44.944510850408875,217.79127512187716,33.40244232247288,10.075506790669186,7.145242487699832,2.0,1.9038621959760218,2.8393035720677537,0.17304938861882263,0.4656305346794103,298.1441057980659,19.00981159549904
SUB00031,5,46.303585787007194,225.8562916660453,58.91859674198117,15.441586906563746,5.401317271380194,1.0,1.0,2.8888164830096628,0.47017992492738037,0.5585471199525338,273.3337903015256,14.450728438777169
SUB00031,6,45.14529847132387,251.29789433337007,53.828790737262274,14.848155315680074,8.809187191062525,1.0,1.0,2.9140605803264514,0.3023011898778515,0.5018512481435518,263.7408077265142,23.755054377319205
SUB00031,7,44.29462599217503,201.96847693935484,63.38923637934794,15.356459905410926,5.147197601600472,1.0,1.0,2.0859089049499584,0.39379555483580764,0.3000043664893001,219.66838959572445,12.793714016822431
SUB00031,8,27.35644000908009,314.9685611394999,44.465237463348146,11.184785748324634,6.406237547885334,2.0,1.8013173262158622,2.875844593429381,0.2471203720981109,0.4344577172523314,91.38877553569054,8.751116468406822
SUB00031,9,38.467353276053785,353.59391906451935,64.84341626716797,14.906456462933452,8.464234860735344,1.0,1.0,2.8146662660807786,0.47470963129646304,0.4120593212311028,266.19176457622126,21.81409626042601
SUB00031,10,25.059398615205986,352.7295174700853,48.178164101698215,14.62357174673045,6.584586980353201,2.0,1.605244360817585,2.7602752846863483,0.37574132277964967,0.4280663087767129,159.41296399931875,22.105290998140728
SUB00031,11,40.21608943622533,344.4695347921519,32.614259201160316,12.875373037818093,7.094508678178737,1.0,1.0,2.3507339517432784,0.31402020531839103,0.4935767608407591,284.45321152338556,22.41836380157353
SUB00031,12,27.206863707483357,216.08335194883304,38.68601573759129,12.064969071502844,7.68375709968646,1.0,1.0,2.653364286603032,0.3697870997359777,0.2837377206145155,197.08514772007956,18.252264961072573
SUB00032,1,4.176922175246082,1546.9047336351136,75.56790741258669,2.9541092032582847,0.15015814315081577,1.0,1.0,1.8636000698541542,0.15947896084749388,0.3379422427472631,9.44006825908805,24.41558754082333
SUB00032,2,6.311880705784647,1532.0165078438895,64.06553476555452,0.08439139585670681,1.1016507452682462,1.0,1.0,1.8262629151275427,0.43621759884699285,0.29490406302349725,20.01412365433634,20.74216826356477
SUB00032,3,2.03271009404334,1301.0911585429747,59.11163627273529,1.8632069805546307,1.0687449155448316,1.0,1.0,1.2234986210741075,0.46408245437727647,0.5859348415279069,10.072076670423339,8.840612828639845
SUB00032,4,3.52776624982366,1719.6999121127417,78.65904962753535,1.6906221834549322,1.2710259336287801,1.0,1.0,1.1166040455685167,0.48631123957617284,0.4352116767332517,8.349433954754257,24.66490077602649
SUB00032,5,1.1813530467674893,1699.8558638972145,75.25554817419335,1.9392477240917123,0.4383526591980223,1.0,1.0,1.1047976891433953,0.36160424002942704,0.34539900679217306,4.234966359717807,19.89172438605626
SUB00032,6,7.7456411124202145,1698.9995856260164,58.63005526860295,0.10885694698139875,0.45351466821342457,1.0,1.0,1.8193995071343285,0.4769088877113111,0.5571085201635344,17.626151185066195,27.849174195500275
SUB00032,7,3.2879047750989367,1340.435799634582,62.106454244145866,0.5595758124590365,0.983409873664823,1.0,1.0,1.5943228447873232,0.20909142501642747,0.5356404605394489,7.311147243539413,13.283833264706042
SUB00032,8,0.40634745083665846,1421.6872678766288,53.88123837214361,1.2245646447505816,0.0683709805013169,1.0,1.0,1.5460522460754338,0.1801135065113149,0.4838195949903621,1.5657284603825403,8.288696055580441
SUB00032,9,0.5470831845187571,1393.483671180857,49.62613902263058,1.9423668864724353,0.9312955613766235,1.0,1.0,1.0468049418154703,0.36417820842355236,0.598393171540575,4.27488130521905,12.420443878883365
SUB00032,10,6.27631243782355,1283.827482896163,60.03474918107076,1.5014362467104156,0.5048155138311345,1.0,1.0,1.042723896580429,0.30120604293453956,0.5825120621214471,30.751262838037174,10.164608736737364
SUB00032,11,6.091049553069761,1747.4146433365604,55.051229773941245,1.5702999567509752,1.2918560130276813,1.0,1.0,1.11885798957023,0.37766937069551054,0.30475008981167784,14.409900500806,17.973356668577217
SUB00032,12,7.4893044551968435,1690.0169710555351,70.40275083283562,1.7304259771487487,0.9391534677138158,1.0,1.0,1.1564121521056554,0.4793168645767001,0.5103472875850075,57.61248131802102,27.57952517300821
SUB00033,1,76.40196577845474,532.7133322711323,115.4285327750449,2.64578665832286,2.4119696989881207,3.0,3.0,3.876657244834961,0.6149351717402549,0.34959707424524145,253.70108852899608,16.517331163508533
SUB00033,2,64.26995373099224,719.2053499492138,83.5651135932722,2.365789152014176,2.5042655772692624,3.0,3.0,3.8490656486374064,0.3400969210798448,0.2596824633172092,143.28039305999442,10.683376106137167
SUB00033,3,68.6241704225282,760.2459404382399,84.1885951470536,2.6541992502117258,2.1648302678155673,3.0,2.726195899954529,3.28880106681578,0.30458806581707565,0.5715049071741959,157.9779924382433,8.256924971117884
SUB00033,4,56.823762215098476,629.6082915540345,81.46390052494408,2.3783435142883436,1.8837885442508149,4.0,3.0727041359331935,3.083289220384601,0.2883047407439337,0.5301319610188837,281.2581628666049,12.83016904494286
SUB00033,5,63.65048612711904,484.5526190041084,96.97572209943418,4.379281064690396,2.2490989625108995,3.0,3.0,3.139602785786249,0.47114478941407867,0.3192184925803926,449.9058452361545,24.703229915676594
SUB00033,6,64.91299222902263,786.4046070299272,82.06282828994806,4.248816665809439,2.265311007628274,4.0,3.4520502209667043,3.4115858228314706,0.555068343419005,0.3853468772292608,181.16387987478078,25.263030603216947
SUB00033,7,53.472035959244806,562.6207336740086,80.50225771744654,3.104790427875438,1.9899617179803246,5.0,2.6166459147441863,3.287496288796666,0.5064759320889658,0.503790491088042,191.46912443595332,14.58387342130468
SUB00033,8,62.549856144150105,504.26421469489026,86.70211774989193,3.396106739604375,1.691759075402171,4.0,3.112082254901896,3.650162891877966,0.5593200032037585,0.36422530447740153,469.7833467890938,22.66409222137512
SUB00033,9,78.37250915541931,563.8225999692412,85.35102417474084,3.3048961223786613,1.5862819661904797,3.0,3.0,3.561846947065969,0.3864408157692232,0.449688305139776,575.9952024737945,21.047602678877293
SUB00033,10,73.6203760382876,664.5343419311984,85.48546161123541,4.101685670465203,2.351087936099443,5.0,3.206778257509341,3.359184449210592,0.39860094953068903,0.4007789236604195,163.45734240574035,18.556328040425
SUB00033,11,81.06901812600098,519.7964351666053,103.16751637992182,3.7211066492294362,2.721898066243872,3.0,2.6948385045115226,3.485969503767805,0.2676580595569228,0.3954579691605973,545.5388990708101,10.974287879679965
SUB00033,12,72.31174791514312,624.6262757111765,68.82983296115665,5.24564485576007,2.0798132564309517,3.0,3.0,3.032328865844833,0.5499932496333277,0.3836959956495033,404.3764680287736,12.953560013803246
SUB00034,1,3.18426729307583,90.03676099085092,31.951483387563933,0.30379578302711874,0.1134315113659995,1.0,0.7261231460407676,1.0,0.5131732491274371,0.42147745998476194,22.00645032035295,12.513047858234305
SUB00034,2,3.871456038574388,118.63942030995247,40.14501102328188,1.2233380377415735,0.17726707761694815,1.0,0.8958440725886581,1.0,0.18646781421310096,0.5781468123173084,30.124295696242758,20.32514583204989
SUB00034,3,4.423974142097956,80.22608742977351,25.71051897001805,1.9689623755810302,0.6508859263236664,2.0,0.6226641831120283,1.0,0.20536111960648076,0.2690085965512476,27.54620326040751,17.065721499363057
SUB00034,4,7.678664786741465,135.14996561276075,15.842100357418708,1.2489438119230143,0.5937187070065306,1.0,0.5176947711814892,1.0,0.23406606499692467,0.4797459932812567,49.90773493936046,9.186623314499348
SUB00034,5,7.378674091567342,118.83825588060314,40.15889950094558,1.3531244722705758,0.9685548109027556,1.0,0.8598439405323022,1.0,0.5131208211049839,0.5968604317591244,20.586947215444557,23.9203278418319
SUB00034,6,6.876461807904299,64.6903720470977,21.13266413670629,1.2477340145614306,0.16182934483603884,2.0,0.5444335820901198,1.0,0.4894461985162548,0.37228874877883983,43.02275419219851,11.135480162956997
SUB00034,7,7.941997003325904,74.79487651931144,30.174932896695772,1.6572474287384504,0.48874049933643726,2.0,0.6892532982443151,1.0,0.19396100465935423,0.45915134132677393,24.665637782779203,24.930791958467438
SUB00034,8,4.126338426155444,98.28954445926682,43.72836977765227,1.0381109095306702,0.7462738135003091,1.0,0.7137119749403971,1.0,0.21036790213175655,0.49983322497092775,29.86720289538849,26.11185298485531
SUB00034,9,7.768649364433614,93.79326034270035,43.641147357180955,1.890451283244526,0.9192692613280707,1.0,0.6368032592327421,1.0,0.2812711778421887,0.579967607440735,39.21454989009643,17.441126719280167
SUB00034,10,0.6358507996080913,116.76101586087722,41.076234324914836,1.130040655530557,0.2056670566635791,1.0,0.8510275312142914,1.0,0.17064306598890505,0.5906661683947825,3.9568400434682136,13.685973688230348
SUB00034,11,0.0,139.89259178807094,28.884634036717074,2.2211026450875737,0.6585711623461041,2.0,0.9387039138455694,1.0,0.20135126562260627,0.5916855016192342,1.0,10.73303940155953
SUB00034,12,2.886911283124478,110.22771891120348,37.76955681666706,2.2062803235203274,0.5568670679399422,1.0,0.5805435057120927,1.0,0.15096455897267105,0.43362195473835086,9.145995289980469,22.484851514537983
SUB00035,1,116.54794559735535,500.41376797360874,53.66967153786633,5.170059522366612,2.899548883594556,1.0,1.0,4.3412388046547035,0.46112812912285617,0.48431806587455994,780.5386426150759,9.602944197410833
SUB00035,2,110.49753724623243,414.8461454395126,33.41154075534621,4.7453577081098155,2.2181799273549734,2.0,1.5991459275877076,4.3885355304562825,0.45276287338888266,0.35996912026408234,787.4039244310284,19.500300831370076
SUB00035,3,126.77667783991284,517.0840731939034,35.64023010579611,3.5098475652303867,2.937284512682792,1.0,1.0,4.284650433122809,0.44633262650327343,0.3457422597342741,761.1382250694344,22.934608917614334
SUB00035,4,125.37877038174369,439.6916981995256,35.624206194893134,5.981934430985113,2.5332114140983553,2.0,1.8553116678744015,4.249522646972439,0.5443919136058705,0.5838883510014105,902.4076212774348,16.030401653605523
SUB00035,5,130.01684424845635,456.936501715032,31.135768869469022,6.422713913733372,2.493625781258389,2.0,1.4652473356338291,4.868499492525877,0.5439702355110797,0.5909049526558987,953.1564236622038,13.090944235720183
SUB00035,6,133.69334404103276,541.5840345871875,46.619877340589596,6.656197549065388,3.6957586856209583,2.0,1.4419771380854074,4.472037622531138,0.3996362853034944,0.45523466120517486,1001.2366852925102,14.539782286005781
SUB00035,7,131.83924688080648,475.34862144926274,53.56976910319156,3.3071555375983275,3.1507072406303296,1.0,1.0,4.752106932738361,0.30980190096465005,0.41430579447297383,842.4380929327507,21.024838575653625
SUB00035,8,121.34382568686645,547.1409435646327,31.111436910909514,4.3527886327605785,3.9989788085891718,1.0,1.0,4.5129215775553355,0.28344215398959083,0.3459236595435026,965.2050781808639,22.09277037860309
SUB00035,9,118.72505697952296,367.72506362882785,44.67663533372005,5.28135484522757,3.7846124564637194,1.0,1.0,4.2588349181851175,0.5883143352410437,0.2624354713101579,636.0168102853739,22.432430700599333
SUB00035,10,126.71477125142539,329.6306199024113,31.963624095811433,4.031730010933111,3.7081110255963585,2.0,1.8754382397942415,4.2297315266127935,0.43100335943781154,0.3734570414911182,343.2395692083711,26.886194790382802
SUB00035,11,131.407755036934,435.44074493323853,45.414440588921224,7.166198677943933,3.0649601589104423,1.0,1.0,4.62476401013045,0.42742792006566543,0.5151650322551693,1026.751195795411,27.197307149944585
SUB00035,12,141.94570969790712,475.58469178885537,41.975461432848064,4.515842394356391,3.9334751493441518,2.0,1.5136986184699268,4.254152288119007,0.5271900840796947,0.4021803795924746,968.08353733882,27.990362203618986
SUB00036,1,0.8443750920583057,39.20960813702696,10.433914945453406,0.21502845038305632,0.052802395433950156,1.0,1.0,1.0,0.1540426577725034,0.5003217515127512,2.988834914969967,18.189972102755497
SUB00036,2,1.7793035676922886,15.579943510396987,22.032990046689317,0.09999540900823534,0.40424975794536644,1.0,1.0,1.0,0.15501408387138998,0.5684272993402784,10.410490492829648,19.660285324424844
SUB00036,3,1.1961615206166405,68.82529266278634,22.61693061621145,0.25104558151641954,0.1314570360644221,1.0,1.0,1.0,0.30441341344771655,0.25829229636070894,8.264906911517198,12.121878126608813
SUB00036,4,0.41548678521000837,11.031857255945871,5.514075431505486,0.1497056303067884,0.33032940755856594,1.0,1.0,1.0,0.3583679734068954,0.3819210019594431,2.326176696942876,27.175827790914084
SUB00036,5,0.7743892533183356,32.89464524780959,7.715716512531876,0.13953966136328183,0.3578146178879589,1.0,1.0,1.0,0.4879070973849502,0.37862792076866014,3.038766591450596,18.200323647068792
SUB00036,6,0.0,10.36798855021926,22.83403622450408,0.0,0.3302659831926051,1.0,1.0,1.0,0.23907640758371457,0.37348330267975083,1.0,25.719502261853727
SUB00036,7,0.7693404556335784,48.84457809903151,22.847542079131337,0.12827515279924756,0.1397199863597367,1.0,1.0,1.0,0.3726679426219431,0.3319361979887132,4.414501255374205,27.584604285099495
SUB00036,8,0.0,38.238501738066766,15.631604219946295,0.0,0.0773619495044382,1.0,1.0,1.0,0.40070923027008565,0.5437098064539223,1.0,24.811528668765558
SUB00036,9,0.0,32.55636388327436,13.367861958183155,0.0,0.19472245360131057,1.0,1.0,1.0,0.38117822856385014,0.5321586238646105,1.0,25.08167530950535
SUB00036,10,0.8549768704332865,66.0334964771354,16.93676075859237,0.0,0.29928489614857895,1.0,1.0,1.0,0.18794481204447533,0.28444335794201636,4.8437335212013455,18.517304619250265
SUB00036,11,0.0,14.660779759147335,20.547854625752557,0.0,0.04074199006923318,1.0,1.0,1.0,0.24734210156811082,0.26539008387803087,1.0,26.197389811249984
SUB00036,12,0.0,33.23266714658007,14.516601186989158,0.0,0.17425283929788532,1.0,1.0,1.0,0.3565557694112699,0.38481021012060757,1.0,18.958799012262332
SUB00037,1,107.87133009385728,161.56692254679402,30.149166514760616,0.8175356607496675,1.1373836730072915,1.0,1.0,3.7143421014945197,0.4827219436561784,0.4711305412231358,575.2926295103912,23.45386046407709
SUB00037,2,99.94566696679024,172.1752097381516,34.91981470248224,0.9619881814179085,1.327455002123409,1.0,1.0,3.950053155675488,0.41974611577399756,0.5258255246558371,300.59833090266574,13.71584954221194
SUB00037,3,104.2037607557744,224.8499663499339,34.02557668348976,0.0594336924159678,1.4536300913983868,2.0,1.4898877919932318,3.033402463063374,0.47974846817257755,0.4454151103924979,217.77060826068634,25.22484088803663
SUB00037,4,114.47619311526222,195.37768452316067,22.724096796855726,1.8003964048330612,0.24348993200644364,2.0,1.6361719330853712,3.9833798511764558,0.6083177987385127,0.4957365986202448,909.3516651443177,22.45656524084213
SUB00037,5,103.73502940152758,202.7567015007805,27.526207077854764,0.5263509888317162,1.4933962901169742,2.0,1.4077707306632405,3.1395092043862065,0.38477073908084347,0.3316800945504821,411.6692818428424,12.300433767954331
SUB00037,6,97.0110470497072,288.84308610928434,24.742699312657034,0.714808882319479,0.7764106425283308,2.0,1.6485696333643778,3.56347880155606,0.5223865063418766,0.4485402355395329,448.9110043270025,15.002830845881649
SUB00037,7,100.39940068184266,153.28530566647723,35.33616880693588,0.18120605497901843,0.978267907937048,1.0,1.0,3.957040453732577,0.42023714155767167,0.3425145284962613,567.4255290625675,20.56385851856473
SUB00037,8,112.94289176322799,144.56574019296337,19.632582840667013,0.16371595712246786,0.02077146896095189,2.0,1.947473795740137,3.360053127494128,0.460839235668985,0.49352428221630584,440.81815849262523,17.553039754144983
SUB00037,9,119.08406183806017,283.8777284666054,26.10982424808537,1.428757204201405,0.9999071508317945,1.0,1.0,3.3493216752360553,0.5113925424447642,0.34810165105889956,662.9900623588717,23.023502803438557
SUB00037,10,117.19756976148578,230.52589451620202,20.071090396188914,0.2721612169431655,0.46345431361397393,2.0,1.2414780852153817,3.7230710874810446,0.4795613174287343,0.49390451733367946,687.2169777501273,22.13497167195178
SUB00037,11,119.33895923211706,167.5063259284192,36.246569412262915,0.7078657714739447,0.8948706830704372,2.0,1.7235348838965485,3.714299412193114,0.5361240696139778,0.5616253005789867,664.9992462627009,27.341443989939165
SUB00037,12,95.99696460129287,302.2720364125676,23.646251593708094,0.44194486496673147,1.3636861066017247,2.0,1.175706992702129,3.576389140165453,0.40839703655214776,0.28356435068029434,517.3328362469292,18.756928223314027
SUB00038,1,44.219830678857065,242.59380529855488,49.64261329739759,10.254576658058204,5.787032243675763,1.0,1.0,2.965579301594526,0.25976424986230395,0.5182573534281965,172.50733081525195,20.583958776591885
SUB00038,2,41.63008262545601,193.22696116286394,34.47797166361094,11.473669082254121,7.074530701386745,2.0,1.838311752107208,2.7349430985905414,0.30655404976822875,0.5523507878443439,268.6097205086071,22.863028868101047
SUB00038,3,45.882865905655926,309.38556461511786,45.90616048574689,14.96978416341156,5.0051597778252885,2.0,1.9765430134530635,2.0055011740397988,0.4372598545994586,0.33518464352517724,358.1300852991894,15.630833012557922
SUB00038,4,29.482866813490677,271.6239378082164,64.29207372660018,12.26879967888929,5.401823223191265,1.0,1.0,2.251061665611321,0.3948457743660695,0.5648924630936889,59.13472943550306,12.57867548615889
SUB00038,5,33.8984549246462,234.22894437446556,33.59430365527249,14.523466444380674,8.706350896713476,1.0,1.0,2.2320249538069996,0.534782874314017,0.5868208206127492,145.47567027755505,14.515830821951011
SUB00038,6,37.476828571219684,408.79341746078245,42.9199938763969,12.677420792899683,6.53129930708052,1.0,1.0,2.5840219508261875,0.3126548552240067,0.30968785414110916,77.72757906417495,13.466866069798005
SUB00038,7,28.070194346705186,348.03181897213994,63.158429909561846,12.824545949539447,7.6613668884080806,2.0,1.5298295333977603,2.796657319005922,0.334725093785173,0.3297095376614345,223.46103871113198,10.31157612707337
SUB00038,8,45.830565618239525,381.22211159617535,37.28598294566177,13.94487580595252,7.982743168406605,1.0,1.0,2.3281229839145494,0.34193779215095677,0.4508232614722868,321.80858223334485,23.38068455409232
SUB00038,9,39.07372786357132,319.1787566452751,38.2224862842687,10.380008288322955,6.024465070858486,2.0,1.270519596710201,2.0447694899884152,0.40656716180537444,0.4488663454990187,157.26707121316505,10.946692008710876
SUB00038,10,45.60529612548473,327.571653455331,58.22866366761718,15.54650479248525,7.760101248922442,1.0,1.0,2.3991556299765526,0.152712639760522,0.5844347539479172,328.8437953627709,13.816731006920568
SUB00038,11,45.33971910459883,322.46078687497925,40.66087229648143,12.874533802106862,5.521870219089713,1.0,1.0,2.135969390060372,0.24309259164037494,0.49898167131336896,133.1784524527038,16.440385244797795
SUB00038,12,38.74611791654955,203.57222812773801,55.33903053954882,12.289432519762592,7.913195461362636,1.0,1.0,2.7347034888995854,0.5497039606821819,0.4524932872605598,265.5003039562255,22.885474346311657
SUB00039,1,1.5115332179882122,1475.6298729437115,71.92170937942035,2.6956985331022763,1.0768989683154366,1.0,1.0,1.02180477778052,0.3515002268532388,0.44086776069392497,9.692966766237078,20.989695804139835
SUB00039,2,4.8557396351443485,1248.7442191683426,76.89332633261223,0.8520311231736241,0.6546244405350561,1.0,1.0,1.0672938477311555,0.3111180369777585,0.34120614806850114,19.17813247480577,11.259144915746088
SUB00039,3,7.753509153901352,1355.321336279164,59.708313886689524,2.0827074660783746,0.19600576346798393,1.0,1.0,1.6925535452979048,0.2997203588569889,0.37036786841272235,15.769373090970744,27.644097492746155
SUB00039,4,8.324016264793883,1537.9511055329563,46.94603821166675,1.605625173331493,1.1806122343914496,1.0,1.0,1.8152657043053133,0.17730524222076025,0.4918103787509498,52.38756494770709,13.50327099360022
SUB00039,5,3.3162228497041255,1317.9595384378347,45.42505245463314,1.7184767916283625,0.0403344604653843,1.0,1.0,1.9886620554100825,0.27119852024688695,0.3277224301089298,10.54764120833031,15.477058096069806
SUB00039,6,8.839631987473032,1425.9655232133948,59.2823959311755,2.1729725314148562,0.4348375078186502,1.0,1.0,1.465440656763965,0.5448788955529276,0.5576839077169597,28.125304763289645,23.735117443124746
SUB00039,7,9.531598462562659,1534.2630009188804,64.43491155613793,1.0105850046916354,0.6724543046378361,1.0,1.0,1.0509539780561534,0.503596912860417,0.5393335274819688,50.32784326814567,8.44810930364563
SUB00039,8,9.53873344018519,1401.140195665865,76.51652335528698,0.5536363652606049,1.3775415156007744,1.0,1.0,1.7098622992274988,0.45273721723181937,0.38734589757596893,56.66511000148422,20.2431723472407
SUB00039,9,12.668160559407124,1259.6354195080844,45.30908589037264,2.1125624691178815,1.196118404395455,1.0,1.0,1.1872306260898515,0.297353575023521,0.3434819468230945,88.34250571571515,10.889027990385465
SUB00039,10,11.023573316548319,1603.3643803961736,76.313980078501,0.853696218490853,0.9895387178116779,1.0,1.0,1.5313214828122292,0.3309789596871814,0.2754069992132828,74.105098129789,10.528234872836778
SUB00039,11,10.091488622889523,1376.3891720734846,64.72036441529714,0.0,1.3040512657608998,1.0,1.0,1.327019712344586,0.16899283111129174,0.2628980392135186,43.97156238094128,26.604840366019314
SUB00039,12,14.29172584853681,1802.3509707277124,51.07170975898583,0.44761662769643107,1.3284581553011936,1.0,1.0,1.3890471988271635,0.510692567185585,0.4748332631004705,70.45122466265487,10.64285938362677
SUB00040,1,76.95676026738013,562.4342203791227,80.38886016259758,3.408919116350902,1.7601661818657943,4.0,3.452946514024812,3.5754031333367386,0.44558405011118063,0.38451334375699797,481.0198365929152,10.825189518121867
SUB00040,2,59.1974474273485,621.5969421696966,113.82659063739919,4.312763122379052,1.682940471053957,3.0,3.0,3.9138310894927106,0.620179547081543,0.35437552627965596,416.8712821305963,18.724710700441932
SUB00040,3,75.51342261009036,486.16309311857395,117.43314895256037,3.259281338690104,2.212606169536621,4.0,2.562704587403176,3.119061287382299,0.5658606061927397,0.4422933219690486,209.2643483691983,8.689202735566727
SUB00040,4,58.798351531364446,441.10786217113537,104.29913621714398,4.317134825422091,2.279828065287087,5.0,3.4998608482078875,3.7693404509215886,0.46494083236302175,0.33917000144128884,230.95008886882476,18.307286976587744
SUB00040,5,68.92604829288751,794.4434100738271,95.34949466454799,2.3257086068788717,2.9745290401836852,3.0,3.0,3.8355681745738774,0.3324364715670843,0.557172178882242,328.7004963944024,9.930472386112896
SUB00040,6,55.63022515057647,514.5396045060878,104.92507186467358,2.0408913376703444,1.8230438635406252,4.0,3.42894043587134,3.832507422876827,0.509155680665264,0.5004225488768145,156.05578568171475,8.193261075204965
SUB00040,7,68.2223508863418,596.92759798721,114.98080334284455,4.430729159636934,2.927888596827975,5.0,3.1538878578546923,3.6422581371750993,0.3977697139017924,0.415440333252459,336.6702289739528,12.798562654930127
SUB00040,8,64.3795500844288,640.1811655924365,92.3090765711424,3.6536199307439112,1.7270162426171072,3.0,2.9821107202544246,3.572430942247892,0.26536677430761785,0.5671755077915848,496.79798943231316,8.069638473692235
SUB00040,9,61.96347273721163,747.6779581844241,70.6400197978039,4.192394705918841,2.4217137525862045,4.0,2.9801424688287255,3.2745840026624426,0.41982241499753614,0.567918002449005,310.89334816703496,26.32772820844751
SUB00040,10,72.4225159948715,545.693437958991,75.85929677909914,1.412465540932754,1.5433057500640737,4.0,3.499977020417694,3.7622302636195206,0.29325126550063507,0.5646309111164274,468.04188716490654,14.644890308041758
SUB00040,11,71.64041970248395,459.58548872820364,103.9437259952991,1.7792837702838875,2.5650602583698667,4.0,3.3482755480042914,3.6215184202299504,0.48345626993392377,0.46111534257543474,377.6218000428282,9.187257605178472
SUB00040,12,78.9400207882047,668.3234256921567,100.34620816540071,2.3551500157393654,1.6183232929953602,5.0,2.962105325198683,3.166871119508425,0.32573132256905285,0.3305739755727677,527.5624770861416,23.425756819035428
SUB00041,1,2.5920177897997982,83.40951158732896,43.84599727623412,0.6964636123636377,0.12926594589539908,1.0,0.6917759484670118,1.0,0.5404507116650358,0.4427757147157574,9.932808374264733,18.638969119041246
SUB00041,2,3.3474572479419566,70.84898990764479,35.13841286698786,0.6823297530521377,0.6830766011577799,2.0,0.6495695455260553,1.0,0.49169629007750915,0.5626815355593133,25.053104478993863,13.863084160133896
SUB00041,3,1.751307058780268,93.6116286499294,16.099048254106346,0.9692309241743697,0.976670366806066,1.0,0.5378297313125336,1.0,0.15348587893069346,0.5934143202667864,12.988321644032393,8.561051124964028
SUB00041,4,0.5455501646108369,53.70384716460924,19.81453209815587,1.1164913082762036,0.3773917714049878,2.0,0.9988456529798355,1.0,0.3257528930271977,0.3798946447934561,4.055821441101745,24.42383616381522
SUB00041,5,7.147568813158932,158.1312364258082,36.11118405489868,0.4805336701652849,0.9981530006126929,1.0,0.7869317260824122,1.0,0.544254285005542,0.522512730919128,17.090600019164533,14.45279468687728
SUB00041,6,10.194487340510127,139.27531539063745,27.457915488971505,0.3800848747432287,0.2937802917650709,2.0,0.8631042617119783,1.0,0.2779542362828063,0.5096612433933707,26.902634157569118,10.761234579038094
SUB00041,7,5.988424536710774,143.03307892693545,16.468010865775295,0.9598364004577421,0.7019628883735499,2.0,0.5581635501423148,1.0,0.3487686129005786,0.582231246243526,32.551466270775805,15.458782761764585
SUB00041,8,1.268921298394682,83.9384560436799,35.82711606334395,0.0,0.38500037867184356,2.0,0.8501281994361629,1.0,0.23897816695666987,0.4348808744217548,2.8470153781500547,12.285116458669238
SUB00041,9,8.750311637039017,137.6592154409962,31.53104182405252,0.09525642502840848,0.6540698690583361,1.0,0.7254366365501146,1.0,0.29714309121216104,0.4713779736537763,44.36594411579436,27.838588184359846
SUB00041,10,2.323664569675099,111.73055981509086,30.85805651069937,0.0,0.9114872052347894,1.0,0.9984597861047615,1.0,0.3306741983222979,0.5477568655237066,4.9792164466326625,24.68808089427007
SUB00041,11,5.848774508674293,85.51318681648269,15.951514584326631,0.0,0.22479110186807127,1.0,0.6588857212697515,1.0,0.1945540427428266,0.45217573130126526,17.31394213938207,18.564812538413175
SUB00041,12,5.358679515396148,95.07296777543402,20.4285784824388,0.0,0.6661311046544097,2.0,0.8896708254901101,1.0,0.24430846918958346,0.3457910516355046,12.173373079084236,18.7983762120182
SUB00042,1,117.12550425966535,320.99117509968164,51.41537855959878,4.377358538851781,2.5318990006915922,1.0,1.0,4.438161931199246,0.3837558003282088,0.33432391818310736,812.8486471127521,15.933478949268032
SUB00042,2,133.06064120230684,334.0491029336499,42.6921944933941,4.925672459006715,3.8217026980860584,1.0,1.0,4.541449960554891,0.5078464120494636,0.3507406037537811,914.2704538443012,25.13696355207322
SUB00042,3,118.68156024139546,504.02542500103317,52.725005052318636,3.52758835532516,2.6957336511881085,2.0,1.9420677336713594,4.254710229055145,0.36248535743707155,0.47218966439069926,240.1145499922096,22.551141047091985
SUB00042,4,123.78074164206122,485.2820868325501,32.315695218549344,3.22799775328092,3.3681030824351756,1.0,1.0,4.873639746435803,0.3306223710685362,0.4973377257665361,814.4706167973372,13.893121777108165
SUB00042,5,126.22420417485628,381.72065013724597,47.328450866360754,6.349932785851874,2.4780794843027123,1.0,1.0,4.412429889618211,0.5039360876065223,0.5073661498387834,436.65051674992134,25.519946786986623
SUB00042,6,123.70949614605844,344.9435118435641,38.854114374151564,5.039296501127664,3.372182142337863,2.0,1.3394252489533416,4.945079385371402,0.26224424382409445,0.29653008614591414,684.4502743622072,22.028137240967595
SUB00042,7,120.9437568624055,381.600767644901,46.48319194410631,6.502578704613823,3.296432080542761,2.0,1.2530641316977205,4.987870721744724,0.3327409446806061,0.5265963434759828,348.2604923970667,24.087025387225015
SUB00042,8,118.21196101873724,483.98360876512214,47.32942798647527,5.49001161283556,2.521471995513429,1.0,1.0,4.327205848952537,0.6004908443358015,0.3440895266109719,285.97678683705936,19.997356896551572
SUB00042,9,117.11692338874388,436.7168711500603,35.37490856050111,5.5702268630763445,3.679522496500561,2.0,1.2612563516107882,4.792065875091297,0.3287484034257469,0.3347799438406061,825.6194500421063,22.823850514584223
SUB00042,10,132.66637759622358,319.8422512096962,30.432325610369578,3.508678660204814,3.3884341193759826,1.0,1.0,4.261310115456363,0.283400678154626,0.43968118126767763,363.7993182784444,20.96438669802845
SUB00042,11,138.8160922991161,548.8779005509239,30.73524006557932,4.242306751418826,2.1196024185450786,2.0,1.2193456358189767,4.7061307547303155,0.5136388020097497,0.43742293291202017,1036.2132432726414,10.06277705460545
SUB00042,12,120.3870522644176,499.19402031198206,31.851067186698298,6.492673562404947,2.7179452275661875,1.0,1.0,4.662688239103272,0.6319093318190816,0.31565689158716764,687.7543240948669,24.577577837525695
SUB00043,1,1.22144501555052,66.94964525837466,24.607642031195482,0.6658695097507843,0.4648832498137441,1.0,1.0,1.0,0.4754672306454195,0.4515717467129681,8.63960776553925,11.875429430415345
SUB00043,2,0.5352177560255469,23.323037723627845,10.92107455616022,0.11711277718453075,0.08532217969134698,1.0,1.0,1.0,0.24153860032310717,0.3251867776539234,3.0706008370066904,11.353824289389141
SUB00043,3,2.2965330457042876,17.08266293191778,10.01813958927497,0.7147569774710816,0.14348196830616727,1.0,1.0,1.0,0.5046938608664673,0.27048910019498457,16.135618177617673,21.557287286102017
SUB00043,4,1.232854938429918,0.0,7.838242066590723,0.7503860819880588,0.3550762189429963,1.0,1.0,1.0,0.4893826712460436,0.2805498864466406,2.7825289322334608,20.739807629886997
SUB00043,5,1.071898198275547,11.491747905550532,22.99060340357003,1.323684499183806,0.45154787732939483,1.0,1.0,1.0,0.5207755181428908,0.5904925819113129,7.0851435549432695,12.039776598827608
SUB00043,6,1.5047439241926095,42.754536790472024,6.878727931841824,1.2434646199991215,0.16955352610901026,1.0,1.0,1.0,0.5308289517335989,0.44576246677869336,11.114617074469145,13.561169381023019
SUB00043,7,1.0158578614163645,43.54075137788519,21.30685459458425,0.8800852665806728,0.4829638959269685,1.0,1.0,1.0,0.15090343144000307,0.3343299358629623,6.68792363690162,22.197425088743483
SUB00043,8,1.2565463497812848,21.943157003019387,23.94816187804993,1.5349888722790725,0.24355412341949573,1.0,1.0,1.0,0.3866949697830767,0.45690151542792024,5.263676620296251,19.292618639505907
SUB00043,9,1.263069568741249,65.12998474015069,14.841769701079935,1.3544255465470703,0.08516853518879519,1.0,1.0,1.0,0.5224609341865855,0.3232600061972414,7.946472069965834,27.55997047123455
SUB00043,10,1.135366307584305,37.03944999472832,23.177481130474582,1.4951636829342152,0.2943263259961548,1.0,1.0,1.0,0.5027810087024621,0.47621067914512594,3.8582418916486345,18.882182294433733
SUB00043,11,3.0063842172058277,20.681030170245897,13.258870604658119,1.6239158707467438,0.21215218364127958,1.0,1.0,1.0,0.543877573944488,0.4210405029784393,6.171937102046071,12.85055060501261
SUB00043,12,1.4347988835928236,3.36461791701441,6.53816661010829,1.8877971513156102,0.40933076182132894,1.0,1.0,1.0,0.19081719938985367,0.3686990024755412,3.430010882314464,13.290930560348542
SUB00044,1,96.90650866686154,237.98086267661233,20.971495868552687,0.19009868531356214,1.088579209650531,1.0,1.0,3.8398951778542996,0.49034324858270906,0.46076822225626357,365.8704878517009,13.203461771138958
SUB00044,2,125.99669456331868,186.93208977473077,32.47110455454165,0.7215699857932587,1.0881067655289274,1.0,1.0,3.7104994966484046,0.32814999892238583,0.5804845201848923,521.2529404925457,16.387495141538288
SUB00044,3,118.3962795976729,213.9745265296469,42.08484922716134,1.9312207916631294,0.38761261285096943,1.0,1.0,3.7697921803773244,0.37938536976603554,0.348908627314355,420.9878146183822,13.66758530840129
SUB00044,4,106.35125166043296,244.7734349493864,21.192728297196226,1.7257269399210178,0.7692342618013912,2.0,1.5741368068116217,3.8856501159071355,0.4995655760379071,0.5907718181868081,768.7194496347544,12.294805189744231
SUB00044,5,104.6256613861965,220.4708136654777,21.975378986890163,0.8868116114801978,1.008034669819128,2.0,1.202415433921814,3.392859151856981,0.6358709991756242,0.4915030599329432,581.0565170784604,18.79292102802694
SUB00044,6,101.35814850451197,236.70705298623668,31.18501029965528,1.3113928669741468,1.1329829780017264,2.0,1.0339395322892204,3.399094499772163,0.621441455289133,0.380863096539302,454.02349251474277,20.47922246110071
SUB00044,7,123.35179763487221,266.51014335302364,42.73777659955947,2.5040272038375613,0.9371133566808016,1.0,1.0,3.0219766789410194,0.642361227250821,0.3407012804985718,685.6694518381067,14.00500767075726
SUB00044,8,111.93305150708848,199.61888204083206,43.828088114658186,1.7843126075934488,1.0016958560171747,1.0,1.0,3.062920705899381,0.5907739081167316,0.4508933723804941,502.18575226251164,24.23934644176967
SUB00044,9,111.08385030990618,208.5533562343973,23.03900623370408,1.2156622140889373,0.24427087959715615,1.0,1.0,3.2088189342854285,0.6195500156481686,0.4627502694974618,817.8455213104446,10.204504096916505
SUB00044,10,129.92278829769901,220.32017001750955,16.774209660174787,2.450610163805478,0.5468202731406644,2.0,1.1677262909615642,3.1546844496585758,0.2792447360036686,0.38694429265445274,300.61710166242125,15.893143792257934
SUB00044,11,106.48939522378622,300.8331395493645,21.014824573084674,2.4675352687671603,0.5500687744368146,2.0,1.9396529207982254,3.6659177800006377,0.6358166266773755,0.5769389966650469,337.3211758899319,22.62424697196427
SUB00044,12,113.00146388420565,193.75125727777575,36.78412149229226,1.930440759773696,0.6337243902431766,2.0,1.9256972667695846,3.3214401329845717,0.4390000353121678,0.4576226504921454,492.69360947617247,18.083626467313707
SUB00045,1,49.2707834506766,265.46130909455275,63.21955581268132,12.769692533513311,7.752597325902472,2.0,1.2777165158292036,2.0024081438169623,0.2877984874982415,0.4966773199145295,214.75556353373509,12.38348279306452
SUB00045,2,38.61002607034511,233.57609229901723,53.35704083313816,12.071074458956536,8.578821197921407,2.0,1.031091093393843,2.3083048067450767,0.2318887770164173,0.44153816991665745,290.0565284636529,25.40675020075043
SUB00045,3,35.45906285221718,219.15132214077738,32.21787930177551,15.776405584837821,5.856750505750012,1.0,1.0,2.47565210675152,0.2267087882663112,0.47394519004299107,87.99811666890892,19.691759823368443
SUB00045,4,32.880972019964965,372.7595308646043,44.00939932520073,14.39749112443424,7.266094680142853,2.0,1.3547936072393822,2.831982274202601,0.3542632740186855,0.4694481939791785,93.55415096087418,8.463203490653381
SUB00045,5,28.805305903885298,361.50461830461535,36.986423193220126,12.881281341601284,7.698676725023095,1.0,1.0,2.1717956934133356,0.5104034516682833,0.4196159286830806,122.0581905021769,19.07313484596113
SUB00045,6,47.33542201177639,329.39385598286566,34.09672447966683,12.280201907860762,5.823846550912588,2.0,1.6356760254722906,2.576448019720222,0.4392642376219402,0.5427415865280905,210.87182562160183,16.45934550924455
SUB00045,7,36.33443320187512,221.95539425034278,36.01621283819585,11.955089335899668,7.330923826723919,2.0,1.6690765554271794,2.434953463290401,0.32908392170115486,0.495490395283598,85.93731118763695,18.80161136576688
SUB00045,8,36.66132809849538,374.0508941994038,47.632601442766386,10.55367312440172,8.337195546850744,2.0,1.8253103794941006,2.1889686063625637,0.43503034573973254,0.5580542316200452,223.12457492191245,21.715040818564304
SUB00045,9,34.834962078004246,235.8261175618838,58.97002166608901,15.25655825547612,6.335654215123212,1.0,1.0,2.655814507633216,0.5366776976411749,0.3699383564529862,184.93298654062423,23.80076443276456
SUB00045,10,27.91707976378105,311.07969195593574,30.880364646980432,15.063471519511095,8.05229007625545,1.0,1.0,2.798611246142302,0.5250129779250152,0.3102598877193676,183.82890042610043,14.1558401523113
SUB00045,11,30.440287570157164,365.0603675366034,45.18741723835924,13.613066455699045,5.363739284307915,1.0,1.0,2.0789396757032046,0.5308770145583601,0.562417948433314,180.6434068827569,19.028618545751065
SUB00045,12,41.60007576971733,297.4014043424702,52.863598705234736,12.715190414869943,7.012535571164963,2.0,1.3608318811182518,2.448118408980346,0.47074877314540853,0.39577967903656075,89.57988091157559,13.660386435476983
SUB00046,1,2.7284649881983727,1222.2094853041183,73.07819277583201,1.6198035249616387,1.2572640221431164,1.0,1.0,1.7992347432984719,0.43350645928793397,0.3224589602367957,20.709632055201354,16.08403760612784
SUB00046,2,9.811912569031144,1519.6086915734916,76.57310497149251,1.6438450813142393,0.027426811605424817,1.0,1.0,1.598738435628145,0.42243278477359214,0.3477779575319739,53.14016901291184,12.805174919781495
SUB00046,3,7.527602243598833,1366.9792923225107,60.02531428615623,2.8680029574740296,0.8433413319323502,1.0,1.0,1.550485603278338,0.19226916814473186,0.4661246261364752,31.571510700772212,27.35272146359201
SUB00046,4,3.3362112206472743,1713.1630455822838,67.79438478171137,2.165354775345195,0.963080250634172,1.0,1.0,1.9322794475530867,0.4456941188330634,0.33073538934624025,8.902007519562202,26.97838889737003
SUB00046,5,0.22519823814115036,1311.660732467516,52.56539096392176,3.031011954400834,0.7564573192016606,1.0,1.0,1.7435915074123067,0.4146543472762061,0.4629970580496552,1.3281952121687528,23.983287241565023
SUB00046,6,5.43634154056638,1304.3351497289789,69.48087649302133,0.4656925539245831,0.36574817906474594,1.0,1.0,1.4155024624318,0.29716913201472756,0.5643216378953952,25.72158480996435,21.886178665924312
SUB00046,7,5.560867196689763,1763.608284018046,56.00826510699453,2.828922436865833,0.03386598441734384,1.0,1.0,1.1568149023244367,0.3836272179572815,0.3765593078076354,28.951614512039733,8.037496957465057
SUB00046,8,4.063339403237393,1312.110615578987,59.447091739553365,1.8554844020376962,0.06528537310059396,1.0,1.0,1.076987772533009,0.459131294611674,0.48105404657407386,23.95999535873825,16.53828003471122
SUB00046,9,0.9520669337584349,1244.8824921677442,79.51576694249493,1.7931301994428643,0.33354465441067954,1.0,1.0,1.1623701038462952,0.2118059600937149,0.5052421477076563,5.576124194251704,9.396121987424612
SUB00046,10,0.0,1560.9500725957914,47.12155633453048,2.1411582417427355,0.9015754718031619,1.0,1.0,1.3430816835460644,0.16971509855428857,0.3558185433733745,1.0,16.222786403519503
SUB00046,11,4.446485500816347,1519.6896548744646,65.48416293155888,0.35158021516261967,0.3904752834871484,1.0,1.0,1.0144641146019728,0.2638334333086491,0.5963641770021527,10.424317285956603,14.387869763147368
SUB00046,12,0.0,1640.602528517341,58.410773765442116,1.8735768338001018,1.423158870754882,1.0,1.0,1.3438198844008102,0.23318882792259013,0.3153763584449903,1.0,19.276542162697577
SUB00047,1,79.31069117982449,482.3518713643547,87.41265644909066,3.8649433260531465,3.2785048001648347,3.0,3.0,3.1822853489906167,0.3009333758026589,0.5051402021002014,528.5749016905439,21.445470953493203
SUB00047,2,74.3688025047747,472.34018438322465,106.61260095357196,4.337027669282156,1.7548615218770771,4.0,2.7565483450356654,3.031929478320887,0.5800854254597216,0.42709689683380103,294.4854945120608,8.228582104630984
SUB00047,3,50.28656348471986,624.1691101551743,81.5103376349411,2.4661004902890045,2.0526156413482872,4.0,2.843671081284767,3.4779308839564598,0.4180118956732608,0.2950197296924514,112.29964246193627,8.709174538978779
SUB00047,4,59.247061649496544,489.51246449172083,102.94045855883022,1.7648253408152175,1.8900664310761033,3.0,3.0,3.0396272614584157,0.5710583351981591,0.42253672413103366,377.26906674058,23.014051018716824
SUB00047,5,65.0504633587468,780.0860722501412,67.55184841495401,3.056721135746322,2.5620113341235005,5.0,3.2631875760760014,3.2740209745418523,0.4649898898558902,0.3673064372650409,436.4733342946814,20.790732648153927
SUB00047,6,49.19956311831209,536.5747134811331,94.04032001072748,3.000754864265882,3.2131865717375603,4.0,3.0453792765719077,3.7226943202595297,0.31556582175710146,0.5261591425470951,343.13307145814144,10.745876737527976
SUB00047,7,56.59268623137597,499.4522260445861,71.58199268697673,3.23288643191525,2.039838306053513,5.0,2.9214627418534076,3.797925252958389,0.6438046213163946,0.44777372413897454,140.0331142178061,10.058059484472718
SUB00047,8,78.32165670128231,694.0847023759218,70.77705610170919,2.948450766943911,3.2327259258841465,4.0,3.0959617908338206,3.1571019027384533,0.6333107492487007,0.33827150114737065,498.1109159402037,12.622258884537088
SUB00047,9,67.76869208731028,541.5941126278462,113.12225389484703,4.123850400103774,2.988680518025308,4.0,2.977425085258462,3.6002611479688715,0.30426166321430004,0.39309653159110935,207.7808817592465,13.602110619428515
SUB00047,10,53.19593023583602,713.2689438502609,61.4185871107341,3.6844478182827793,3.260858551565275,4.0,3.492216442800937,3.5864019555379327,0.635035051405962,0.5820954813754996,206.37001440180885,25.268675121117415
SUB00047,11,72.18393969110207,758.3089582635027,84.0032979532429,2.726640157418268,3.259474205315229,3.0,3.0,3.1786286189462425,0.6301359388720345,0.27246701871176754,385.0097375602888,9.803939140162445
SUB00047,12,65.5830342278986,473.772694889011,103.87187997737051,1.949185101579153,1.8580950982954658,5.0,2.6473632665247457,3.599078468954335,0.5615163232506413,0.45891279551583475,449.64441272996737,19.829546821407384
SUB00048,1,3.39453948450471,116.92709725170985,20.527061356260923,1.9846730160330994,0.2532156431033017,2.0,0.6937107648456797,1.0,0.38838424397644716,0.2736437011064345,16.42235604877841,9.806633660561852
SUB00048,2,6.688352451198381,138.85255597636498,41.24264347017258,0.0,0.022658340955841738,1.0,0.9398315690897817,1.0,0.2187986713464573,0.42177459043918003,42.34680249264359,26.746866426790586
SUB00048,3,9.136203047117373,127.54322661360543,16.43338651424764,1.1647815854441967,0.0360605554964043,1.0,0.8759934440841807,1.0,0.3074381821973716,0.29191278952252664,31.36774345900013,14.0557934295486
SUB00048,4,5.863708462457158,88.8571601246613,38.516808444468175,0.6870174424240802,0.2389227127923239,2.0,0.9067626557172853,1.0,0.24385012916325838,0.3789874136675209,29.34391126139857,20.412887673206747
SUB00048,5,7.577566254873998,108.06561701654269,21.58368701308639,1.4023949162743676,0.4102789884141841,1.0,0.6722446113211983,1.0,0.33791940301827894,0.5120560171986186,58.9295549479501,15.599942608856061
SUB00048,6,9.716168966343247,97.60235742343275,43.84622611476596,1.652140378053347,0.21783287868391665,1.0,0.7186307878690532,1.0,0.20533013554870355,0.29101493299210945,23.452079347280968,23.300359978639495
SUB00048,7,12.018964373669093,105.71923163253122,28.458864253850614,0.18434404191505055,0.5011468399329609,1.0,0.7373708708535996,1.0,0.4192661715872147,0.47769076989957016,24.213834493067978,20.36947396601486
SUB00048,8,7.765814607443822,133.09870975183907,26.059654324652907,0.11412218930084972,0.3193660235072032,2.0,0.7671733201445253,1.0,0.3060724113934046,0.5396030073257861,18.165959819372947,13.9623805113603
SUB00048,9,6.935301397479352,156.5520173763324,33.75330193405412,0.9472210673441228,0.6386903813864535,1.0,0.8742903815554413,1.0,0.5407046951265889,0.26116402295296015,29.95675400371616,25.640991030074076
SUB00048,10,8.213298418352533,110.90049793886398,43.00182181985183,1.6307991934192232,0.972975100881603,2.0,0.9368293659909457,1.0,0.3455856297199931,0.2604010246747517,16.864210900565002,22.109064418789288
SUB00048,11,8.866511939556693,141.6979239401884,28.46224197437046,1.0125876774375593,0.29923010060165645,1.0,0.8253175360409272,1.0,0.43444415047979945,0.5356676441746236,33.86829565079965,27.856601298140585
SUB00048,12,16.7441543776562,144.04401057851564,37.82791656591078,1.2682792032130672,0.07913202970064925,2.0,0.9588068163161747,1.0,0.5050048860807698,0.4118518694211135,62.50789609611525,26.012903661249904
SUB00049,1,113.2339183863655,412.6777712920018,37.689752860548246,3.282113356298648,2.8173633017992206,2.0,1.089195418747444,4.581114814473933,0.6178560290505158,0.5253434946016124,794.5974914268837,26.56463592204661
SUB00049,2,127.2515317359999,329.960451443372,51.42526673805654,6.3516982494854375,3.5755118472412,1.0,1.0,4.3586451523634615,0.4884694602647902,0.4864461775054051,519.4931802381351,12.32476598605744
SUB00049,3,119.53934279481805,499.092562646282,33.16341521431765,6.134758794885952,2.0610101533812784,2.0,1.3606174903868147,4.117416888208413,0.3329385138020028,0.2585964882185464,305.8369817733917,13.326002354490896
SUB00049,4,134.5171633761647,397.3719623657069,43.53776400812513,2.963687011001717,2.4450447219812155,1.0,1.0,4.387585062560854,0.4726556691527152,0.589540525023895,522.6208015122705,18.403908672670347
SUB00049,5,123.80921274376519,489.64858452855856,35.03798949846862,4.444657702729766,2.7630603410812875,1.0,1.0,4.474525594802547,0.42346552098769696,0.5459709789118675,362.9654550040545,19.35329412827966
SUB00049,6,128.6437775022672,461.91346878040764,51.80419280652322,3.788674079596862,3.916955628186911,1.0,1.0,4.281803912342135,0.509826911632887,0.28277498159145764,823.9798781854507,16.396396571906855
SUB00049,7,128.45130788117552,481.7041835336605,45.63127519219605,3.39840912045571,2.870857883992284,2.0,1.6758390120352518,4.049843544034541,0.5372399141067713,0.3334530153805226,604.8903572650786,15.35506201189548
SUB00049,8,113.12551625059174,383.5180854337186,54.308788323499684,3.7927007080067483,2.9231153171251107,1.0,1.0,4.4075176760576005,0.38014750918807394,0.5530402506363721,686.8838370992551,19.566169038373467
SUB00049,9,125.92070595413458,418.6945256066985,37.5779088349175,2.3985379606828268,2.0495366428124906,1.0,1.0,4.487590477828093,0.44814802920870334,0.5206895667831033,279.1835148812577,16.54042963801956
SUB00049,10,114.12663667610734,541.1305229953523,54.62614689213045,5.000951804520243,3.5084416658544866,2.0,1.4640660299019084,4.29254633400521,0.458071223733742,0.34047271586550065,561.509680767763,10.92270811842172
SUB00049,11,128.959594870359,335.5855240342586,34.063156325539516,5.593246877094122,2.7045584592535024,2.0,1.6258339153063843,4.416405154841297,0.34821311973539026,0.5107980965363847,989.4872992279378,15.616194113040404
SUB00049,12,114.21956532186006,279.7974112943614,54.53488464754176,5.540405281035867,2.324367556592087,2.0,1.327813443001951,4.333619609492544,0.5249347811569756,0.267167215476058,794.3534882796673,27.94594552975488
SUB00050,1,0.17278741539694975,56.59464841632933,7.3192580033366506,0.3252333637611283,0.3416398542723457,1.0,1.0,1.0,0.3474545634256989,0.26013632552845445,1.0,15.480070162392806
SUB00050,2,3.0695203242580416,65.9863206250775,21.572313542340005,0.0,0.35246182484350996,1.0,1.0,1.0,0.3657067844977663,0.5650038844838495,13.357639976549219,16.597661804431112
SUB00050,3,3.6853257445098113,43.10656330266541,8.015870332680349,0.3615472891398628,0.4264454423373216,1.0,1.0,1.0,0.4527421107259897,0.5725346512450402,21.109879917313275,20.017521209569804
SUB00050,4,2.751075870258223,34.32254928001723,23.51726130574431,0.12588947604037054,0.2382011428064431,1.0,1.0,1.0,0.49901444358798797,0.4461880316432767,12.179110251965044,9.590614049616088
SUB00050,5,2.6768731318393257,53.036330838739374,8.198143994523516,0.34565043501277193,0.4670205959966355,1.0,1.0,1.0,0.29736237142877714,0.3357047255936273,14.508410523466795,8.267442662410826
SUB00050,6,2.2020219234114347,59.04553046691671,17.848731763300886,0.0,0.1270138630765945,1.0,1.0,1.0,0.5047669905629167,0.36792138730709395,14.665416097899572,9.91008261464389
SUB00050,7,4.7615112209826735,37.05705276324473,14.396136356387785,0.022155404878050844,0.02972399105300977,1.0,1.0,1.0,0.16886982260604583,0.38245376616073623,27.031611908488735,21.13361311506153
SUB00050,8,4.719590192440577,41.10441989467226,11.24090566600638,0.0,0.41806270805926243,1.0,1.0,1.0,0.3098532306962076,0.5417226580452218,29.21619631339708,8.45482926878346
SUB00050,9,5.49159187960914,16.537324296179364,18.721312592925386,0.0,0.32435424335587665,1.0,1.0,1.0,0.32878960093057663,0.47071899650838667,27.878515303285333,23.260658669427826
SUB00050,10,4.120018850132408,82.74689072672642,20.41693169176067,0.39998786232268607,0.3485957856870515,1.0,1.0,1.0,0.5495015223096852,0.3111370524875176,16.535061931213495,11.441243768343355
SUB00050,11,5.530816911427448,69.22692353755698,14.566487716684502,0.0,0.40887899700741615,1.0,1.0,1.0,0.4879399295350081,0.44349753941364,18.06951910591613,22.827101813506136
SUB00050,12,7.519562994306883,68.81273982611604,18.359041828455606,0.0,0.262582372458282,1.0,1.0,1.0,0.34599222492021725,0.29433147386886455,46.70831245138377,20.91997141155931
SUB00051,1,122.9934333782829,249.22971520064561,37.1047579108927,1.3259767514453653,0.08268392088323184,1.0,1.0,3.6043041635501925,0.562569211418871,0.2983384164147055,571.1383763632352,21.773341668987104
SUB00051,2,118.63387299144314,163.26619690736618,28.635512061749985,1.392312404682475,0.4191342674556462,2.0,1.5177470129619597,3.1775465522783275,0.4752289292567978,0.5819120209460555,739.4565049437978,13.976067229159579
SUB00051,3,115.48526629170054,243.20569669197442,22.42172636735411,0.6141969751729157,0.3758978046231504,1.0,1.0,3.1375148694651633,0.3318283010825511,0.3126421682566414,637.5670801195504,27.46766393436956
SUB00051,4,120.17032069765779,192.85249113570887,44.27033525693705,0.4262512385399145,0.9313129403733889,2.0,1.2258514837812349,3.670364864537242,0.28880288451787567,0.2567791731108123,299.76351237178784,15.297364519515453
SUB00051,5,123.69900112966728,297.82341981619527,36.580171964499876,1.3977303906715808,1.4985891521025376,2.0,1.25216723884815,3.643090769177242,0.454402500584955,0.5847409259171026,918.842400810317,15.933451978501544
SUB00051,6,121.99978215191237,222.89444377832902,19.823707219786133,0.0,1.4654285615896165,2.0,1.690854582340663,3.6365282576827695,0.5024579459412015,0.3223463998586104,668.0805141360729,20.510766991699033
SUB00051,7,110.75760414602024,245.80421152133482,32.736000354588654,0.41613020797516104,1.2110834835392081,2.0,1.884565028321187,3.360587547162083,0.3720611723434373,0.29812033919661574,830.4568493232427,20.55063717646544
SUB00051,8,94.06373938039133,141.99437953810784,30.268851549624372,0.0,0.3934757657494165,2.0,1.6390388766305344,3.9623045335751668,0.44752467715193833,0.5710605203007733,388.40272960327366,25.1487440329999
SUB00051,9,98.92324033434495,194.1676570714739,43.61809199587104,0.33004235570367846,0.8966622934770332,1.0,1.0,3.5250764923252755,0.3090962769940871,0.57171508036206,266.13027464964875,20.583443374210226
SUB00051,10,95.49332656917855,132.852620933557,34.187476932661134,0.26015084685439194,1.0125282913064293,2.0,1.0573374034217156,3.62535814043467,0.511289721990097,0.4448463072995965,331.7987058691445,24.21530433964508
SUB00051,11,94.86324362512354,159.60808198426682,27.531773634704894,0.7344763704802624,0.832624482720552,1.0,1.0,3.073583322951926,0.535249119273445,0.2722361770988988,317.52481734696113,24.494703942513443
SUB00051,12,117.53738126708882,197.85344375038753,38.20042057818456,0.0,0.14622952409198192,2.0,1.6373101825116259,3.4933053126897557,0.44389170186686566,0.31347671674571864,479.0240950928508,22.542473306342984
SUB00052,1,44.01836102148292,242.33404977093392,47.73795614029618,13.570036281319103,6.465624548681974,1.0,1.0,2.2344183019424806,0.17070226895511603,0.40322434339979857,90.72297650534749,9.420050215407668
SUB00052,2,42.67928998800672,243.48772959939623,63.24040393081631,14.333282505877897,7.802850321073487,2.0,1.360889942155836,2.9492669627698174,0.4144842315880475,0.5261586568769252,333.4177712609752,12.628738410253314
SUB00052,3,36.407746687267874,215.7019692609017,40.33876493636388,14.11289795412722,8.579093877114067,2.0,1.4978094277362324,2.428647003487802,0.35026470423017253,0.3200722060825224,172.7952972324918,24.99439631797317
SUB00052,4,45.88422860515318,317.2424284900395,58.69186560165832,12.162068380576354,8.724677691894996,2.0,1.3609766372563437,2.7595149444788127,0.25558888619680903,0.5421617731085522,112.70586042477952,22.814224014324218
SUB00052,5,50.002279480804035,366.0385808730802,63.83269269204174,15.27071979102324,6.608310617574718,1.0,1.0,2.403996583181529,0.4124118242522128,0.4506589867500063,108.34016773363628,27.15731792773498
SUB00052,6,36.335551395651706,227.6412686988349,60.21225815298842,10.086785397806509,6.791608925031072,2.0,1.7358211368367569,2.0580397457057225,0.3698837329543464,0.3839770477898664,174.0356239178675,16.495142353912037
SUB00052,7,32.413549122962394,252.09940583499062,64.22631878466203,11.038410274818297,5.508425321728485,2.0,1.7897505370666509,2.612615829434172,0.47529316624423046,0.39148058152650045,231.98325668570945,23.97037699276364
SUB00052,8,29.03073406372176,228.26154613311584,59.61686149617212,9.685377116828475,8.952768483988745,2.0,1.3712405299414345,2.6058329544747134,0.47187913105906887,0.3340881978213476,101.72974724235127,20.143560281736935
SUB00052,9,49.177940773397765,292.6523713230956,36.167775782228055,9.973776277874178,5.0970679536865315,1.0,1.0,2.5104252496476196,0.3034992184917533,0.4516691545476469,288.19820028949476,24.069640925833014
SUB00052,10,46.95589892292682,393.8718465711516,34.663610287627904,14.947002899450068,6.283708718031839,2.0,1.6039759467582875,2.438417576866388,0.4498266650344528,0.4336099175780179,115.46186072313846,12.893748405095517
SUB00052,11,48.82044135974731,354.27395772446675,45.8423931064874,12.27186900633984,7.6078417719906515,1.0,1.0,2.7443773012062915,0.4386550239364527,0.44061117036683367,325.4394386444994,10.152897860796866
SUB00052,12,32.71229444690171,348.4624285489001,36.336290722064,12.03268569226951,5.89479829531606,1.0,1.0,2.2144495114776803,0.30022536410005657,0.3257185835474978,242.6485938442571,12.735977638599834
SUB00053,1,1.1507623139989138,1203.457237230857,42.326675652931975,1.3073141334107476,0.911312664931242,1.0,1.0,1.224343398646255,0.49740006478469734,0.49160085856582425,2.692670252697871,16.815334174028543
SUB00053,2,8.160626024853503,1428.3814644733734,42.219235204635915,2.658360217123624,0.04000799946939049,1.0,1.0,1.8842533654753777,0.47790483168717157,0.5692160293873932,42.45723937003946,16.97492467750329
SUB00053,3,3.7849263971080145,1744.5469496767128,71.76618072456802,0.5673278758483413,1.0661546112810494,1.0,1.0,1.170395543235132,0.33841874081790224,0.5476891356115174,29.487230509434827,19.897372293588028
SUB00053,4,1.5850951678002332,1558.7080233756185,62.123496956835446,2.1266204146167924,0.5677082846128938,1.0,1.0,1.6981914596192744,0.2941564980528786,0.3054046210514727,4.176101877756523,9.901067563014179
SUB00053,5,5.853448922436188,1505.5774057384826,46.12547410751486,0.838403220971278,1.3887876879040317,1.0,1.0,1.0005710564031722,0.4644601755132979,0.3081595659874705,44.19058985204601,8.87955495721129
SUB00053,6,5.978121563454272,1320.3241306782347,54.307117335080896,1.5963688723698009,0.26292806928648865,1.0,1.0,1.122642847637898,0.4085797550115712,0.3710548581324373,20.040482435724222,25.319955470039524
SUB00053,7,3.7234052467312413,1210.0910251998273,62.98953511896941,0.7120862434446262,1.346493315651157,1.0,1.0,1.6555109607382938,0.4686774454043522,0.4925261119952308,28.021541449506255,12.509683726790994
SUB00053,8,0.0,1534.5571510955442,68.34169876764908,0.7503637032285443,0.4783010339037787,1.0,1.0,1.634003976961187,0.5060530030107191,0.3384429447655966,1.0,14.108835569854778
SUB00053,9,1.4834208529135404,1249.1027445465597,48.18706516634697,0.666481776611621,0.061127765471312545,1.0,1.0,1.6645123401493824,0.16342607081857077,0.5279697272285495,7.493139753115814,9.503991441569513
SUB00053,10,2.792488717199184,1309.914158041482,51.65519433201017,0.0,1.1511836656335768,1.0,1.0,1.2293392195842796,0.46454583821712336,0.4505659517848336,10.756883397505508,8.709082648155013
SUB00053,11,0.8841604149629507,1571.9966515664985,40.177981545871354,1.4946202720661477,0.7297069059550231,1.0,1.0,1.7445862712787308,0.20373141832755765,0.4062228483319106,3.5483329682233236,17.1931048698807
SUB00053,12,0.0,1771.1774229362534,40.40291779269595,0.04254445990106559,0.26947984022239235,1.0,1.0,1.094060609040151,0.5437689632063734,0.36784522670875297,1.0,10.214397163731514
SUB00054,1,54.13189988001479,476.9637905323585,95.90304449715899,3.638358214592937,3.1640585086388544,4.0,2.834863393464645,3.2917379598126466,0.388678304710528,0.3793280664759477,153.73579380841085,15.11895725404187
SUB00054,2,62.76181060881605,470.84732531831196,88.85446639298615,4.213342379118708,1.9053900621666484,4.0,2.8037995218070693,3.157136304858951,0.4083153916862776,0.5927711417034115,193.70982374222507,14.377478868459379
SUB00054,3,72.32624328016183,471.50211429133594,116.11497328639176,2.096756812022375,3.0846512976818232,4.0,2.6698951790301804,3.2847502748337902,0.37472881235368294,0.5987522466974782,237.7677347110238,10.5841492926717
SUB00054,4,79.24012566554323,769.5400530106674,94.61168988423113,3.697614252043623,1.7210523788366274,5.0,3.4418897264487285,3.8965919628619163,0.49891565357696277,0.43297696596630997,413.4489456022242,8.29873888456465
SUB00054,5,65.12369512579833,620.7992464095017,85.6983306165109,4.503141789979286,1.502547492501781,3.0,2.9126450975455027,3.8394709492122665,0.31920616379450484,0.25483941991830217,281.88753016664907,22.721282086148978
SUB00054,6,80.72764413443224,618.7161712443867,64.21982747205685,3.0572947753678954,2.29277029498148,5.0,2.720685096729105,3.1056338095333933,0.45990493443268043,0.5675364051934285,312.22831625248324,24.00320638797905
SUB00054,7,55.710336781343514,640.6491754254749,103.08523496625651,3.402594342560451,1.9509352752853493,3.0,3.0,3.809241483573384,0.5287882116200966,0.5403157828173011,165.7351833152217,17.93900449094089
SUB00054,8,71.74612891399454,511.90187402844066,112.12234825522921,3.2295272145252683,3.440865834180646,5.0,2.73256223355249,3.9749672819047244,0.55841319866135,0.5778018381324773,490.72330061661853,21.034689500064
SUB00054,9,60.827645456445,762.8243254585265,81.56942690653959,2.0378758230251512,2.1522602852500077,4.0,2.936052621109525,3.942839678527908,0.4670545420731236,0.40765602655036626,235.65960930228303,9.478252597238077
SUB00054,10,59.15197841900326,507.78425566365763,78.1217659250567,1.0585108543402026,1.747638185353949,3.0,3.0,3.1065679701907625,0.44344170070164834,0.5456742591394885,315.97660354035975,12.2068719084552
SUB00054,11,75.33945563588087,475.5414582863303,109.5235729876303,1.7438154355985824,2.537102452325964,5.0,2.5561435406764144,3.4170449325850725,0.5203863627020253,0.41663516056846756,556.4037758366727,8.881691110749562
SUB00054,12,65.39879428761961,566.1779250327609,107.43462271167664,1.7648419539311662,1.7929309425581428,3.0,2.875088025665545,3.5392108022955706,0.29309990014889975,0.583711996366318,486.3894522067774,24.527926085812577
SUB00055,1,5.019977558057181,95.58372552056099,35.601433690650325,0.024462818053946594,0.26812728831412236,2.0,0.8048056866174953,1.0,0.16966621021568665,0.26561489009327305,12.714957043709214,19.59635824939432
SUB00055,2,3.8925881697844327,98.2236603437106,18.564497276762232,0.3462277626038726,0.000449526074255413,2.0,0.5495492953800519,1.0,0.4015461908649953,0.533172349286658,22.99868138314265,23.38774834431959
SUB00055,3,8.29909907366727,147.28921007383303,30.3461565080016,0.391118962961971,0.3584972410593935,1.0,0.5013842378819564,1.0,0.4316115075889395,0.4467520210652942,51.13174395050055,8.000263371124149
SUB00055,4,5.211220586089404,143.62420186526577,34.89036727660655,1.4818683124401253,0.7243774983675693,1.0,0.5370098537075905,1.0,0.2944479772917756,0.4346588500920785,34.2674978510244,14.694156375820251
SUB00055,5,7.406002464602429,72.96989336368793,20.314006491601155,0.6806184490104202,0.29951044730764287,1.0,0.6688267794394369,1.0,0.4642221985908829,0.2665787168877656,32.095335098708595,8.750309111588825
SUB00055,6,13.797647683713112,155.94075467212303,24.474383163482532,1.3590573394004066,0.888211187929624,1.0,0.6879437709521161,1.0,0.48469611504794174,0.5882447436775056,33.09957044695094,12.866777560777198
SUB00055,7,9.192153444266996,115.21484064962142,38.713512694350854,0.3410086562884751,0.8517683155920974,1.0,0.5939456210983256,1.0,0.4476698956596247,0.41419619915423056,20.938965419334107,27.676790138852404
SUB00055,8,11.80618421823414,74.43850981610629,20.985750627723817,0.3627307472116135,0.8917170640057281,1.0,0.5628931776769893,1.0,0.45166093521378714,0.5460971678004563,48.239224413782466,9.224673636337357
SUB00055,9,13.959768764982638,80.83790260023305,22.34995798078978,1.0202315329994123,0.5491071960244631,1.0,0.7539450111956449,1.0,0.43128367971737025,0.29623757652314514,30.144994934814125,17.770623261269243
SUB00055,10,11.37178228622756,147.48077443321213,25.39164117092266,0.795139651938396,0.41738855214277626,2.0,0.762994558872248,1.0,0.3821674548843531,0.3263217099296125,22.950098191552378,12.717920309466866
SUB00055,11,9.19393308387323,142.48444199247277,40.355628824729735,1.1342116953930266,0.18873671290321514,2.0,0.964773429286137,1.0,0.4366249513130971,0.5202088059640408,72.21096731285942,8.363529663379214
SUB00055,12,18.56468658210796,128.04061512232568,31.939486291000964,0.5693375492206242,0.2640135708378334,2.0,0.7800872493837376,1.0,0.3386541348166148,0.48809901459382277,91.18536995730071,21.186412739171892
SUB00056,1,125.58019923676552,445.328515556285,35.4738755615296,6.271072133629945,2.996088335302434,2.0,1.0195527495359347,4.1113726095178444,0.34780074386433185,0.5040720085387642,835.7277105670431,19.309779080282276
SUB00056,2,118.02572313557613,318.43458674294703,45.3574388852292,3.117873803613861,3.5268530703242433,1.0,1.0,4.601492963464973,0.3072721116907481,0.317640755390028,719.8668359450799,26.67103292540017
SUB00056,3,128.45967078855273,478.43992447563664,31.354301087533592,4.762803409364936,3.609893600783097,2.0,1.5059577570388294,4.584728154812944,0.3339702039971898,0.3203395837441395,859.6775000157104,21.437038341044133
SUB00056,4,130.08089111371012,423.42253096021926,33.2486513150107,5.29691862187339,3.9313395137930334,1.0,1.0,4.017842347255312,0.5401031495390686,0.31002735831760986,406.74658416155046,16.476144452813422
SUB00056,5,119.89239481063245,406.1841023692589,49.618521197736214,4.911278940400924,2.0078846650653634,2.0,1.4943707432099935,4.29772060382129,0.6485042978568971,0.3307948101490682,896.4543321118242,26.35933263659834
SUB00056,6,123.55279616829934,384.97131358427333,45.46990568344015,5.580970500190496,3.6956860607940514,1.0,1.0,4.274858086117992,0.4403154420230073,0.5633511360015402,832.8042612564589,11.95264289011686
SUB00056,7,122.7010542127396,440.12594107996233,39.90138006695834,5.81010134768822,3.323624109712818,2.0,1.2508648074572304,4.862158914213815,0.4035559632904554,0.3198652632140051,589.9077870296268,13.10395948630011
SUB00056,8,117.71645695791156,516.9815585998726,39.941746761759774,4.098065994624982,2.8675629540567718,2.0,1.8961449011441203,4.974148253020688,0.27069887521323255,0.5285112329501014,691.5017063154388,13.22872516331816
SUB00056,9,131.24264964191923,287.1706186020037,45.9092464614665,4.583084832181095,3.900176364595681,2.0,1.8688091979784618,4.344156316090843,0.528403601630841,0.4811744763239073,869.7806352965326,15.318583285349709
SUB00056,10,113.4751210811691,468.2959140825684,48.9012158633899,6.27192370873974,2.0345772543716247,2.0,1.5493764341898628,4.782712102731508,0.3151153845917556,0.3925981097699002,852.7673190339275,11.431959824943313
SUB00056,11,114.40764482326321,481.6696050241193,52.66171052637189,6.931856663267342,2.96077393681312,1.0,1.0,4.652487980643983,0.29378285101711765,0.42824522631533923,706.318798773721,9.307379444792414
SUB00056,12,123.09212538081903,358.4857965142142,47.24775806168085,7.195333805656203,3.9137150554000195,1.0,1.0,4.160274410111322,0.5591726255535834,0.3350988513876004,868.6522489458539,19.742886823101966
SUB00057,1,2.005679823841858,82.58140915545786,20.38406563066153,0.4209070816834681,0.03653359349763363,1.0,1.0,1.0,0.3574373142743624,0.5333141738035523,6.322419996370231,20.579515127825402
SUB00057,2,1.8570565472550877,85.47558875230146,23.688522313100325,0.24061927731763239,0.21165297210967954,1.0,1.0,1.0,0.45947605244936895,0.397379455863923,6.627135353492662,9.737304370563638
SUB00057,3,2.0425974759781744,27.805256336575116,13.622757127384803,0.6004529968070004,0.48602689932215276,1.0,1.0,1.0,0.47316736748328003,0.4657089666378826,9.33522788180961,24.044713092878922
SUB00057,4,0.0,36.71467993733489,22.95722219278775,0.381254839722385,0.43724665200922114,1.0,1.0,1.0,0.2993459119923811,0.5769296500329029,1.0,23.35741731047591
SUB00057,5,1.5768670060696977,71.01455417074918,16.682749546649784,0.28854187426384986,0.33869101283849024,1.0,1.0,1.0,0.3262846032808866,0.5676824659128354,8.623322069487086,17.932780461323905
SUB00057,6,0.0,49.305920750527065,17.14523401398914,0.030521850569727588,0.4949667562947654,1.0,1.0,1.0,0.5375966936975728,0.5624740113455522,1.0,14.18777832901747
SUB00057,7,0.47361765564290326,72.79031197227775,17.73710797333885,0.0,0.40815858397530824,1.0,1.0,1.0,0.32777097060616434,0.535799638316403,1.3555418106717192,14.713929262988135
SUB00057,8,0.0,76.48184440544823,14.560587527978711,0.0,0.4961588167996237,1.0,1.0,1.0,0.2679827242657012,0.260561793520699,1.0,10.051871445276827
SUB00057,9,0.0,37.098600536574,23.977251096855415,0.5226232966749179,0.3750635877951319,1.0,1.0,1.0,0.4824205241593511,0.5349761810809548,1.0,21.957458557354038
SUB00057,10,0.5320646777720881,47.405510559435875,24.713238157775432,0.5562838046680708,0.03464379767355319,1.0,1.0,1.0,0.33792002652770525,0.46169826723665464,3.8681532887987387,24.9422772578696
SUB00057,11,0.1474293777213569,18.25169901069809,8.625772449769453,0.5344386793615341,0.2751548879036373,1.0,1.0,1.0,0.3239922712428195,0.4241284653683742,1.0,20.29359775475004
SUB00057,12,0.0,71.10052608124582,16.278310531687463,0.24131902831206928,0.01735664004349896,1.0,1.0,1.0,0.43793916795585897,0.4641498991699177,1.0,25.931085443703235
SUB00058,1,124.62924392524248,249.56275019306577,26.7140248268959,1.449551604074416,1.41162618818809,2.0,1.8185488820337248,3.7728574224386584,0.4565974913524934,0.42388608886124474,874.0450054001976,16.495705783260696
SUB00058,2,99.30223446730166,203.70090422652763,20.366200501225357,1.516274816508124,1.2594913941176729,1.0,1.0,3.9004691278855876,0.32411503164160915,0.4901582233231593,326.4807718926654,24.466086124609156
SUB00058,3,114.37190259859992,205.25320580997274,39.02168914383393,1.7735410909244735,0.45343082320635014,2.0,1.1495270088146992,3.335283020528925,0.6042388082271835,0.41679162969477734,739.3982646078889,17.6955701299268
SUB00058,4,107.3428146439128,211.35041266851408,37.13264689348934,0.4022899594785073,0.26311875629563947,2.0,1.816289770248988,3.5230760124885765,0.6375122365473509,0.30130373601580535,574.8103215256075,11.664442527974197
SUB00058,5,103.4834607883048,277.75188956638124,22.486314166828155,1.5220808986832468,0.825126971027156,1.0,1.0,3.2290792687700707,0.6242705480784171,0.3861048992446771,570.3609304367345,14.03149148507029
SUB00058,6,115.66134095563451,120.2430268745355,36.8000387494605,1.1054774486527643,1.4358907519992334,1.0,1.0,3.430038364973233,0.36283956242221005,0.4771529920212725,710.5782099649797,18.527761677801905
SUB00058,7,113.93937146260255,272.5970305503441,24.386740099676427,1.6623104377270177,0.11780292066442416,1.0,1.0,3.7246313642116546,0.5601822865430303,0.47235526054794463,394.84598682009533,24.105907143901227
SUB00058,8,102.11067103235123,248.45468188091832,38.97861355984989,1.5190544800763117,0.6307667890477302,2.0,1.7245785007829613,3.8959766157245608,0.35917792517889013,0.4707716955186483,624.7187697553449,21.495942795737854
SUB00058,9,110.37759639622094,264.6580378456747,21.241594871947292,1.5459235948445236,0.04984974414680854,1.0,1.0,3.454688383626075,0.3088244502338937,0.5363291236852736,393.89518831033735,27.91252923207761
SUB00058,10,111.00305242276197,236.2656992683966,38.38415953880843,0.9351017831913927,1.3424906190624972,2.0,1.5210058072286208,3.8499222201663774,0.40095518884644465,0.27114265187847136,416.2399274482643,12.838406229496217
SUB00058,11,122.53671080485344,271.07132887839606,23.97563557155611,2.19364460404086,0.15617426296729225,2.0,1.4029872151293783,3.4770158907322544,0.348132538513359,0.27317536186354757,743.2021286203352,8.47322707068529
SUB00058,12,120.7414964021486,284.3481797561892,34.71055587985899,2.0315086245250527,1.4464588067909512,1.0,1.0,3.8028070537341723,0.250415262868855,0.43445557088970044,714.4585902151762,22.344108994751632
SUB00059,1,41.720306009858604,349.6986330813914,39.02492989783709,14.877234082000921,7.0213593245499695,2.0,1.7851385890922367,2.6174644435816976,0.3007526718952067,0.5715757916233798,248.57109508684425,26.584777336874925
SUB00059,2,38.908658225252026,377.76019149660874,63.626856160761015,14.925765552236141,5.841197177076236,1.0,1.0,2.3635542950803,0.452686970729415,0.5730515228818878,304.3572585106039,26.953482937507122
SUB00059,3,39.86694642798935,413.24248262419206,36.56355915896669,15.487165815427293,7.145216039192631,2.0,1.944221153521555,2.602891323348672,0.31185144897581396,0.44288605051279495,291.7012851253625,26.256973222706552
SUB00059,4,36.62949277565143,265.87394490126826,37.695892287410004,12.757974303294837,6.351346944523092,2.0,1.151025606631452,2.1395436662061598,0.4345844462856471,0.32757330125044615,99.18761620519666,27.977433795285776
SUB00059,5,34.2531567995534,346.33661665459397,49.63216190248724,10.48375132373378,8.311891065947137,1.0,1.0,2.9090491405600645,0.4711297485215872,0.26434851943071075,249.21418007238836,27.371328359569798
SUB00059,6,42.59426145083368,353.34122655527426,41.858921113269304,14.64007395723995,8.411711724077609,2.0,1.2885161037049282,2.9750186958610367,0.3784022191758234,0.4308643346392606,188.31169052415444,10.726884061553747
SUB00059,7,41.40093241608021,375.9516387295464,56.86742993724828,10.983146478165189,5.081687003860222,1.0,1.0,2.377760041325965,0.2552694417935377,0.5982697185646138,214.62521699124477,25.263650848208762
SUB00059,8,46.58676571796577,294.3594468773785,59.670882600849495,15.273809528679877,7.954521528479386,1.0,1.0,2.8047895882182705,0.5045945298645174,0.40705066449773636,196.5278595754338,13.069032240217757
SUB00059,9,32.478704627235146,363.76793729749585,41.10526080339277,13.841046036341156,6.025147209950729,1.0,1.0,2.5767511923948043,0.24210428624584224,0.34835436948215187,108.188909702029,14.903711441212831
SUB00059,10,46.27259418096994,275.8861903997055,63.7440504428151,9.687468018532787,6.308644270911902,1.0,1.0,2.0828743632563205,0.3580167537410064,0.3297529527584686,301.60194128475763,21.146112366559088
SUB00059,11,41.15943982743127,322.84987345887305,64.9535909821025,13.365338520067349,8.468471116862192,2.0,1.2373156028053796,2.678111995325425,0.2998577712997846,0.26507891973424563,283.850758073791,9.037463332974838
SUB00059,12,40.76985545464434,302.059517511493,33.304684218995135,12.784686918247251,8.47011898542517,2.0,1.799787504635805,2.4501211967413283,0.3214575649972982,0.3766245227939562,175.85852415402158,18.3991925285045
SUB00060,1,5.679466129094968,1423.1050839103796,66.75499258531872,2.5998090813839143,1.0145521921760463,1.0,1.0,1.315208690355523,0.2917166998751686,0.3279949732245294,14.244217086632798,23.800935802837024
SUB00060,2,2.362801256073584,1280.993264617477,71.24139189116818,3.0724506170407393,1.3594451993178924,1.0,1.0,1.3268803343575444,0.26698060679268143,0.5009968431604748,5.089559244869799,10.840844298359542
SUB00060,3,4.519555790591487,1249.3634952694586,67.62696612172385,0.5302433542778501,0.34545029513864894,1.0,1.0,1.0353753967242072,0.5123453422303762,0.556711448501823,14.050910295460886,13.306851795469099
SUB00060,4,0.1693656441518976,1359.961926617235,73.10564097534277,1.9129189982192887,1.325504109625,1.0,1.0,1.071825204571991,0.43342406808741685,0.5316063157684503,1.3108582681879124,19.60940945564871
SUB00060,5,4.032492688566716,1634.3517384518584,63.99020194864143,0.8149229888260506,0.9286696774012914,1.0,1.0,1.397571208961346,0.5260187704323611,0.4255869485498818,13.403801566900887,15.073128235376968
SUB00060,6,2.11512690991853,1573.352379874836,65.9089151146231,2.0117973793808024,0.26169427434947945,1.0,1.0,1.7354757731982764,0.19805488579139668,0.4838679257076205,6.494162686340189,10.366203564958527
SUB00060,7,0.0,1556.8799148488224,45.14248821858522,2.0866846339421534,0.4686077572618266,1.0,1.0,1.0915586475604568,0.5048847724090711,0.3818455839260821,1.0,23.37376303608629
SUB00060,8,0.0,1268.8293307316299,43.86075864681231,1.028242858064849,1.07637570583042,1.0,1.0,1.0617550472373352,0.5475656848692187,0.26904701004841913,1.0,22.80537866961071
SUB00060,9,2.2541095896345658,1621.3365584866856,45.48713341959218,2.7223618265405283,0.9676227398507914,1.0,1.0,1.2368580775651452,0.3462638461826426,0.33757283865299204,11.65904889501012,17.25016366213036
SUB00060,10,3.770177141142817,1324.9261384963095,42.020174607634026,1.3447938161444997,0.7314445688413653,1.0,1.0,1.8784146664451715,0.36749098454304086,0.35039383260775114,8.942429745259277,10.733326094966472
SUB00060,11,0.0,1214.9160829046705,52.76325082706282,1.5621906119531552,0.3056558969136339,1.0,1.0,1.1344419710296796,0.20063278605431564,0.3926077313909949,1.0,9.83453552310719
SUB00060,12,0.0,1272.6651712429796,51.38852232849331,3.599253191579625,0.6511449393281292,1.0,1.0,1.361285841622447,0.2154202778685193,0.44306270053662944,1.0,25.00035757627913
SUB00061,1,69.26722062831367,800.3262556065295,110.93117889214497,4.244681027949603,2.0195067210524136,4.0,2.7274399667939333,3.40373244508447,0.48446286209362877,0.44630776212612455,211.60408307370017,10.095963996270635
SUB00061,2,58.45646630857129,467.4968468650778,74.86364614424949,2.9633345681421703,2.5236596017570436,3.0,2.6493899535055414,3.34072711323127,0.5268115230927134,0.2654809946481529,408.0186413563096,27.23650280994853
SUB00061,3,69.23924579294219,592.1666349775493,66.37493456480625,1.784741780989412,2.456257314202295,5.0,3.1128056746614274,3.181205874838388,0.38048445610764003,0.3184983303162646,427.89726499416287,18.331450164446238
SUB00061,4,72.66534154870077,620.5772723695293,63.217170882381815,3.410397049294587,1.7933066419416,3.0,2.6575133976840526,3.5187554249638433,0.6190926731080278,0.32014264536909937,192.06314912330143,24.50553123965904
SUB00061,5,65.15650858077062,561.9250034625527,115.39881325809986,2.8901937532359447,2.7630334996902546,3.0,2.934086470337012,3.128837228476953,0.6340328431941459,0.27194210303604704,155.91303466145752,25.963123843634044
SUB00061,6,59.72548962848968,559.9078093996895,71.54816215620164,3.682548499097985,2.16728578057426,3.0,2.640206667671217,3.70614433630792,0.31731308639776934,0.3522442369158506,240.18322481808588,17.0873359395934
SUB00061,7,72.94372154171401,756.4374498378371,110.30920296781079,4.529136398568441,3.4558546037281803,5.0,2.6652309407381263,3.1726806485789742,0.4957324699440566,0.395668996550704,441.68568632482027,15.448554497994053
SUB00061,8,66.82875670204403,498.58907810975586,109.17835829391313,4.218574419953312,2.998972562718656,4.0,3.0090584341970157,3.8154539365256506,0.6268253781255267,0.5026090883174033,175.99577924987162,21.020397185070124
SUB00061,9,55.815658276877556,678.5523726219537,69.530489443762,2.824324200891464,1.7644186739817378,4.0,3.347715554095343,3.5144733414642264,0.4659700976375152,0.3679011794545825,191.4911990709275,23.10464140351172
SUB00061,10,79.91717432605489,551.2454152113221,63.03572508134137,3.4323553019123407,3.0768152449367454,5.0,3.1901551893513638,3.543188385540556,0.5849854519908795,0.5861325546449576,335.95179638126115,9.766816397792743
SUB00061,11,75.963212212146,532.7073602371454,113.88890229718893,2.630694117997103,2.34799825431796,4.0,3.373695400469458,3.7343457415813934,0.42291777039689316,0.37530918732938945,523.7913769406215,23.141205970715415
SUB00061,12,64.86282871086651,487.4841140448739,63.23510733325408,2.943328384965765,3.2142836353611495,3.0,3.0,3.623800361425472,0.499625240496268,0.29337611129355584,401.7468774705512,13.60052821740946
SUB00062,1,6.06594665420765,86.1843670851074,15.845228243455805,0.11336208593487684,0.36330589345801867,1.0,0.7666892016159965,1.0,0.35753995801953253,0.43198981845049245,29.246473257435117,20.258978089299415
SUB00062,2,10.64697233690399,116.12934506004574,40.79442843954608,0.6538388033724435,0.9975371692110346,2.0,0.5615216230704951,1.0,0.29129063530652455,0.5951210167547288,48.80284722839202,12.60267976585618
SUB00062,3,8.023228725141275,50.95768555218082,15.470625818499117,2.202886231134806,0.07582321014241111,2.0,0.8011535367143423,1.0,0.16987481049918962,0.2708237301379739,51.05767657126841,10.111303578378196
SUB00062,4,5.139644970145207,158.63047749219925,40.264296337826764,0.4145329500366479,0.8469176727143358,2.0,0.8479101891615113,1.0,0.28888344668287147,0.3467416901816483,30.40849644092489,10.67248274005794
SUB00062,5,10.584439010011982,100.86710399042948,27.93337649647257,0.6085088834713358,0.7196477850144256,1.0,0.7719348949410763,1.0,0.22577874394428332,0.30368664879136253,48.60179532003035,17.119491580550317
SUB00062,6,10.126063099435793,136.15743901261732,44.80004086531625,1.2707044176572122,0.8060508718535989,2.0,0.6670794654269456,1.0,0.41575370896919916,0.44435469767619085,50.31748409893583,23.27127527615155
SUB00062,7,5.41405653939041,132.57032012168753,38.29072022303497,0.8311381983138921,0.209205147765802,1.0,0.9505205740360059,1.0,0.3166916979132056,0.3458341065015463,23.193634303827007,17.521011907334604
SUB00062,8,8.068843296206271,156.53383444536442,22.87350245917314,2.6185038188141845,0.10114218778634565,1.0,0.6965645399256124,1.0,0.151496971339618,0.2777065517335172,41.44491541518577,12.617858902618845
SUB00062,9,9.299096100060744,102.00622627532152,19.397223764045926,1.7483824948219535,0.7868649009371865,2.0,0.8369475527364907,1.0,0.27048363612898074,0.3232272336964067,73.19058391202829,14.402950892949939
SUB00062,10,8.125826415050387,106.39371343791916,19.243722628625285,1.962996779204452,0.7733667567747976,1.0,0.9560206394179334,1.0,0.4411405304798163,0.2767789370905887,36.003179179642075,20.176047396813658
SUB00062,11,8.941773362133404,158.57286193660858,25.16780534531148,2.9353559812464063,0.5273959540644526,1.0,0.606560756891686,1.0,0.28384944357764785,0.4792571031086593,25.700316180418014,27.88231189267339
SUB00062,12,9.359046414419318,113.52547619895199,36.636248183216246,2.3943118897257536,0.8889991954515393,2.0,0.8347605742238324,1.0,0.4052392312479506,0.41618827293703153,62.331078448718294,8.105202465674662
SUB00063,1,123.86613214711679,392.6891466053717,51.69575975284928,6.999332883418354,3.683313526837897,1.0,1.0,4.656137413441311,0.3310821493784325,0.5111986554612811,396.3445355175007,13.260212931788285
SUB00063,2,118.04411120215163,474.70193515909614,50.493732453372374,6.435577754753361,3.56287457497484,1.0,1.0,4.118241730388671,0.42071779423650324,0.4321280194185167,292.691571577931,17.252255234634998
SUB00063,3,126.80655024763115,333.12868542133253,38.78390614887853,6.743947493932042,2.6192257394158522,1.0,1.0,4.094643912289691,0.46915229689610194,0.45738817710493884,487.69944110683974,8.939064949829415
SUB00063,4,111.32932787218202,457.49703236179505,34.5242462430456,6.835261844210407,3.9287358039448357,2.0,1.8364546986354817,4.908338153245448,0.5790702104574925,0.5330943994198893,464.0050627554856,22.266862134419462
SUB00063,5,125.19080206668596,541.8325264339047,40.3286005546946,7.110319846193825,2.3053622842570753,2.0,1.859854009702266,4.114444987622361,0.49868507242993065,0.44855041695816,752.7455912664215,21.421127422535918
SUB00063,6,135.62348819584693,386.8533315153638,40.73546148096654,5.619181632441564,2.2964843539071857,2.0,1.0682914516701216,4.590145592680621,0.5518300116071561,0.2541522349542896,452.50626126303496,15.541440616987735
SUB00063,7,122.86272931384428,446.2805869490545,30.637073410725474,4.0843317779962,2.7233255983884943,2.0,1.530065060135181,4.577813314263846,0.5297100047590878,0.4735571100492312,251.7257011126277,20.637153468180234
SUB00063,8,116.94833023016805,362.09489091617985,45.63738334222653,6.662886161128849,3.3383480026649246,1.0,1.0,4.340365682987545,0.3166219397152703,0.3514861837887592,769.8673698879315,16.188014490925113
SUB00063,9,128.5089905250471,450.2737147051602,45.27020510815129,5.978519273430035,3.6856067738437,2.0,1.9332387558846558,4.997994537723283,0.44447836503432825,0.5035243808124887,753.4150599202137,12.745296320014944
SUB00063,10,106.72564267078131,513.1843179379309,49.61096802982961,6.893253841115635,2.57148177675478,1.0,1.0,4.246580528079726,0.28594001723696605,0.2943706922036728,348.25440355382483,19.60468422751674
SUB00063,11,118.49511724614274,503.96729340644663,53.07773684089484,6.892408074531417,3.8269513820313903,2.0,1.534773555730818,4.452926073318585,0.4428699383067327,0.5192272242948224,601.8188805044816,11.520493974048813
SUB00063,12,106.74809967248952,342.43214745113295,52.31040030438022,5.689057065789847,2.446029079053548,2.0,1.617086696294487,4.532127531897161,0.6307426604867761,0.5983823061789435,749.8387828556228,24.105922897806046
SUB00064,1,2.8648509589077427,10.924883952053992,17.17879346675985,0.33565702115535323,0.2553928819971253,1.0,1.0,1.0,0.1694262755272314,0.467073184554058,15.899444757034978,24.621800459960205
SUB00064,2,1.9989950722875554,31.22487580000342,24.55349333005833,0.07319952003981448,0.005784357330220147,1.0,1.0,1.0,0.4692679878831313,0.26156480582274055,5.962275385167086,14.85220762323805
SUB00064,3,0.5096106714838362,95.99646963907475,13.465642173315441,0.09432029234555953,0.13925327884378486,1.0,1.0,1.0,0.3120292889912209,0.46234885944288556,3.75151365738714,25.02656943432771
SUB00064,4,1.5957515908710638,90.50596365993152,20.896156120826067,0.49052989757870336,0.2207816140232402,1.0,1.0,1.0,0.4505859256677027,0.3167645618924247,6.533499810183075,15.845079916518099
SUB00064,5,1.5552441337610392,60.719437149290044,16.920677587788216,0.0,0.44352964181873955,1.0,1.0,1.0,0.29368089320941315,0.5031513930217478,8.149093242475487,17.09943601416331
SUB00064,6,0.0,29.693957133485423,7.841061932862061,0.0,0.2191172385944849,1.0,1.0,1.0,0.5468798164690589,0.5457442568710744,1.0,23.12647241617215
SUB00064,7,0.0,43.98869130503374,8.55965578648567,0.0,0.12660420924584637,1.0,1.0,1.0,0.357312005280787,0.3662852450784637,1.0,12.529673129880026
SUB00064,8,1.7815028914384912,12.448256528766933,6.4788185813435035,0.0,0.44302302222243817,1.0,1.0,1.0,0.22839770885616972,0.3125552815737215,6.776728008111507,10.166029295378936
SUB00064,9,0.0,54.75144881426472,10.136938829355675,0.4209272308850834,0.07209749056124282,1.0,1.0,1.0,0.4777258674046574,0.46601472390627824,1.0,15.072678430071615
SUB00064,10,0.0,29.046072849097015,9.718315249892356,0.0394027382023453,0.2286648997196683,1.0,1.0,1.0,0.17417093427526367,0.38689574357709733,1.0,27.979379835153704
SUB00064,11,1.056018446572357,35.28646864624277,13.990867321142407,0.0,0.3281280040585673,1.0,1.0,1.0,0.28788358471935516,0.4290310140212184,3.3456459041921764,20.510807036495727
SUB00064,12,0.0,51.808000586860324,15.110634972676438,0.0,0.28894640761066326,1.0,1.0,1.0,0.1713108931963249,0.29243741476014284,1.0,20.08947865029051
SUB00065,1,109.95789513032278,156.030247400593,42.68654273546501,0.9449319214052144,1.3630592542815532,1.0,1.0,3.737400945519381,0.5301211828574862,0.5279853975007651,434.45990429573715,16.72106438132384
SUB00065,2,98.48117195599411,172.47505646223976,36.15772183695559,0.12100254637016089,0.06468985014372491,2.0,1.9949381428236241,3.4298849568221588,0.6460032881491746,0.2941788983331369,428.8585258973834,26.039299400969437
SUB00065,3,120.0591754734488,261.1527510330381,38.00632398459683,1.4105109416645376,0.1095040388558452,1.0,1.0,3.2927697949590247,0.406834870880564,0.423432298242877,521.2433712461353,15.745833441719332
SUB00065,4,99.13067902817217,260.3162454954612,27.716232086338074,0.8028466949685351,0.9133044267739974,2.0,1.6979030573438074,3.1033540461290166,0.3719688802291248,0.2560717367104353,468.6748888978841,16.588601556605745
SUB00065,5,116.83420205958576,252.8896110465713,26.457494244290974,1.711405643543449,0.5141743333967437,2.0,1.1992244150707005,3.947412993690463,0.6491047811176632,0.5366185492870194,443.768429853814,21.277333081457094
SUB00065,6,95.39952399692761,227.2482556052399,24.822496786851076,1.7713926939697417,0.7795700804016352,2.0,1.7507347465532592,3.8261896225185548,0.5559387249583282,0.3845498175819727,558.235520587221,25.147198165418555
SUB00065,7,98.55292747293207,169.41884795677845,38.16846251755947,0.7161717046111725,0.05487860013274071,1.0,1.0,3.70578699597195,0.29156646594754354,0.5458233237390797,620.0525617212319,10.399347934501609
SUB00065,8,122.84762048874191,254.6979569970243,36.5777294765861,0.8909532357433217,0.6994376108446985,2.0,1.2765162397706513,3.6125281607565225,0.4574396297496942,0.5447418633776531,458.4105206036344,19.098887614229724
SUB00065,9,122.95387188059026,221.71864719873832,24.974965717033733,1.414913093112896,1.2142970629876093,1.0,1.0,3.390003619713175,0.25499349982859865,0.31087815958825066,354.67644312461687,10.317640056260736
SUB00065,10,112.72462937953962,164.5219576057149,22.47067988903696,0.8772746236813239,0.38430856017414866,2.0,1.7580956000912513,3.8527766432521395,0.5505671398955401,0.46987464089645975,839.3191234589491,18.394736054685012
SUB00065,11,111.98800927829382,204.72223781767335,38.89792952021554,0.5751109892088038,1.2966902892555536,1.0,1.0,3.34322660288235,0.6442157277197723,0.4919428205666305,708.6779096536034,18.31653837924462
SUB00065,12,114.81549185915698,190.81595048166082,15.389026662866582,1.688912423011617,0.9143318020429926,1.0,1.0,3.172218511021754,0.2798417232630743,0.5710570077434012,851.5509711131727,21.65944972425899
SUB00066,1,45.767702533521,293.6719535798715,60.10910786563001,13.316075786879042,7.790735313230562,2.0,1.0854190114243887,2.12604967571558,0.454110187280267,0.25863242261849384,105.89869023732058,26.09287156172835
SUB00066,2,43.71864081806806,261.65359139852717,44.61602799920395,12.625278013384023,5.808537613036163,1.0,1.0,2.507251105546671,0.2179823309837447,0.2662864833520046,125.0118492373197,25.386698726234833
SUB00066,3,32.46908567597961,213.54821520704488,45.59072085397755,15.757745402042696,7.125556881947087,2.0,1.9506602601286904,2.9564296104172483,0.26045594742221184,0.46990341896009674,104.2741915195428,18.949435892009177
SUB00066,4,43.59026030669695,286.55138026018466,55.07494900215128,11.569975142278304,7.621685156751107,1.0,1.0,2.0402323694264806,0.23092201747102323,0.30077745117190924,127.57144388481291,17.0849732124393
SUB00066,5,45.04718649990225,339.04223607783774,41.18821603588903,15.39267521602995,6.403581152330144,2.0,1.1882747472992885,2.483221862467681,0.41987977517339026,0.37848940623965677,318.15514328441543,18.66287961212202
SUB00066,6,35.656283171772905,296.57165728079696,33.63007383667236,12.61145607636971,5.722489276897959,1.0,1.0,2.223689788603891,0.3744367942900563,0.344144247653658,208.1617327552219,21.81026265841409
SUB00066,7,33.707588905861996,228.64911860654362,55.4176244745136,13.753442247658054,8.520006027647725,2.0,1.1528671719007144,2.1558667857776412,0.518722304297119,0.331796632497391,244.20117545778544,18.065904398605777
SUB00066,8,37.289139479142065,244.5447096424146,62.84695535817254,11.884015797364619,8.976838786436716,1.0,1.0,2.1718192996936887,0.3986857023826709,0.5963399251252064,275.24177979084794,26.49696923212707
SUB00066,9,30.72067870081047,251.98443283958397,36.69038975759863,11.52561846928762,5.727791440346486,1.0,1.0,2.779997808696124,0.2517925989389027,0.5241401961589209,139.25644580772718,23.510406186963692
SUB00066,10,32.17813730357143,303.37979311793157,50.49715094007003,15.215720609274289,6.425157673276974,1.0,1.0,2.0544975945225907,0.17875533332034413,0.38167795899022705,107.50167377529704,15.492920391004407
SUB00066,11,28.83483160590659,355.2068121706564,52.76830283263644,13.058494919581396,7.905328064111962,2.0,1.6489749867362158,2.591720525085956,0.42333199957501866,0.5233936678579054,215.98147325752964,26.981131827162915
SUB00066,12,39.52754999529819,398.4251450621665,52.31661131861027,11.881156025398889,6.190000798942355,1.0,1.0,2.2357964080246564,0.16164838278393465,0.4776954980017333,289.9632553524682,27.955773196638642
SUB00067,1,0.8996864972915775,1628.0419735362132,43.86602149296933,0.0,0.6207757611600321,1.0,1.0,1.431896346495695,0.24040282404047755,0.41814777308420215,2.6792355051412593,21.340253249463707
SUB00067,2,6.985838333005533,1471.0077962041178,73.45581436943021,2.0133883937524772,0.7921268571095184,1.0,1.0,1.4016920253529206,0.46849302866592946,0.2965363156890384,47.84361030748111,15.051904414616805
SUB00067,3,1.204288188654276,1708.2932506089771,51.521653815580656,0.7595912045613482,0.3194814535405136,1.0,1.0,1.2160985217676252,0.16290725299954215,0.4589008909083313,7.386955970443685,21.06980937896168
SUB00067,4,6.263617721850351,1501.0630453000513,65.84039641509355,0.6909806733409782,0.8765828125347274,1.0,1.0,1.4374900941423574,0.5022329897497136,0.32540091758021034,12.531929644500348,13.1501742423495
SUB00067,5,3.6226436598304517,1602.417991935006,58.22257726511574,1.4711811312156167,0.3270937268086562,1.0,1.0,1.2427135848330086,0.504358103816052,0.4519222863348785,8.257909159369223,22.08510096659571
SUB00067,6,4.725778638910954,1607.1489368383877,48.229563486996824,1.2120734310550803,0.7639712665051414,1.0,1.0,1.327384610696601,0.19146425868347575,0.3209177345340577,20.81554493341374,19.029086163635572
SUB00067,7,8.21138266057749,1587.9446542939763,68.55012487689336,0.6835275849433394,0.24482648507178656,1.0,1.0,1.3754115459087124,0.3385220602203345,0.3581111088946903,63.39846210872819,13.813122001637776
SUB00067,8,4.801987376361774,1603.3654118315842,62.09746733467277,1.0432348316861386,0.6470836325303129,1.0,1.0,1.199616521647439,0.1826143621843052,0.38669494343569244,24.99387585626864,15.53603896630045
SUB00067,9,5.866414657208349,1761.2461066853505,43.299766917943295,1.9053796849153377,0.38403764791062917,1.0,1.0,1.7461417799090553,0.5260532937175846,0.37263182184672294,18.613712724975965,16.41273904334206
SUB00067,10,4.476885699253586,1468.5263803289713,76.55152266579412,3.100140468867448,0.9111151429999205,1.0,1.0,1.979324581370405,0.26143640543794106,0.41412730126740877,13.24801034254319,11.570883973709776
SUB00067,11,5.598112643190447,1548.935688880815,42.38472690260079,2.479204241193713,1.155977411939728,1.0,1.0,1.7829828786950916,0.2963511135243787,0.4712774982336444,36.29659029815282,27.1376073834549
SUB00067,12,3.5808213318263515,1446.0186017486794,76.47972685242229,3.822386752378918,0.30614489643131826,1.0,1.0,1.9051072868549548,0.27552022376621416,0.5468072839011919,21.852517712906604,11.90912620313199
SUB00068,1,74.12363352953643,620.6776556584817,119.03073569549159,4.212558781486328,3.0374218553306767,3.0,3.0,3.5200455851041497,0.3594841769691469,0.3486075719445857,475.9703426640311,14.695348432792109
SUB00068,2,71.90028632510203,575.4466275092129,99.99278887976617,1.9970154930090538,2.551306234077437,5.0,3.069442160577687,3.516408543934716,0.3795109087184091,0.3485281183877347,322.9606106238791,25.898185638311336
SUB00068,3,53.17533541796096,513.3629825326545,68.00990514739027,3.7131302029772524,2.8305241872345412,3.0,2.6999879617175413,3.730223679475719,0.6293103957073297,0.3276108505875486,410.4561199849323,14.50547602022868
SUB00068,4,64.43908835691433,535.1693194839979,64.06964883984301,3.9110831406269453,3.283289065279182,4.0,3.423601324323927,3.141039844682845,0.4927865864055533,0.35773286295526263,199.1612244531153,9.87874343438331
SUB00068,5,68.71429341862684,625.3481078608311,78.95770921677189,1.6539328121530033,1.7386440188223415,4.0,2.796444385781858,3.145842770843843,0.5063067065315707,0.35541307309723486,374.56313172726277,26.67573119345504
SUB00068,6,55.84176735771407,747.4468031849613,105.08869048675115,3.7016173750026673,2.5721242158045303,5.0,3.1976482701135556,3.6700576640296854,0.4028538768570654,0.5399899259617069,190.82345550024257,11.114639327054245
SUB00068,7,56.738329239127665,653.8106787349927,99.38939030105215,2.8251618832201446,2.016792528242046,5.0,2.898251644174676,3.23283264217804,0.36803128363751547,0.28329101624568886,122.03830251659998,27.46258623993708
SUB00068,8,49.17188157075597,610.513527798741,116.09908941182462,1.8093653484633374,3.2206008069414818,5.0,3.494256721557191,3.3139088150721925,0.5279545588554181,0.37029109095325147,309.3186293956741,25.65485895243173
SUB00068,9,49.325233537455276,646.0286559548276,64.7369721133267,3.5929719999624368,2.312453227945004,3.0,2.630794326582839,3.574274481176343,0.20924323225031669,0.5750081205331945,334.7993573968678,12.676385485221557
SUB00068,10,53.480476144095924,577.2187223793624,93.87200131855141,2.2917788795270866,2.4157297526876134,5.0,2.6074891842695282,3.325956679795172,0.4911480950460688,0.29719446467688204,283.4895766404,13.39219289617467
SUB00068,11,64.47980428265943,603.9988708480987,79.83046651651924,0.8417933572079663,3.034031736956023,4.0,3.084195267092331,3.50460527313602,0.4897933049120966,0.36756399610521845,403.7749409725845,23.593316838415447
SUB00068,12,66.90192354335747,680.1902604059848,89.72517681577602,1.0156747981620196,2.763468231665211,5.0,2.549028298586024,3.5585527921743303,0.5047100080420122,0.5763368434139611,396.78612744216673,10.060654049414767
SUB00069,1,10.5911715646625,152.28074610608064,36.5084972388095,1.4073254401205384,0.2655650763462797,2.0,0.9765268582726125,1.0,0.2673698365473108,0.4355110358847631,33.40028400810458,13.548679845918764
SUB00069,2,2.289306946261209,145.40558476867662,41.14655440281762,0.49185583729166105,0.13470763282733234,1.0,0.7577682857796106,1.0,0.21270548461818173,0.34489063499651335,6.330515139565736,26.681925444126662
SUB00069,3,3.734074943416786,185.6767184590343,27.34487324976254,1.5203400735585872,0.17950074083870793,2.0,0.8984930386577326,1.0,0.397090329764488,0.49873770001425677,29.243410028911057,10.91526400479671
SUB00069,4,2.6615962738966923,134.37570931693435,17.320320067673368,1.4431216240922076,0.5654154816188739,1.0,0.6205489596856142,1.0,0.39552237904883225,0.5588480841788592,9.559133312769553,21.62588729582704
SUB00069,5,1.596474462134488,134.7421203698364,15.730366099655841,1.4454312740333477,0.39665855220213087,1.0,0.8251634707605178,1.0,0.19170738425873765,0.49062361713953073,6.245383841121523,25.332082085601414
SUB00069,6,10.063572511618005,121.15392919789731,41.78401927223399,0.6933696074474259,0.8271642014106343,1.0,0.5595487139673951,1.0,0.38607690230529,0.3445700254305015,55.432575955386916,23.80714508956686
SUB00069,7,3.483097357306046,146.0299380688171,43.62868313606761,0.0,0.7650988111899024,1.0,0.511096475594077,1.0,0.26430775059428646,0.35143735662434195,26.342078283069405,11.059377841064183
SUB00069,8,7.324670695646224,137.85887333717284,34.01761992254205,0.6041722546115887,0.17929842684242103,1.0,0.9744821997267723,1.0,0.4038729876175986,0.2711974396253386,18.03293528774308,19.942974858034436
SUB00069,9,3.4720775703200184,102.57765210037046,44.76565609094696,0.0,0.3230495423432147,2.0,0.8383685337913254,1.0,0.393121866809205,0.5401553804817147,17.65326497395066,17.50346401693411
SUB00069,10,0.0,86.76810972049962,26.665920805847513,0.0,0.5345814674672562,1.0,0.6502807492873899,1.0,0.3126239339240542,0.5887140674022513,1.0,10.99335902149383
SUB00069,11,2.616042052944893,166.35592460803102,36.954941570221266,0.6492422370685644,0.05605364063650864,2.0,0.6975067019604461,1.0,0.48771765936143263,0.2619258724690062,6.323530348945906,21.397341751824893
SUB00069,12,0.6237883445981947,162.36125718492485,17.34447764087132,0.36834660030014876,0.3944427387313236,1.0,0.9556903443456014,1.0,0.40107177507013414,0.32635855395544594,3.0221463395083816,16.479622577667392
SUB00070,1,121.30361217910085,369.46087304241826,43.6116582881172,4.4289641057934945,3.5733092492068446,2.0,1.5774189703723223,4.585163378505718,0.420191686341875,0.5151820074549232,533.5331572261815,17.059966857649854
SUB00070,2,129.63772420213175,403.1028835951905,34.42218166282457,5.74212827505191,2.7772126801485495,1.0,1.0,4.443173035222386,0.4930773245945316,0.28938535240238494,343.2590830928036,9.347090833279916
SUB00070,3,119.76544252645188,369.61879223203607,30.15650085059424,4.879692763834296,2.256768956747779,2.0,1.931283774049384,4.621545560852157,0.2884808207711639,0.5963773072873764,940.5792233265224,17.364690713149777
SUB00070,4,112.1236766448351,532.1044408801043,45.60507136427452,5.925992396429776,2.146238673639539,2.0,1.8308114447396813,4.145113080319759,0.4033185947716118,0.34852473961916264,388.02285329200754,8.514439022168533
SUB00070,5,126.1162881461086,420.2201781867609,53.53652137635656,5.5576021041797725,2.7000119085173173,1.0,1.0,4.058703397200336,0.5001476913849275,0.4813562534640421,362.5090625075218,19.050491057051623
SUB00070,6,116.63835578656445,529.5284003103217,49.54247752276778,6.5661857014597045,2.8759068078023864,2.0,1.2817555670511702,4.625147213403214,0.44444500022211364,0.505066392749584,482.77434152243035,10.616894832186517
SUB00070,7,134.52485204957344,360.9559671552505,42.3100726568903,6.612516898833483,3.071278470782459,2.0,1.781765607775103,4.381565482172878,0.2640421696918361,0.30867269999918134,601.270690320424,22.358262140335437
SUB00070,8,122.09364480731972,528.1153634323357,50.00938927136063,4.020783111397745,2.195124792563185,1.0,1.0,4.104752027081636,0.5842903693665595,0.4402869932717915,938.2077509732194,18.76000602625027
SUB00070,9,127.77455767524545,431.5259829797204,53.28588355350925,7.291997232867031,3.2402617278767316,1.0,1.0,4.6540153188408615,0.5696341139696801,0.3708291118485955,650.0288120522475,10.326558926985559
SUB00070,10,134.84000284217822,332.5178394603183,50.644755979550546,6.611823643749077,2.367123094318821,2.0,1.4038344910008123,4.02621353246726,0.6355667513280099,0.3029315195291967,682.6679448528648,12.966321952896868
SUB00070,11,130.22272392438967,401.48420896908493,52.726839613662136,7.12319195497456,2.882952107793276,2.0,1.0228115723138265,4.205795341565022,0.5810486578741374,0.3036246156660203,483.3445212398391,20.581373802803515
SUB00070,12,112.74917269466806,383.2709917215337,54.81034209944833,4.938047904526684,2.940199662997438,1.0,1.0,4.500296056050855,0.39140806858768407,0.3321108046895478,874.2159116691981,17.267594812663816
SUB00071,1,1.8487696498589714,50.25161806464668,6.525413406143277,0.4460290926386328,0.4892095766538174,1.0,1.0,1.0,0.350061117094732,0.5547225541428087,12.957326272447087,8.199126617275907
SUB00071,2,1.5247348441176127,5.751530415378774,10.189512426664038,0.050627153371498756,0.1958772203587572,1.0,1.0,1.0,0.44069696292854044,0.372892024840902,7.56479214652719,15.797170764105834
SUB00071,3,4.109405923311193,60.135418360701124,17.23515907936168,0.1733610441966473,0.33383770821141356,1.0,1.0,1.0,0.291850576275377,0.47296060703100756,21.726459861508502,11.59359867424985
SUB00071,4,3.2183189693357086,39.0806569297388,18.05743547834274,0.0,0.055195616868678465,1.0,1.0,1.0,0.2024949971237632,0.3594800433648299,25.587960360341526,11.1452065337417
SUB00071,5,4.314949261163797,50.27966189023264,22.60905394101315,0.0,0.006504080323685768,1.0,1.0,1.0,0.15642245254207388,0.4127155971180365,26.66800086565478,8.934097465003658
SUB00071,6,5.1105565340473404,8.704921413975065,11.778118575609264,0.0,0.316465868249678,1.0,1.0,1.0,0.270406685183154,0.46796909186753466,37.60107051310964,12.430287301920243
SUB00071,7,6.293717542703187,19.284306912952918,11.200920883695929,0.0,0.0018597125337003195,1.0,1.0,1.0,0.4112131306588508,0.5663767631320005,49.11124046429935,19.35658412683966
SUB00071,8,7.173214908674539,36.83745574955828,8.885427146531985,0.0,0.21748543085995348,1.0,1.0,1.0,0.41231753964001505,0.5628175506865949,55.9361171139307,25.81390026719777
SUB00071,9,7.726412382274672,59.114519921401325,8.028547650209303,0.0,0.3407363159929021,1.0,1.0,1.0,0.26859394060520847,0.36273035402847803,30.86451405852284,23.207352044189427
SUB00071,10,6.041563283975087,11.886399781036074,24.67444676730247,0.0,0.4540331066942514,1.0,1.0,1.0,0.2541394812695315,0.40787856513831566,28.62371311050044,14.376636481361388
SUB00071,11,8.246041806458868,44.82562840056575,19.02547428860452,0.0,0.04825723535601201,1.0,1.0,1.0,0.4891477634119713,0.5398816536693615,55.23923506727656,20.294130130771457
SUB00071,12,8.839700318362791,95.63493045925922,19.72918616041931,0.0,0.10651439502130461,1.0,1.0,1.0,0.21772161262173245,0.25834400411685227,33.60180251542528,27.399956448040367
SUB00072,1,103.52977100937532,261.1775504329314,30.339694674203553,0.0,1.4037124959408875,2.0,1.7426451477213933,3.793065971040565,0.5957470132437537,0.3408595347801824,487.108512218019,12.430088580731809
SUB00072,2,95.76258095608078,241.78309260213555,40.41311841898836,0.8050070354205572,1.1900367404084506,1.0,1.0,3.1059248989506214,0.2760116002614683,0.5702775704150622,270.9298783575472,15.824523013485205
SUB00072,3,111.69877184581023,207.30793810280974,25.826852743797815,1.4172269237435464,0.7331380042167295,1.0,1.0,3.197631866529414,0.5715555931373254,0.3323084465133048,717.3733023719385,13.461253993763819
SUB00072,4,101.01420278284964,300.05174688657104,22.31281589651921,0.9906707422506513,1.1852962796574948,2.0,1.5265744426658336,3.451748897652849,0.38721415932555425,0.5906685562945482,494.9392546290803,11.559937198720988
SUB00072,5,122.06637749380917,240.35330632466616,35.41312340065906,1.413939827418042,0.4962194865795501,1.0,1.0,3.778620436355209,0.2919839454076546,0.38941007322684845,855.643806451884,16.082117913837997
SUB00072,6,102.02715136623411,168.4072289599049,16.86230396210414,0.6951122542869733,0.5550575762125214,1.0,1.0,3.5690345174668368,0.3038234867596953,0.5286337106313517,561.4288339215135,17.63864229637705
SUB00072,7,95.24734657977149,276.68372601980093,21.260672443454872,1.2093253525123875,0.36832322943392415,2.0,1.051489254623432,3.126589413252215,0.42844720233730504,0.4574782306912687,449.8234441542204,20.941399856235158
SUB00072,8,117.32252831029864,212.62658187585473,22.922520128646116,0.10625532455603554,1.3088508988523482,2.0,1.1488227022225967,3.522632882022969,0.6467775266640561,0.3158634265340658,782.2185929166983,24.467178871486052
SUB00072,9,107.06951942335884,218.99280344518584,27.783564002170806,0.0,1.2437895474439562,2.0,1.2321485320394365,3.1274604501728116,0.5154474260448639,0.29693765877776934,716.4957776808965,13.435090975018483
SUB00072,10,116.7950946969621,205.5730560161033,30.307973239064136,0.0,0.5102298138536393,2.0,1.4160010449228775,3.573961763169679,0.493954133575639,0.542462745856337,612.9921569211663,12.474209661347002
SUB00072,11,101.73897536154931,297.4158449325368,33.174378968243865,1.009015993066884,0.11194454952813165,2.0,1.5722368294620122,3.4576902131100784,0.5490705061849127,0.5658856578812054,364.0279365638597,26.029512576226868
SUB00072,12,97.30744458451265,164.29885940540535,17.897818202749235,1.0130161180610735,0.44546476285465214,2.0,1.2789799033800024,3.154828100214925,0.564977686695477,0.27125194400319286,759.6446545977324,26.546310490180964
SUB00073,1,45.93033312191395,184.70907550277863,57.79059844549423,12.17935541036841,7.956726508172633,1.0,1.0,2.8710484423186045,0.28243431161279153,0.2719273049081006,356.1800192377705,21.61353817947737
SUB00073,2,39.3663323420871,268.9575950702547,60.01505742892383,11.661335189932387,6.102971856793783,1.0,1.0,2.522505873512717,0.5363361498291325,0.4152963508621914,263.8463220874433,21.161902343533395
SUB00073,3,39.359289362971325,334.4360332379164,34.37058981073918,15.451976502098237,6.296584057619235,1.0,1.0,2.617914801456492,0.1711223930293068,0.39799177070115055,131.32905842090005,11.991413238021117
SUB00073,4,41.19627279497857,395.37815737931635,40.45812349557168,16.08773192942875,7.457301005941111,1.0,1.0,2.129741989817056,0.18266127163680945,0.5977987745171587,84.58842268142159,22.16389507230052
SUB00073,5,40.47016839625012,401.8948980909168,31.64100375228746,14.390859693770407,6.223757224692074,2.0,1.1644784619519468,2.8544078160203,0.5271702481698576,0.2848302214290602,263.4642444364048,12.300284383304394
SUB00073,6,27.22280876662708,373.9633545521768,34.57341090494612,15.123612316563678,5.593944290138408,1.0,1.0,2.6232687900580194,0.4543715090265994,0.2842206336458132,129.27092925639755,23.942125015626644
SUB00073,7,30.81049323680501,292.8658835095639,36.49154726087713,16.869995916390476,7.432305424439699,2.0,1.5553226932084638,2.9319293277730325,0.31492672042881753,0.523721735166676,117.85278235164165,19.57880712655761
SUB00073,8,44.26696266529241,342.47077657995555,62.38985271580798,12.427538442130551,7.201904507635144,2.0,1.49015232331078,2.330904963103427,0.3649045099732354,0.27253852094049563,135.6003582426609,10.978408346930198
SUB00073,9,27.451925024407014,268.22567305610204,47.92853196839682,13.137797556195917,6.262127268247244,2.0,1.1106904787340597,2.2191423970629693,0.2261268174255326,0.3659785534245476,81.29025816852173,14.939042483759081
SUB00073,10,30.007298274426084,365.0292369240128,33.33487512317332,14.130941585676167,8.092372805827388,2.0,1.4646359499442312,2.9438263301157783,0.2135876214633654,0.32047903691692425,168.12457474623056,27.597081431906787
SUB00073,11,32.02527376287108,226.33313703493243,38.84317227342126,14.823364920094448,7.099876086821316,1.0,1.0,2.8481425305593975,0.5469581475676328,0.41077417287863116,192.90636629524744,8.368474325042435
SUB00073,12,40.33354714022775,290.89011033274613,56.52984762261384,16.771993306560564,7.042338612188095,2.0,1.9455393614155354,2.63419952477021,0.36746136359768466,0.4594116262099024,233.095597280348,22.26145768213808
SUB00074,1,5.680114136556676,1566.3903654322316,60.93518295814941,2.928215219604896,0.4311277572528007,1.0,1.0,1.4259250747025685,0.22705759273637516,0.39711532377847714,26.90669312477202,18.391387563251005
SUB00074,2,3.8450432228842546,1616.9181342683535,66.48410060461339,1.4119643470030918,0.5273080094594085,1.0,1.0,1.6061323963379257,0.3591372748666154,0.5566776355980723,16.205706765507628,16.68288888712341
SUB00074,3,8.654654069011166,1556.0040946981271,79.4316623570091,2.3936759123648743,1.2592108506699657,1.0,1.0,1.2361284758843172,0.20972666016307612,0.46993984700044633,40.154493371399475,25.232406244622595
SUB00074,4,3.476106349239546,1354.5958527581138,41.93378568862853,1.5534328151369914,0.9089009943352118,1.0,1.0,1.1145943604300181,0.3724852267676969,0.45778725202957915,7.413229906765964,8.719714217009972
SUB00074,5,3.2690579999490272,1796.2484459479692,68.12651092843223,2.5588461853862317,0.7742210122983026,1.0,1.0,1.838297079199208,0.25500824114986553,0.5322079747573993,26.08471082298692,26.2017197554752
SUB00074,6,4.784480316813033,1257.569640966754,53.685849319467465,2.5401280173040814,0.01354972473798366,1.0,1.0,1.4272699227998513,0.4860285146912733,0.5082988656412775,32.21616959429809,24.143992976094584
SUB00074,7,4.892425260169209,1493.0657046615881,63.92568488513097,2.4909912667631393,1.118948902064284,1.0,1.0,1.2081401033684764,0.5007307291358132,0.33572595932277843,24.227066315006248,17.745325933132683
SUB00074,8,5.38169202271777,1311.5106634608946,76.52112101333921,1.6923801012225845,1.2928209178629744,1.0,1.0,1.4463906651698697,0.32609698668434933,0.3050339867627697,14.79896929998766,20.229934885889755
SUB00074,9,9.2425961287188,1730.525385865607,57.01028826083287,3.537087816915133,0.787288315367358,1.0,1.0,1.2715800474305465,0.46225095905005,0.3636067807747773,57.00249868284336,11.904016445591942
SUB00074,10,5.726107013643835,1525.76324648646,79.63739858537781,3.584913442461565,0.23061520579562805,1.0,1.0,1.8867034300742387,0.3416067457412224,0.3097473488713699,37.37097526938167,15.77030077980847
SUB00074,11,5.090208909476053,1518.0680087840458,67.59682443992475,3.0060575034590142,0.08095984752824292,1.0,1.0,1.4494531942858873,0.3324130048972663,0.3777597853834642,30.783178176067878,8.278353916476986
SUB00074,12,8.617995091938901,1812.9507329057478,42.64985896418736,2.757562180927965,1.4295648346893506,1.0,1.0,1.4297773995074745,0.5483475463158146,0.48358442973626625,43.81025416905263,15.958882348405908
SUB00075,1,76.32618120015894,668.4340356880348,105.757256777464,3.3853337251526536,2.1540895223096,5.0,3.269073863696121,3.3426081425159513,0.5325356011803092,0.3224446851134908,179.28947276288054,23.827634792897015
SUB00075,2,73.55856256617463,800.4156593768874,114.31632884612335,4.420245150534936,3.1667512662341375,5.0,3.129101001275787,3.227258847052502,0.405825252293195,0.5131577370166784,216.3957322271631,26.596846723580395
SUB00075,3,55.60792808732974,613.6624796551903,117.49774184866675,3.4764421485054515,1.9534352068187035,5.0,2.795245704032796,3.0241407624706897,0.4224821007119298,0.3095001869858242,384.32343381904485,13.221945560343125
SUB00075,4,76.25827001087072,790.6427386620705,76.04568023915496,4.63950693080712,3.4543366941005247,5.0,2.55876799916772,3.9983863288389463,0.5853054557755502,0.32752139090449217,484.5272943728676,8.013803501295564
SUB00075,5,67.09500634947071,601.2198349984229,76.49071293800064,3.1807521563660517,2.4328798937388756,5.0,3.177145650682818,3.2419892731045232,0.26567583617124524,0.5414386531325956,485.3570271235468,27.57779039466543
SUB00075,6,77.46817600646298,784.0724485212179,107.24013838350257,5.066633187442781,2.3315307319036007,5.0,2.7915427541873226,3.3670635243138274,0.5782306647168812,0.4955251124265019,271.0824575794592,22.230702571655
SUB00075,7,59.33904229834339,581.6862374836842,103.78823370555268,4.347976609643335,2.282077590980392,3.0,2.9774284204198658,3.5831069168032768,0.5245928749088101,0.5691985971139877,227.18615868574537,24.90571829289919
SUB00075,8,57.64297524197496,759.3845573032025,111.77218013263978,4.674557755289576,3.485873343423622,3.0,2.9301746212382898,3.0472094756888763,0.371398669275652,0.5426533857087494,444.1519507809356,24.633439085197654
SUB00075,9,60.666806723479695,635.749533073321,67.37834323068509,2.551624717013038,1.9116473467692794,4.0,2.9369381301951787,3.598381334983118,0.6340533909728066,0.5147641671151184,356.37354751842156,22.876642672156358
SUB00075,10,69.9026103816097,619.9697060610056,87.68948798693681,3.4040870403756087,2.2104264025247806,4.0,3.079379404984486,3.499875097203014,0.29317958171090364,0.36899077941004116,297.5866535458158,22.138519302261848
SUB00075,11,57.102946225782794,504.41933468614184,71.30973025634223,3.8285549721755157,3.3668758051387093,4.0,2.8807305182848446,3.7934569707815387,0.3542249823959712,0.5737405750250844,295.45431271540156,9.848953836444116
SUB00075,12,54.59679576877417,821.1489735090406,79.24060107911527,4.74502579384368,2.269044574896255,3.0,3.0,3.439198276781407,0.44833456841333463,0.327058985132869,241.28160994882066,9.260372153912888
SUB00076,1,4.161071847609197,90.4105453706356,31.403336592571378,1.3404704473753992,0.33220090177564787,1.0,0.6451159039751713,1.0,0.5330220385559397,0.5466227969694197,22.549526630400287,22.4423107998659
SUB00076,2,5.977914048397608,156.16180032798638,38.77641367621932,1.173060741796276,0.643535380704444,2.0,0.7843779096616847,1.0,0.2963474456347949,0.5698189046456048,35.20943909819606,24.06318649863126
SUB00076,3,6.770694555105275,131.96011824491598,27.119451406895415,1.5410081427511706,0.8516228307693663,2.0,0.749129777675023,1.0,0.48908230342409065,0.4955918324497215,17.68735833494972,15.339929051895833
SUB00076,4,9.19233025462611,111.42288202986819,40.12828429388723,1.011973910313254,0.557110377480783,2.0,0.7449390446184156,1.0,0.4769359500823459,0.4113462811247981,22.847499112031016,17.745919164644143
SUB00076,5,11.864329376272575,105.05299781861416,19.669541538781854,0.9814430426261344,0.7379778879258764,1.0,0.8960179102317973,1.0,0.5078609219247265,0.5651550467889397,79.07757471105258,11.80405368527374
SUB00076,6,8.49900381599818,121.49988713352688,42.47128320131995,1.858769309338184,0.8822523041595435,1.0,0.8787719832999541,1.0,0.16959071691256175,0.32806597812672195,57.485649832491085,18.400943288613046
SUB00076,7,6.44619914337123,98.26847681081138,41.33018248406495,1.8551441024910633,0.013570088888551601,2.0,0.9259627011200868,1.0,0.31933633983480214,0.5905712150999545,13.447772019581043,14.514388084172115
SUB00076,8,11.009806570505777,156.8491234291468,38.870001819843324,0.8830009446100935,0.44574935838327434,1.0,0.7927274809511742,1.0,0.15389306898744648,0.2698153216211178,26.44119719409039,24.392843493224643
SUB00076,9,9.537352053400426,93.41649570459228,27.31588492705321,0.37434744096897354,0.7388826157200231,2.0,0.5075764099086391,1.0,0.5300156830623163,0.2508615191985958,45.27295644081325,16.27643880477338
SUB00076,10,14.828209881595539,124.18421431630769,17.31194003991243,2.0879121478576903,0.832328733983278,2.0,0.8155176369864683,1.0,0.5156033076047405,0.530442447548311,108.16511794406189,27.916817965479858
SUB00076,11,12.381431204772035,127.62431444483315,34.09645799079129,1.5405985786972942,0.18013798985405693,1.0,0.7661450695010819,1.0,0.37274591414285074,0.28504669775145713,49.974330776570746,15.447156855854258
SUB00076,12,16.87871204106953,110.3727030358705,19.09383937579919,1.6372643053478486,0.5609296292812848,2.0,0.8284759176606327,1.0,0.26126345289725533,0.5758873655180926,81.51082317959894,13.340041060916382
SUB00077,1,111.38827395861492,486.7358940403694,53.87186817312984,2.9514071902045544,3.4399682950866306,2.0,1.5782983203387109,4.68954959137642,0.5953054174550116,0.36772062549964,529.9769957478201,20.718191732343417
SUB00077,2,119.87564611066489,545.1910058493826,35.81832738505627,5.248122819216462,2.068095307630413,2.0,1.1232636457857683,4.429196862134187,0.5817042573857965,0.36969016258343457,547.2549196021259,20.00502185671734
SUB00077,3,121.0313435692418,400.25276251245964,39.70982923705094,2.940122561800444,3.954693594897382,1.0,1.0,4.573100172586713,0.2876699644031001,0.5765006972078591,805.7422994461367,10.905925728961874
SUB00077,4,141.27739461155963,418.2521517128179,33.75476987644761,6.880304080178258,2.518349835386005,1.0,1.0,4.917603936787779,0.6231939883867488,0.5669536404143534,824.1550145996835,14.849332996141142
SUB00077,5,142.87183295966156,324.36515992069104,37.09162355532954,5.256324669958982,2.9820626527448955,2.0,1.7075691599759386,4.100688779846214,0.2694359543706246,0.474468466051607,744.2581348611478,16.147160580387553
SUB00077,6,124.30894184420318,460.9496168416625,41.13170098799041,6.275329882816733,2.438886297386583,1.0,1.0,4.194063867852143,0.5356596962929738,0.2940616463874641,457.6015653248407,25.961205359670785
SUB00077,7,137.39520376268726,530.1487476400547,45.809435862025914,4.477935450420927,2.6969140433018257,1.0,1.0,4.084005244772261,0.489769073296097,0.5502224793257173,885.7329401935843,16.268775896390814
SUB00077,8,121.99993175094815,435.01750389501046,53.55144247558196,3.2744710966719976,2.2172914183270125,1.0,1.0,4.699660355985099,0.3855575776616733,0.49135929041105075,833.3989572737312,25.551558293066726
SUB00077,9,117.69056320757674,352.9991438979277,39.29156164000004,5.200036263346318,3.2899814378019903,2.0,1.6144619251645596,4.336771491650361,0.5315112292455234,0.48980580239094057,674.3438529477141,22.610810824686354
SUB00077,10,140.18289878897443,303.37239314170046,48.719420840510026,3.5805415658786246,2.5339286886708416,1.0,1.0,4.666094740121599,0.4940958727871745,0.479989141586067,492.5894872170069,23.347427516459938
SUB00077,11,137.647840522786,353.72281907864203,53.401037695968284,3.966503381907003,2.2832514753177,1.0,1.0,4.450435780589004,0.5855976539172587,0.2666352624762581,663.2337084078005,23.741507442588418
SUB00077,12,140.04528147314528,366.1407742958284,46.921964458555706,3.158165731594984,2.6229401015819453,1.0,1.0,4.705017979731981,0.6034719013137757,0.5622261609029934,514.1278943418245,20.827255504356398
SUB00078,1,0.0,46.494828803161866,22.860815771440034,0.2781093062138248,0.3864928757139966,1.0,1.0,1.0,0.5324494895839827,0.5889125054011735,1.0,20.6657369624973
SUB00078,2,3.1372636356151045,47.26411675221301,6.777425718668417,0.5166388796255768,0.15071274250495037,1.0,1.0,1.0,0.4011032012786543,0.5808969634622476,22.912393005128422,12.358539568660625
SUB00078,3,1.5039530766888545,23.7780833960088,10.653000856751259,0.6788816709581913,0.17980527788436568,1.0,1.0,1.0,0.4666734701758539,0.5920445460335715,8.426254054115727,25.60039698663709
SUB00078,4,3.683826007301182,51.397101192127096,6.739039706482661,0.0,0.026755614758138202,1.0,1.0,1.0,0.41951596491865384,0.26102734048837256,25.923666252955158,10.923807587659814
SUB00078,5,4.445244470373674,52.06533805747197,20.653213672428198,0.2972095901758768,0.332813668999581,1.0,1.0,1.0,0.5418460092582154,0.36304033813198455,15.319607946638497,12.59036149634837
SUB00078,6,7.4118284468121685,72.66512525430673,7.073544448384535,0.04381975757768722,0.16164476952100598,1.0,1.0,1.0,0.27284360848986106,0.5058392939074777,27.545352045285895,20.889324167332113
SUB00078,7,5.800102100104558,71.16105997239538,23.309286712868634,0.08759837269246815,0.09918397078620411,1.0,1.0,1.0,0.43859762967819116,0.5543107696849652,31.06331166633962,26.52685306779148
SUB00078,8,6.725264118235266,17.511938488679323,19.724731940871543,0.41426194506038483,0.16355726697254935,1.0,1.0,1.0,0.16802857465736162,0.37580216250296217,42.16812999370538,16.13479438213967
SUB00078,9,8.02623205685087,21.359963664642812,19.970524382424184,0.5070304512441508,0.3807975046389512,1.0,1.0,1.0,0.2349563278851668,0.26600783221279356,56.42224061672476,24.296166971733186
SUB00078,10,7.760106094671055,53.21145670355011,11.344578061922107,0.4068907264578659,0.3601087560069252,1.0,1.0,1.0,0.5190377593245253,0.3500337792854756,54.470569655377915,25.867684081938283
SUB00078,11,9.071109084179572,26.286522611752154,17.232887692962834,0.0,0.49674062755360443,1.0,1.0,1.0,0.40840790779771075,0.4155765603823789,61.16273079544444,18.249896637115736
SUB00078,12,10.60983736603676,30.097511648590995,7.273161699694013,0.0,0.09759202770020725,1.0,1.0,1.0,0.18534942532984547,0.45185621689399263,67.07961091334774,10.552540181117127
SUB00079,1,123.6172552608278,226.06893042490907,21.76070302844402,1.2105777082978617,1.3084217504932187,1.0,1.0,3.2041042934410155,0.5616477765947401,0.49524140617676304,381.74419535314206,24.65660344839057
SUB00079,2,109.3248886853082,311.5296504229823,32.65689435074332,0.2415920146737583,0.03984813157490663,1.0,1.0,3.530330070391844,0.5259073787970069,0.3127708101637096,613.3045928629083,26.33952549057814
SUB00079,3,101.36312886738519,153.1236958802757,37.24617771317339,0.3223720917173847,1.3169354780879838,1.0,1.0,3.163687665959495,0.5466830055927325,0.43622834756126916,270.85797178771196,26.987428065305398
SUB00079,4,112.53571243793111,187.197017446251,37.23920328389756,1.6491098889495004,1.1194251532735733,2.0,1.3485972566474063,3.7868918174796606,0.4967130990168832,0.4275439280901988,747.0843724180032,18.896567196120188
SUB00079,5,124.44473827060393,199.2780549990241,43.71999206086165,1.9907298129884707,0.4114557492350232,2.0,1.9274173118952642,3.8023402408025992,0.36028337842410485,0.560472682322331,273.4407752116058,16.456069617810364
SUB00079,6,107.3720117386439,211.79065855954485,39.10699775376466,0.6529164428527633,0.28746960989651843,2.0,1.2772944191720081,3.708522225947204,0.43240824131781974,0.35480464205613627,750.3276423937417,9.715902825816041
SUB00079,7,119.26662733178006,219.23798066976676,32.319009979407014,2.013685785266628,0.6233340064388764,1.0,1.0,3.5579668938700797,0.5555633761959602,0.5228636380045245,874.0440229944909,24.877147983660862
SUB00079,8,109.06793034845823,226.3004133358998,39.65042760015188,2.0088428084647356,1.0153024185134587,2.0,1.0692652087166807,3.6065889146836447,0.5428834616516974,0.4310495030125222,221.83213374690774,19.53765473885207
SUB00079,9,96.4058645439781,231.33855480980577,15.363278658506117,0.6796107580141691,1.1379110685790037,1.0,1.0,3.044554539917181,0.4834837886954847,0.3830153175744868,718.6865265438169,17.601184456800013
SUB00079,10,121.48484169209154,197.92273728249071,41.811522930369364,1.808107372248248,1.3096559209482714,2.0,1.8945816628234633,3.3970284211896153,0.487213331463626,0.36481381872304863,627.1915321773963,8.98571606045005
SUB00079,11,99.80495379386545,230.13304969912934,16.137305011314186,1.4325831668359408,0.6607376527947006,1.0,1.0,3.743871977803222,0.5241072267188887,0.34666303332963244,711.2768720658015,20.236443588548045
SUB00079,12,115.10302897942351,207.2148665000026,22.134630931217536,2.4743344754077388,0.22787423094202375,1.0,1.0,3.4397500789663744,0.251216014539049,0.43983030090588576,436.2194778475815,19.049576619204295
SUB00080,1,37.40589121874044,416.95718049924744,33.47577034298615,14.609837264601591,8.058553918562694,1.0,1.0,2.689521704895405,0.37476125173465513,0.5372048174485677,265.8889698371345,17.150245113125735
SUB00080,2,51.59652742772303,248.11837678179754,44.54495978457656,15.198696401907213,5.4442084460265665,1.0,1.0,2.8318641811164995,0.4110643134434687,0.2817434073848583,218.81122244309057,14.960922646794598
SUB00080,3,44.38455412371289,217.08177813735415,52.48800843865679,11.628731033139392,7.4547797265800755,2.0,1.2226159954295057,2.7760809144655236,0.24940163150001227,0.536199006122615,213.11008221131203,17.45842274394556
SUB00080,4,47.444193518928415,260.45857110305656,53.516845665906885,13.021182083996527,6.830698834297225,1.0,1.0,2.199427872940358,0.4821747778593859,0.2833239798313682,351.6927207507716,8.53818302474701
SUB00080,5,42.895432778660236,370.0697415395393,49.80729016827874,15.646027805188545,5.713279859895662,1.0,1.0,2.486764970107835,0.4749938709053362,0.40048517079176454,280.98946229820956,22.110517690688106
SUB00080,6,41.98964381714872,326.7521291183262,35.95304873550281,12.038395851253037,6.133556448549543,1.0,1.0,2.055177844567724,0.5406769416798526,0.4378718895412137,267.8043537220095,23.459468937374105
SUB00080,7,41.0031899693979,382.5620366133901,54.91065943319727,12.665104892200072,5.355349500493398,2.0,1.5659739157977914,2.892963769897027,0.3920078239817901,0.25895353562686313,259.78100246154145,26.580490124072785
SUB00080,8,48.50392641292563,404.8044774314782,42.04351409422962,13.268446553680308,8.64159429972582,1.0,1.0,2.3468296000549342,0.4581191312717432,0.5562434050402632,265.8714035485718,10.26536350786462
SUB00080,9,42.17695246062617,304.83175445192404,40.57239631395774,15.289548169331464,5.686291102199766,1.0,1.0,2.441599254806093,0.2112278408176853,0.3565940066149997,290.5197747173146,23.723979488065265
SUB00080,10,44.82084466203779,313.6806314855905,31.104794270464595,12.499006039810213,8.605238245897313,2.0,1.6698658168957006,2.815504909462299,0.43302327528885176,0.3389773340628124,215.02447953460222,21.214099957723192
SUB00080,11,48.848009492114215,290.9742420927003,37.51037130945086,15.294879264685589,8.476521447987334,2.0,1.800176227445629,2.407615376822399,0.478939274821621,0.2851045920840241,247.62293617936777,19.649480359980185
SUB00080,12,55.74301018524614,276.81126787544287,64.29755286510272,15.158550617380081,7.068730117699152,1.0,1.0,2.8696255862567597,0.5709098261888447,0.5364999463146014,405.6853175076891,10.275638621838596
SUB00081,1,2.5720505363529624,1563.8955465055585,72.4870690409387,0.009396892790737188,0.03085358428051216,1.0,1.0,1.6248746951676385,0.37824734851216013,0.468935302125003,13.838917234368113,22.31177354733215
SUB00081,2,5.4237298920642045,1436.9261353218258,53.00789703592709,2.423972702599541,1.2430262614545593,1.0,1.0,1.1834654407851888,0.361206112164865,0.36218353053737296,31.587838774031706,12.254808196831947
SUB00081,3,7.799686381076269,1802.0107469026025,64.29582158013004,2.843169142640864,0.949113691296686,1.0,1.0,1.0244694094912659,0.32108483861076564,0.4780956656415217,37.1564269163681,12.75943191427502
SUB00081,4,6.007709534858444,1351.6261208550814,79.6134208600051,2.684006582647651,0.7954979514030216,1.0,1.0,1.4415449126850308,0.3173748015712007,0.34553111114375873,32.51921434237929,10.899974459867856
SUB00081,5,5.680945519446057,1556.256170982986,47.40595095539796,0.7193909458080265,1.179192361791901,1.0,1.0,1.50075659359181,0.3747053799792899,0.44753507839771056,13.276394298722183,12.995415954362896
SUB00081,6,5.8221934820249555,1547.120149305239,41.850870732694446,1.3243684059216791,0.15967413929211177,1.0,1.0,1.3114881541894068,0.5286866442756315,0.2623107623535,45.910184412929006,24.71864032817329
SUB00081,7,2.2113237701199497,1694.65299198685,54.15007168371318,1.9470566481317748,0.1773159145836129,1.0,1.0,1.3665992264115565,0.3529432886607178,0.3184076948826364,6.998030396990524,21.0090251846962
SUB00081,8,0.297802201176252,1444.4165974469106,55.269179080619544,2.744737277377691,1.3399459677182652,1.0,1.0,1.5624044218821824,0.23974169215243854,0.4107210931144419,2.029190021954133,23.830935214963034
SUB00081,9,4.75563332190872,1481.2089994160046,72.77700599241895,0.724585492140904,0.10501488294973738,1.0,1.0,1.3027715319664523,0.387277175907471,0.513039759264837,36.26931457607515,9.881001573602951
SUB00081,10,1.3507511796051714,1295.5844143204772,64.98208922184148,2.671232537717345,1.0019783461455178,1.0,1.0,1.3137474957639905,0.45003674595527066,0.5131999525545231,4.6400562177092,20.423156755168552
SUB00081,11,3.8111786412694624,1481.3582601510143,70.94038273484145,0.13421376106899927,0.27651122034571723,1.0,1.0,1.5011265086935832,0.36681181671376406,0.360270366169309,14.787129501588307,22.90234119700721
SUB00081,12,0.0,1607.0810654629195,50.405787687991904,1.5824722350480922,1.368759862582178,1.0,1.0,1.732689200986603,0.26373154270374577,0.461351094063282,1.0,9.805888894081285
SUB00082,1,73.86260245294945,639.5510577258628,105.25000389996336,2.583902613677793,1.641808727381945,3.0,2.69766781206172,3.1696966038627785,0.37231804898739773,0.5794240019449377,363.38406615496734,13.217558786115335
SUB00082,2,55.66010082625781,600.6575361738924,61.62071974014975,2.2953970244600503,3.0017274028765772,3.0,3.0,3.6205425288012463,0.6027960821867151,0.31439545296522065,376.5743251393086,25.297304340961507
SUB00082,3,80.17722363052414,498.91704675352673,108.89952316822703,3.066631213683136,3.3728283008007627,5.0,2.905259254263158,3.723805265492759,0.2867405520666595,0.5037704007084642,406.61624513097746,26.007567706776953
SUB00082,4,59.41872225676628,496.171022991833,118.80903245170464,2.883691088575893,3.1193714945527784,5.0,2.7222933401905376,3.6723097804076845,0.4095060921759316,0.5424177038301092,346.3883383631351,13.764294341689538
SUB00082,5,70.16335462906174,558.2035315898552,84.94997882262922,4.2129189541152385,2.4098990446833826,5.0,3.107806265185139,3.326929660389278,0.2805126053571342,0.5740308617104712,272.93701578368035,13.507535547934806
SUB00082,6,57.347792222679956,564.6174622748724,100.96600701760892,2.6198893157330514,1.9636693536394583,5.0,3.1193671629874458,3.204914360205427,0.6098543239812917,0.4506832593336678,186.67340969517878,27.58254879374483
SUB00082,7,70.47342270277542,613.3637323936491,85.45261385053313,3.905733675781218,2.0602071023089774,5.0,3.3942001967175512,3.7357297419014195,0.2884749630550206,0.39029714161939977,143.18615810453232,14.158807717741528
SUB00082,8,74.72576204850441,780.0365215693579,100.15008977039655,5.780691602536718,3.294652408570945,4.0,3.0670642453943904,3.2972331000174746,0.36925696186054247,0.5563658814504246,173.6107648746462,26.828736961936478
SUB00082,9,66.42746606932324,586.1643904579628,62.18844180940355,4.449061392638575,2.048113078273947,3.0,3.0,3.105771195296389,0.48207196394773866,0.3281883159189739,218.60147362588418,20.30807973807125
SUB00082,10,61.574799820228016,565.3093479469242,93.26965394208793,3.926938710335248,3.1457930608135034,5.0,3.461050907804112,3.2677389171420463,0.36705724881879054,0.38508717400667225,184.03669039336728,21.740322774255358
SUB00082,11,74.22484732323886,534.3617868906008,81.51740356077178,4.006979762385992,2.934893393738817,4.0,2.742819174772687,3.1406566380202365,0.4217734332037796,0.5401566926210685,295.6443934667707,8.191258844566287
SUB00082,12,78.75252174255277,655.8255035850422,90.53099133729464,4.697916377772035,2.9436275988880602,5.0,3.289522396638827,3.7912274543756608,0.5153638193332459,0.5752538575662817,537.0544888989631,12.377973292039085
SUB00083,1,12.558866871860182,115.45935492794743,36.00814418489091,0.46831958543489294,0.34421289780276565,2.0,0.9618154366495935,1.0,0.28332269874652505,0.48105606416805846,91.92706522008278,10.297681813377071
SUB00083,2,2.678535529063872,126.19606448587975,25.729044242388845,0.8569273241670511,0.561041104651366,1.0,0.5270833958900707,1.0,0.17322054070098628,0.5583408737576193,6.052222309334975,10.556648627576052
SUB00083,3,2.4635760771296242,96.94711284381299,41.77810145723334,0.9852856639339107,0.3193050979496842,1.0,0.6505515903290935,1.0,0.23567232753048556,0.45530926904452435,6.789030145233696,10.012355905270432
SUB00083,4,10.659633620373976,142.16876391728425,41.89101365328739,1.528046435421221,0.8954681105093145,1.0,0.6491137244920492,1.0,0.4371895684930912,0.3561377719048012,43.810446883956104,11.12661019013381
SUB00083,5,6.183167742205546,92.45974046330934,20.292438134875177,1.53162792949568,0.6880543526632508,2.0,0.5428329065886458,1.0,0.5492595236635726,0.3811641146323407,18.41143466861523,13.372803893340503
SUB00083,6,5.972993819112401,88.60807940078617,17.640368744800814,1.1806087227327973,0.12717501984324675,1.0,0.8365247090974648,1.0,0.46919712778616596,0.42826080454366994,22.186845095235466,27.07202555876314
SUB00083,7,9.632488908834718,156.27642519841763,18.19932487671704,1.0991562348041135,0.5888570705608768,2.0,0.754312587025579,1.0,0.366378495971557,0.5309011340601775,31.70581543508107,19.069735239290345
SUB00083,8,2.925654404382903,141.3056150844921,26.334094011731846,1.1936069419913782,0.6808139723697292,1.0,0.9334023734116125,1.0,0.1723227157445506,0.5868762088558299,6.917424177516055,26.059113115839093
SUB00083,9,6.098631474503848,141.58982466936376,36.63870789703601,0.8660166467897252,0.0028590206883423175,2.0,0.6377309239324956,1.0,0.35339904581253434,0.35798003462917977,48.46314516110698,8.939487550495883
SUB00083,10,7.211478626214241,97.4015157670392,35.827259210336734,0.37568645956077373,0.6250609939521135,2.0,0.6434073143816237,1.0,0.4690405182231069,0.43653586879398343,14.545405421299696,18.85807294456305
SUB00083,11,4.7407572815852514,60.50911948460401,25.481043152860703,1.4457145049260978,0.2782635792102547,2.0,0.5135563680669013,1.0,0.3196394568176508,0.33368038627732355,24.28115629675716,12.34335313245606
SUB00083,12,5.3300990409242885,103.84003610536115,15.951030841314823,1.2370723254260765,0.9560735628110393,2.0,0.6043476836247894,1.0,0.5063056149827622,0.3924000072925053,20.31174356364676,22.82361563758752
SUB00084,1,128.3066154154124,384.63957612423695,43.10821757402486,3.553099647304039,3.50918033566171,1.0,1.0,4.430526225135989,0.4047473701779476,0.26253767642125464,572.6694946734443,14.911389079955661
SUB00084,2,109.76195416578686,335.98068133993195,49.616945578351135,5.34001779429366,3.2364222513302234,2.0,1.8547645161441797,4.318653759737531,0.2635685602144077,0.46278187225501743,368.20866550653454,23.61790147889183
SUB00084,3,128.70415168812832,533.3157518603406,52.60783876025275,5.46407096812842,3.5986163590179174,2.0,1.2434319889407441,4.333125516283933,0.5785964106409488,0.27201135931175313,746.3809346995876,18.7095210546575
SUB00084,4,113.25175392251722,498.46134324753183,48.671036007748555,5.859426745502638,2.819035326162532,2.0,1.8017766682930172,4.125707203806441,0.3623149936638823,0.5813740243769211,431.62125200788165,13.102783007898433
SUB00084,5,137.3846251364486,330.01115026322844,49.69182819603877,6.467463301642281,3.9523500632057074,1.0,1.0,4.91036274060487,0.624122882943757,0.3560598761963292,957.0558112430284,20.605511507745963
SUB00084,6,110.24010770658433,526.6938029959367,30.02851940365006,6.873303404140813,2.861865535686766,2.0,1.6043853871444242,4.301986612311989,0.28999115146238696,0.5395768819815185,540.2055273131608,21.449485872934424
SUB00084,7,131.07581408631714,516.104448737714,53.6705437496616,3.711273488104498,3.3229574852250394,1.0,1.0,4.539229675720744,0.3182204030454926,0.4928913785335094,920.7056874075887,23.9729862488884
SUB00084,8,114.7586901653757,313.62223568378386,43.86492825482763,5.02134216945431,3.2192144649545034,2.0,1.1798516534367463,4.532239020655104,0.5278190404253675,0.42996108627370233,474.30302575809407,9.02269123491729
SUB00084,9,128.26112109919316,360.4335471579143,31.587519681249766,5.652180772092074,2.5971226963485554,2.0,1.5106972077540088,4.386473100761181,0.3660764452977502,0.2520477583863679,914.41433046668,17.46307350880123
SUB00084,10,126.04354286079706,312.3807918688278,32.96601760084847,4.834773078796742,2.1429916979689363,1.0,1.0,4.394993458917155,0.2578041061341617,0.4553880773564848,626.3535701907726,12.306340043449776
SUB00084,11,117.45712077586417,567.3424161983091,42.00555370152975,5.8192883568140505,3.7771180814042022,1.0,1.0,4.686816991962392,0.26800971017216585,0.5009307171627542,238.35581036389777,26.281769525350676
SUB00084,12,122.55664693897964,426.4729123246092,48.412793333986805,5.953977012636231,2.0437498665756033,1.0,1.0,4.655217596087065,0.4995796784797655,0.3638072441812519,960.5980892205761,9.862132842562495
SUB00085,1,1.1256704845455885,72.97267394377255,15.339257411916913,0.09408630773489873,0.3077910030796808,1.0,1.0,1.0,0.19419999325742726,0.5298611142805612,4.530861734866884,26.71136844064017
SUB00085,2,2.3481655830032446,60.93520100193934,22.54534965914557,0.5815498145029265,0.26643638835797195,1.0,1.0,1.0,0.5215373995337266,0.36521528716405477,9.104041415541332,11.826495516656472
SUB00085,3,2.4037436681514484,35.02288128852497,21.107390593647203,0.42769983080489,0.4506083648046676,1.0,1.0,1.0,0.5449017547443503,0.3806523865443183,17.521882791013137,16.162836786923865
SUB00085,4,3.889240062649648,50.46588560177227,5.994575067954355,0.2352042783997677,0.11610109724068124,1.0,1.0,1.0,0.5362742224602005,0.4789537508066378,28.757133285852166,27.820609492915956
SUB00085,5,3.9749174230213296,22.56178074732787,10.765307070098242,0.47315612526604045,0.30720711119009453,1.0,1.0,1.0,0.1903058828676884,0.3714561414088811,22.98154947488561,14.829524077349522
SUB00085,6,3.8134056542813592,58.06219206362621,8.641533923776931,0.0,0.06876680942299201,1.0,1.0,1.0,0.47883037893880465,0.2502269341068594,20.623452430703637,11.333202591338758
SUB00085,7,4.719400257608989,78.1634508493778,10.353101039603516,0.2474862732761322,0.02957956204604334,1.0,1.0,1.0,0.5095467674693801,0.25064730994926404,30.423681919375035,9.74456819778776
SUB00085,8,4.229715284805756,83.52745563048359,18.70328686172076,0.0,0.31784146304964234,1.0,1.0,1.0,0.2757678079647249,0.2507492677473069,31.342790131425755,19.54101759741333
SUB00085,9,5.731153938262787,44.92191296449364,10.019294163263538,0.0017527963857522089,0.10456391356993638,1.0,1.0,1.0,0.4557426226721393,0.44939846715877224,17.577144818088712,19.362549418976744
SUB00085,10,5.420984243427672,84.44541709808591,18.02200033402446,0.20260146070891374,0.3113800849121186,1.0,1.0,1.0,0.37358273634889194,0.33234098107442983,12.562209373018254,20.32021783977921
SUB00085,11,5.0665992458055396,76.6236966151879,15.727942336791958,0.0,0.438685302974536,1.0,1.0,1.0,0.23323854235855368,0.49790774912902624,12.71595600703297,13.243455063005483
SUB00085,12,6.311140029672887,64.5161277014879,14.202684708032141,0.0,0.053958973654525955,1.0,1.0,1.0,0.5325971402824589,0.36944865723577014,40.975696644418335,16.949329543510274
SUB00086,1,99.15609603449816,302.7876425860104,22.348777499130218,1.2126171405515431,0.5288068530037391,2.0,1.2274543147531336,3.526344358466658,0.33403526867449296,0.2510771603554341,608.9753355858862,22.14529719242485
SUB00086,2,124.17662514282381,303.5603002455232,34.33741010433317,1.6368929455554975,1.2024366026573088,2.0,1.6258244593077613,3.497055692613677,0.6170545017480876,0.5408345445018947,330.39332421747275,14.054452935975299
SUB00086,3,105.01365438783122,201.29470025084314,30.563659628872152,0.0,0.7365941648038588,1.0,1.0,3.634006480178422,0.4358504096893582,0.36606047858580526,777.532247232881,23.45129080584359
SUB00086,4,116.74268833047795,340.20086978924735,27.708741749599767,1.7612976091166344,1.1099477903165003,1.0,1.0,3.507350503630173,0.3266189356147372,0.4583886859368469,492.5956905411719,14.948766511407063
SUB00086,5,124.8085336726924,281.7627195128096,15.859668870600764,0.0,0.6816913592227105,1.0,1.0,3.074113066331157,0.38922847796531024,0.28568695684746637,296.7315603420313,12.166132499948842
SUB00086,6,116.76255118327227,296.29031610180937,31.06487061783438,0.2293530451322483,0.9707062219316918,2.0,1.2501001017279179,3.9748255407742064,0.31969607696250046,0.2613521589472889,898.644570035704,14.120134441128688
SUB00086,7,108.69529272156028,234.18508067864084,35.82059153514229,0.6413339655723839,0.5490659389215629,1.0,1.0,3.696228673943648,0.5977879108475397,0.5655386179472848,766.1399871860755,18.611993633998384
SUB00086,8,119.73076376552847,143.30891073444164,21.123764387105847,1.3569500770900866,1.20327892661398,1.0,1.0,3.0292504400621443,0.32521588260703027,0.4659058139808242,809.1453233666475,25.672617062311406
SUB00086,9,105.923843563594,216.13633059228013,40.91907759156307,0.11935336690063425,0.6137955946499294,1.0,1.0,3.1726129670353957,0.6275131871281373,0.4428125567072487,444.3115558450306,11.986389101282457
SUB00086,10,128.3934606317991,189.99603298427567,20.978470319047375,0.0,0.34447705607060497,2.0,1.3777317008865626,3.486195259169842,0.4321139890323672,0.5402235239221727,452.45500107974436,25.741876477766926
SUB00086,11,123.49015900915327,155.95058146545944,33.714968320722214,0.0,0.11054581804717162,2.0,1.2588856626591887,3.9335338871257886,0.5667742031596203,0.27711114187777497,548.7678866570365,9.360297320685175
SUB00086,12,124.47014053932091,277.206731488835,23.555475056872307,1.0461425566165254,1.1092332140613461,2.0,1.0471157307907153,3.028311350137036,0.3052537331695471,0.4585176427925701,844.9775324423599,26.96931520547238
SUB00087,1,50.01362013874846,280.7034920934998,49.67610439665822,11.261352323097398,6.187902866488528,2.0,1.308202805839857,2.7289447916156764,0.4771758931428143,0.4362923178949165,385.49311092286064,14.448190707606425
SUB00087,2,42.18716058458987,346.9835710170243,37.29347350495609,10.065717898668941,7.6508028142022955,2.0,1.4374548231204611,2.639297325769949,0.37853391604242415,0.333613265613944,215.6864251986704,18.291855892377903
SUB00087,3,44.84614699852895,298.50074870864546,61.30623555006266,11.262379024964304,5.551866625384131,2.0,1.4256033488983642,2.9839216312683394,0.18881957462089213,0.5439257369888019,222.81376255113923,10.219827315502208
SUB00087,4,48.016751712615644,355.7159568463815,30.512210402924424,11.305143329775865,7.13945618216602,1.0,1.0,2.8146381236230966,0.21927644600290663,0.49544676610173394,228.65464116461365,9.414102377929696
SUB00087,5,31.694372783936405,296.7502108392234,58.80663732721226,14.469151747048238,8.552788790920733,1.0,1.0,2.279462169389686,0.4159047763212762,0.31118551118293836,218.84124815853926,24.83826683120848
SUB00087,6,49.21027229601371,220.5078217966304,39.55661620033023,10.113494096188159,8.745748955713621,1.0,1.0,2.9842300781460924,0.47312489454428597,0.3582127569777538,237.44941383678852,22.531519584040844
SUB00087,7,39.50003607805236,286.9091024826127,47.5221635570432,11.322150202803199,6.078489699072744,2.0,1.4258024084279244,2.1591869913514787,0.5347454272974468,0.328374170857693,175.248042030266,11.80409528359478
SUB00087,8,41.45705060401643,278.00657084720314,56.58179474277087,11.857826569647388,8.839605591188223,1.0,1.0,2.760147926486433,0.5096371632615263,0.5875080645547581,103.37931610037175,27.946776649411635
SUB00087,9,41.18470137407901,263.695366076931,58.1473572983392,12.641487377189721,7.439644148536024,1.0,1.0,2.6356840707440323,0.20810487588937407,0.28345948502776963,146.2983141005427,20.14059664309227
SUB00087,10,44.30001905320289,361.00864238665696,33.90975829213055,14.146883822727196,5.4020433848170075,1.0,1.0,2.3199000296023384,0.15369957267345433,0.4675624367517167,99.25743148865116,16.655865817423745
SUB00087,11,40.4033258110864,271.6536463948474,47.25160856785702,10.31124229885431,7.846012601310775,1.0,1.0,2.52176358511379,0.5191141119196682,0.3200550431829603,156.6981583149989,25.71186825053919
SUB00087,12,33.0776410462122,196.88170924011465,47.52103889790832,10.89247471552631,6.4765206942154645,2.0,1.8912797199630025,2.649675822577502,0.40846497438950646,0.5359062016933072,98.93048323183673,14.021952589162769
SUB00088,1,5.3739929324736035,1269.372480842916,54.058514615265466,0.27436758550692936,0.9769171671209207,1.0,1.0,1.9049466068483374,0.34275713246777795,0.5936042099528919,13.070220310368935,13.526784426724962
SUB00088,2,2.537227171083824,1507.5641744822328,75.85002890434524,1.0263981283762007,0.8370008311914889,1.0,1.0,1.304068802760003,0.3053919485779548,0.517228670834892,12.331932156657812,11.076673705125
SUB00088,3,6.016846237849805,1773.0140160377662,66.17688569831216,1.9030292788782868,0.6541755948002751,1.0,1.0,1.7203637027958554,0.3934503300919406,0.4184972625649318,37.71704596759628,10.535498442703618
SUB00088,4,3.3945306719862764,1211.7440839033277,49.092344985007166,2.860870526505921,0.25284908947783896,1.0,1.0,1.9189611574060508,0.34376687752066104,0.3826058602549719,12.788523332643553,26.07242880456315
SUB00088,5,0.829626225972615,1310.7019425282497,58.04262558896785,0.9110197736360728,0.4222637248735045,1.0,1.0,1.2051202514073673,0.34048087782675995,0.28394543693694835,5.223059344376912,23.866040700348016
SUB00088,6,5.558548061958216,1401.6708457106572,75.86357498985475,1.2529424337443427,0.4713644670371618,1.0,1.0,1.9870552790268565,0.29381342844317426,0.3465465601999078,23.730807164233855,23.645125228609082
SUB00088,7,0.0,1503.198753124609,73.09047297935666,2.2313552388699724,0.5470414859031913,1.0,1.0,1.566205819438419,0.23725912634921492,0.5895781113131277,1.0,20.396410891586736
SUB00088,8,4.801534638092932,1391.5714711046007,41.8362807274204,2.6308902035783253,0.16427996059597355,1.0,1.0,1.7935901783588653,0.5443468197377781,0.33862829006176287,33.84427389052247,11.442059302283331
SUB00088,9,0.0,1476.165738720627,51.302591813375834,1.9511685197161355,0.1729657120063962,1.0,1.0,1.3200472937724415,0.45619948234061924,0.29225981802274614,1.0,19.69532140966453
SUB00088,10,0.0,1607.464859029485,46.48146553395364,3.946680949125839,0.7231866747640587,1.0,1.0,1.0896731053565376,0.17996439018478924,0.2630318947651508,1.0,11.109492211092117
SUB00088,11,1.4987144371173002,1366.9347627042114,56.384475024803315,4.074961093165277,0.1625044440204344,1.0,1.0,1.3423714711909116,0.507448315937682,0.5745912228554425,7.4648370325198865,14.134327875868157
SUB00088,12,0.0,1506.574344538635,64.88811044314043,3.6874343413571076,1.2638557039565756,1.0,1.0,1.5316918578787055,0.2530363976755996,0.25502782247915523,1.0,15.155440151751415
SUB00089,1,70.01552868366477,628.1287676559238,63.254620017125305,3.781124576066289,2.9080233986290183,3.0,2.822271332713073,3.051742023391005,0.28328837379301947,0.41015208362989447,156.82722344770474,23.59105035536527
SUB00089,2,75.15539688780012,707.1045560710149,61.822089666344965,4.689391016297695,3.0942371725879085,5.0,3.384822972073125,3.707932424902536,0.36698066018415854,0.3285119237270444,381.4336573135937,15.459810480432207
SUB00089,3,59.31221715714113,764.1736198866082,79.87928817952461,2.9926655654012175,1.7250259093447058,3.0,3.0,3.279135101612067,0.26032194423273264,0.5493654033451147,249.43897499568826,14.859317659499194
SUB00089,4,51.13090398083256,595.4501454154527,97.83709821780775,4.876981008572982,3.0585564594394974,3.0,2.962592424640666,3.688673991960551,0.5154468070233373,0.25234626697414353,316.5937441364285,13.243190036456918
SUB00089,5,65.67482137310778,455.3040401310527,69.49167074237616,2.6439912050609173,2.618347210717949,3.0,3.0,3.1467757544886306,0.41671575738442224,0.40083977879716226,274.0413713892006,17.911795613510723
SUB00089,6,66.34426468546766,557.3849915752672,77.36912391980596,5.137130585780474,2.0894733088977904,5.0,3.313425803857727,3.490763374534879,0.28509892466121767,0.5251636615347495,294.8915939161334,12.161425510035041
SUB00089,7,63.75731838125667,498.03170229940946,74.67971221464872,4.431029159215052,1.730178728797383,4.0,2.993752897306802,3.5283299916686808,0.631918010976131,0.5688142430441374,170.3531753632316,15.37504106133801
SUB00089,8,60.34553167251702,737.211638882846,113.17262433063873,4.084372591471276,2.719785253115199,4.0,3.1224075599225856,3.4096840750452246,0.5683076558507528,0.5840088406808697,218.56277003478132,18.20020168488563
SUB00089,9,65.87992152776853,736.3509822609046,68.98443143472488,5.648762527444162,1.8532386918492976,5.0,3.4357161605849784,3.3782499222541493,0.28153123012289316,0.28528807780885007,390.4618000193481,15.415034211793511
SUB00089,10,55.699259422981676,619.3227614301161,92.46834983428715,3.62823008338759,2.421226118212683,5.0,2.610670031040384,3.153527123042735,0.4620976712431788,0.3464022648923717,321.61811413482076,15.455027653583205
SUB00089,11,49.88761015200116,592.6230777261072,108.5285387562174,4.600290433160519,1.886801857030805,4.0,2.6039158240882307,3.5316813156503173,0.4114731440585787,0.4234187681545392,216.59097590751574,26.876842547274073
SUB00089,12,64.6293341322526,735.1853164815693,103.53793741800058,5.496489611779014,2.7268195453261264,5.0,3.0825635189933016,3.102835151586775,0.6297204280489707,0.4763341416354502,344.72496412490216,11.956422654661756
SUB00090,1,7.09168072071647,122.38806659684964,40.53797632386977,1.780622966940017,0.3196399566123109,2.0,0.9960061258293347,1.0,0.42424640951328096,0.3988012874214021,20.502917191214767,27.96202621931134
SUB00090,2,11.984221623499554,97.21910383144393,41.87322489964092,1.5127437650745756,0.5166942408795777,2.0,0.8057585884071461,1.0,0.15111745061651274,0.3059876371767034,61.21469377237119,19.219286520417313
SUB00090,3,5.784522749281823,100.69246562294498,34.33731905702404,1.310656930100161,0.590289503278365,2.0,0.7787627160513411,1.0,0.32201380898884613,0.4218380947602948,27.259375302450298,16.780491686140284
SUB00090,4,3.4837877045352323,90.49661568371579,33.74538632316476,0.21963929964456566,0.3615142615058172,2.0,0.9680377432448539,1.0,0.3771395607895809,0.571712191956824,20.55033808546045,25.50258110942221
SUB00090,5,3.2968021072852665,117.53296981288658,44.934405815427006,1.5171074313557482,0.005585520977017477,2.0,0.5068684445593556,1.0,0.4105792772670588,0.34616587875744376,20.221495120107285,10.618020779938877
SUB00090,6,9.364156293003083,110.24303490568877,27.061630825990544,1.1250789548518085,0.3048731757875396,2.0,0.6499581482222562,1.0,0.475687332444633,0.30751753943044946,33.041004985900805,10.082154170574883
SUB00090,7,3.384503823003029,146.9283222793067,16.5982883366149,1.623402892921184,0.393467801576563,2.0,0.5119531194804627,1.0,0.47170383261768,0.5607950757429727,8.586078852742506,10.155169638092499
SUB00090,8,9.62195413716473,84.50897626093277,16.757492104693203,1.5076068742159923,0.6757198941670518,2.0,0.9804404943057443,1.0,0.1727841742840266,0.484516286134596,22.690253395853226,14.144597655799359
SUB00090,9,9.21388471572752,109.16170441348153,23.57571848649033,1.5134589374482021,0.6864288469288122,2.0,0.8931593427273793,1.0,0.2817639148717245,0.3750778535387349,29.833268158558642,9.50468681726075
SUB00090,10,10.103946293649582,146.1624723856135,28.03927270154467,0.7564908916448083,0.5315175384971502,1.0,0.6339518697902602,1.0,0.3255813487083289,0.5627364803332819,47.590021418032094,22.45425811995429
SUB00090,11,8.368432801469265,100.62470488799836,37.632181676340295,1.4311637515278404,0.13912703908374524,1.0,0.582327632595949,1.0,0.4771663507715024,0.5079309831809231,53.05081447585998,27.88641229448238
SUB00090,12,11.691009407742689,83.94662453765451,41.86820012133848,0.4781089261908027,0.5303465284210724,1.0,0.7978663189074373,1.0,0.37867730541710676,0.5478662887659995,29.318495290329082,25.17930907120288
SUB00091,1,139.1788230504617,528.3696604957169,35.69512181123974,4.012980050811843,3.653262697802173,2.0,1.63236591392649,4.14228175087155,0.3159390153416921,0.4157948343787315,919.5229163093849,11.465507803555044
SUB00091,2,138.2807920042803,378.88113015284983,44.96575920452352,6.110928934160183,2.7871010786266552,2.0,1.5379020227550093,4.760796805833866,0.6375298054346415,0.5622793928478831,348.7367660660145,27.61040240713617
SUB00091,3,115.2281199106117,480.15401081614476,53.74457265062974,6.696570512386268,2.308005828988822,1.0,1.0,4.109283608436371,0.4359308474686252,0.4485632566870705,730.2844659353909,16.283951400668414
SUB00091,4,119.41271460272529,474.63240417790274,30.495577055928166,7.208539096728334,2.4022086689267077,2.0,1.5949475306760694,4.125988631995679,0.32666283493582327,0.5848472807623257,602.8031642620134,11.828844387869522
SUB00091,5,133.59713983918078,447.29336091712486,31.44760245640701,4.368052419625729,3.247176871656431,2.0,1.7654625011543672,4.484952066541863,0.5161231507484789,0.3753717641192712,764.87207654823,8.71239535575516
SUB00091,6,111.72681873925394,324.96318895502304,52.81141224091633,4.986688325798219,3.67783394107701,1.0,1.0,4.560948700858844,0.46671914683817584,0.37252806237366176,728.6128052462295,27.280113159510393
SUB00091,7,115.48811020398078,459.74067202270504,49.880473264492906,4.350164558283726,3.395868149703282,2.0,1.8643378894504699,4.385289740773414,0.25671581811724287,0.4285076275399238,424.20229282761085,21.868062830403606
SUB00091,8,118.38231663061937,350.10458545307097,53.135786546702704,5.776802923121593,3.965367346423064,1.0,1.0,4.567278605850241,0.6022937683616751,0.3523499906894192,447.1238300399005,14.516398961108141
SUB00091,9,110.90082033622082,566.6837428016737,30.49792744401598,5.209185200745137,3.095574558564767,2.0,1.8255012681970575,4.213160578871701,0.5693672752939914,0.37649941760443983,503.34123559117245,26.72776508628033
SUB00091,10,138.05455548437484,419.1173906659727,42.885856458716546,7.148309497660181,3.8396822523513796,2.0,1.0967526831615722,4.868988991978842,0.5474731464971329,0.3595943858914621,708.0263902875996,25.202613183793318
SUB00091,11,139.92871806588866,435.0839385305597,54.70417122107362,4.726451431226323,3.747331523678964,2.0,1.5841987241196327,4.526490308556614,0.5431090745336993,0.2729327304338933,939.271567805042,13.663410722669669
SUB00091,12,136.60563676651958,305.5888816731568,49.513732262426174,6.026136451864542,3.1779274569001084,1.0,1.0,4.948271116746152,0.3821548478474356,0.49643421784022995,586.0936636640793,9.701044480172975
SUB00092,1,1.0667395070183867,78.93038185508487,8.789668716833912,0.15690086375268059,0.4372210338351709,1.0,1.0,1.0,0.4280091004270501,0.5775290323177835,7.452667502970336,15.434556503052702
SUB00092,2,3.071351858967998,92.77060677434693,17.576583831555332,0.6893817133199949,0.2544116567591725,1.0,1.0,1.0,0.3834545844378159,0.5286637261598225,17.840255927247796,16.548009279872375
SUB00092,3,1.1351223472076661,76.9006528212929,9.601377499127315,0.5639530770137287,0.34546751721636837,1.0,1.0,1.0,0.29921576444144526,0.3757188174875129,6.404495174332894,22.87696599437727
SUB00092,4,4.600280643945235,68.6903915289858,21.772840214209438,0.4693641883040879,0.2743367948770067,1.0,1.0,1.0,0.2045588934139689,0.4754908593658963,23.396085897835906,13.289342571040937
SUB00092,5,3.4979441967910976,54.165151220751646,9.896691523076633,0.785900953972203,0.4434205808265315,1.0,1.0,1.0,0.23435334621930287,0.5524726572862457,25.783843049813843,9.653838317878972
SUB00092,6,4.530229647091615,47.1675385655732,15.14466543475991,0.9645911671004764,0.2524825537587715,1.0,1.0,1.0,0.3234713947697072,0.5207171796858653,17.55031563941418,12.809525685408975
SUB00092,7,3.3300148589212926,34.647637357341175,15.913361748783554,1.2303545139481322,0.09264083211200863,1.0,1.0,1.0,0.35676238990877795,0.2744352343400589,20.87596787400041,18.366843408456532
SUB00092,8,5.935154857303959,0.0,7.246131726639124,1.436581594019484,0.15908917036812575,1.0,1.0,1.0,0.47537370110337107,0.4719975518994643,42.77659525576101,27.888542252622493
SUB00092,9,7.2788164572639324,67.90791118372087,11.511628071216089,1.3711810765266295,0.31040145859800833,1.0,1.0,1.0,0.4457585379859541,0.44551762657507843,14.717068406745648,13.646310249476054
SUB00092,10,8.17635723323172,57.36632389575269,18.045627525818837,1.1523573167350334,0.4734590100805254,1.0,1.0,1.0,0.1729580235821726,0.5760503564254015,64.2090239403285,8.112834008731735
SUB00092,11,10.050967894229892,54.44405660262399,12.181174211211584,1.6051450433101784,0.09696314969239689,1.0,1.0,1.0,0.5277138368418992,0.4001946953024501,44.14101977008166,13.513426369326469
SUB00092,12,7.987153848395663,26.873753785829454,14.152884402439646,1.9633949394178565,0.15857746090785751,1.0,1.0,1.0,0.4325323529551188,0.3193951451639395,25.33019418943333,26.173031261678865
SUB00093,1,101.32082213171135,311.5705083081642,36.437515892782315,1.7043930889685128,0.40798928242031796,1.0,1.0,3.0595960469945718,0.30087372933246137,0.3815801790913975,398.7221616814322,12.393572623584227
SUB00093,2,120.45618305403993,303.8862430061319,33.90333073653193,1.2768692175858665,0.8524766073162477,2.0,1.2290497615201956,3.5833295558555314,0.2504761868249385,0.34674447703975547,715.0582751210657,17.100812210146835
SUB00093,3,99.39827129820993,203.56794212874294,31.036366953408766,0.6298140501098359,0.7914572635638817,2.0,1.9459993446956352,3.041033515752659,0.3319975211660615,0.2905174224020875,659.4203293732429,8.911257179038918
SUB00093,4,121.92502962792204,251.8732796187679,29.11690574823183,0.8889374147982806,0.7449631515898774,2.0,1.7302771025843544,3.9258069193048555,0.5675689606094266,0.5078509610258939,600.6432344117807,26.004315965626624
SUB00093,5,109.11982130493118,286.87457921593204,16.409765181820564,1.829079127388059,0.9031333193729635,1.0,1.0,3.5649658508225794,0.2613647010021825,0.45274248209960494,809.0777788953554,8.086601370362807
SUB00093,6,119.67258299173517,193.01619579836546,37.90635797200228,1.1954455196450753,0.43215062377177826,2.0,1.2463039993754967,3.3253556756739684,0.6223353724601229,0.5052650157771885,767.8724628003783,27.118728442433586
SUB00093,7,96.05659797839829,275.2204169210544,18.38414844397112,1.844497661568337,0.8157766682842322,1.0,1.0,3.023600941231812,0.6055933144322729,0.5752216781899595,469.90238017885963,8.412807069630565
SUB00093,8,112.8006889579695,197.14208703432212,20.377663209995028,1.2326536831306358,1.2546372486797843,2.0,1.4276474924650482,3.1458335571144684,0.6003563172484656,0.2691877720278262,387.7171917644191,20.42944551470635
SUB00093,9,115.45017422120581,193.32466640109234,23.656548538887822,1.8440309591385402,0.4921413610138996,2.0,1.06059424432054,3.2708715183109396,0.6185678509362784,0.5073718683418209,631.3783951483342,21.216278263907455
SUB00093,10,98.2505000964783,197.70891149160033,21.94123811382056,1.7645389727726708,0.21465464095300307,2.0,1.7812927547389328,3.212588073999108,0.6351429259367812,0.35341927352666236,565.9552989842359,20.3773407917973
SUB00093,11,109.52522486659791,246.79301908913703,31.799838580019372,1.9642069979221928,0.10630975069732518,1.0,1.0,3.025740548571182,0.46761407882487827,0.3382215015532164,588.1985865215923,22.993147154674034
SUB00093,12,117.93936660937659,299.9196633982181,30.287335017538567,1.1191705644131078,1.174318833029207,2.0,1.24324612903018,3.4552202554981446,0.6351634487225702,0.28838561444236815,637.7965416036703,14.825750263491168
SUB00094,1,46.66509609809405,352.18878020637226,50.635275447207846,12.350717392595078,6.06967139309751,2.0,1.374454457617202,2.826389379062189,0.3352026346022031,0.42474138464648803,267.36584943782356,16.68419197667965
SUB00094,2,47.72329489380361,388.8206469183022,44.738072393064485,12.267323752166819,8.02122699469625,1.0,1.0,2.146252516648493,0.4542767512753274,0.5000406527426797,149.5802153766928,18.73749572308686
SUB00094,3,44.69982094029871,225.16160001816576,42.191892427367584,13.571669610452334,5.773716277005571,2.0,1.160386231528458,2.3884327480082255,0.20379767813269312,0.37694150043289465,196.73266289896054,10.242208232507926
SUB00094,4,31.848816864545697,379.1784513251845,52.442143374844775,10.254474686812523,8.518249568615007,2.0,1.613155457202942,2.3714815090537242,0.24978758774514467,0.4247447902036362,89.25004590193319,21.444497897218277
SUB00094,5,39.27858030302012,313.05073436561565,50.60798115834958,13.002905587435837,5.04302154000332,1.0,1.0,2.9795778500860997,0.31152553165887575,0.3673419843547779,118.38763003948701,27.95531902490968
SUB00094,6,47.90067856617857,320.65684264951216,55.052349525453145,12.14568352851677,7.228155565057159,1.0,1.0,2.050805614761979,0.5280828445058577,0.2996297158033077,232.33323631094888,18.893542556965684
SUB00094,7,35.67434155662037,203.73838515301347,47.78442916881207,14.58042031501085,7.802476113781994,1.0,1.0,2.2520082661331764,0.39210163721620095,0.3722630537936049,214.0001689107263,26.37006725862058
SUB00094,8,36.79219977457863,212.9850243747321,36.74453455858279,14.421126749877162,8.883336613045724,1.0,1.0,2.892430974132876,0.5332514072833839,0.527079222336037,196.46436861605972,24.515315626111256
SUB00094,9,35.77531179088,395.72225002983396,36.8561163853003,10.39614386835368,8.485411285473301,1.0,1.0,2.8877464030023643,0.21512812559535166,0.31398340133757685,181.5260167960971,14.650193216890486
SUB00094,10,41.002409466267316,209.99958615331306,33.08802439586779,14.540394007158438,7.939755681391983,2.0,1.3856221070728476,2.267536250418915,0.17298372650656363,0.37368307241955245,131.33779206007188,10.718250079039645
SUB00094,11,45.490422460315806,269.22326654008197,46.192860586761924,12.220461042532438,7.354088191351709,1.0,1.0,2.7099426136830393,0.2770005281574991,0.5473534877340633,250.96951141295605,20.67888557056361
SUB00094,12,43.42707120775575,283.7222142483455,61.25550735201405,12.868239902132043,6.048604458066924,1.0,1.0,2.27946607762372,0.15229507612134627,0.2568112237544133,341.78910171746077,19.19675873245889
SUB00095,1,9.237109312621431,1483.2451126009828,78.63113550370548,0.5582545663239775,1.232181609396449,1.0,1.0,1.222462320732532,0.4867155047411509,0.502422187175449,71.31232918308683,17.505037431993685
SUB00095,2,9.638164210784726,1559.6091293546936,59.590858228806994,1.4324896329396715,0.5435445871993624,1.0,1.0,1.700413119967275,0.27151025781699534,0.3451425427309778,59.38006260786182,12.298903254415125
SUB00095,3,11.07295327405065,1473.4399466581406,43.16149825594931,2.3115156700967723,1.3995717907141214,1.0,1.0,1.6830058820927074,0.3363967966270909,0.43940104897368193,34.07643877022139,22.470417988898276
SUB00095,4,2.5205507120387876,1474.454859164502,76.87164428193316,2.1318347046111783,0.6040164717650398,1.0,1.0,1.946183825252405,0.25114313765905955,0.39327119890894036,16.81041862850691,15.286833452521282
SUB00095,5,7.445886889672025,1224.6931154669505,60.330138309405214,2.69235740467414,0.20338538693729086,1.0,1.0,1.5831318138258048,0.25980019643567037,0.44260966206083174,55.459014613175015,16.47460699597147
SUB00095,6,7.983011114941631,1688.7478882918676,63.19211174022227,0.36196037528943104,0.4794941108415461,1.0,1.0,1.2661621146381432,0.5397692727075688,0.4223210341037028,26.55460674128572,15.826882663313912
SUB00095,7,2.008199509654984,1292.723593013526,41.83668193808353,0.6101005499323359,1.027898318881106,1.0,1.0,1.3661807610806491,0.1662996374001974,0.5165806721182966,10.99891654245109,24.54870610488828
SUB00095,8,3.075533581162032,1319.9552924719835,48.497526758509046,1.8274618046593325,1.314961359314652,1.0,1.0,1.8337911301307364,0.38179568918032564,0.4674468910209849,10.507261314436242,16.92314028405213
SUB00095,9,4.532297662820887,1325.112670973863,73.94928235992631,1.3392397768113273,0.348791165935021,1.0,1.0,1.4005674073061862,0.4237974249390122,0.30205193405771463,23.18905837230678,10.775447009520185
SUB00095,10,7.090307140331878,1243.668550127842,59.70814367241181,1.9272744038073415,0.609031171905144,1.0,1.0,1.7498461881132612,0.2956039121086632,0.5720306886600492,17.47102410041159,9.82328811605595
SUB00095,11,3.887555851961571,1617.4254861090026,49.041131639075026,1.8355101652121857,1.0909376027400033,1.0,1.0,1.711129639736074,0.5018061498423703,0.5358261900716678,7.981817695517706,18.794278122772475
SUB00095,12,10.478671861845203,1406.1594158543485,67.39790117419848,1.7951631331056828,1.3585748752996578,1.0,1.0,1.1015191858589937,0.18778502006551898,0.2750139983801913,79.24878566380895,11.04864852454987
SUB00096,1,66.16475206309423,566.2634714512945,108.19826317231804,4.256938315318229,2.2525964705302424,4.0,3.4630596339250075,3.2143275940572686,0.31990214518962534,0.5805180466556765,509.4380564390526,10.984737088598312
SUB00096,2,72.76291960434605,608.1489791381357,106.38382411516909,1.9746426817310367,2.805355953398119,4.0,3.4259623628061253,3.7538351056556394,0.5428575943358035,0.33882563071234123,578.9773348393721,17.368176218478517
SUB00096,3,62.49298292894984,555.7989077056587,80.97747538710158,2.5268718221448725,3.3556569599416237,3.0,2.915717159844357,3.3873788684666186,0.6167624542856698,0.4715209510581108,410.897875775357,16.254876631280425
SUB00096,4,61.17001356228187,811.2676474899185,89.65602381803586,2.133958842838887,2.281750900495534,5.0,3.028378654487965,3.1294793151849376,0.25429620343797843,0.3243570388051066,388.1897365963154,24.57028255201727
SUB00096,5,60.530213545383376,533.6673823934719,117.91242875455092,3.8891003838746228,2.374237161237838,3.0,3.0,3.9385634814276567,0.5592813553053549,0.4631010544824976,305.0862559257416,26.576287246740662
SUB00096,6,61.29783443642327,598.273609114483,114.9428339560486,3.4412129161954765,1.6019734393173486,3.0,3.0,3.263045647825496,0.6009646612646359,0.5721059673215305,448.88382563039244,20.03035796712367
SUB00096,7,80.25758921868736,774.7374155464436,115.20215421347831,3.929849601247475,2.1533447633127274,5.0,3.1858203228735955,3.86311490687158,0.25093863884619183,0.3227908208253878,484.62793175198107,13.672702086408126
SUB00096,8,54.73858575979174,695.1256220556222,111.51681432898016,2.594340295281726,3.0983101773803687,3.0,2.8603895406182187,3.86534961423993,0.5550181883043449,0.5690548531655618,248.85446674010595,10.026030096476486
SUB00096,9,53.53661141665606,764.6125784201082,63.57425335422876,1.9660700096293808,3.3372487004299405,4.0,3.0420077689567715,3.8897578444520615,0.5829550446568941,0.3197719960592913,324.7133923470846,24.950063716190765
SUB00096,10,78.66674470013415,529.4877302274792,99.94914069950104,2.508334294330647,1.9586525026161479,4.0,2.9251807575246427,3.000554164832904,0.4673156293399914,0.4699000530710713,567.6733991512065,18.81126476940527
SUB00096,11,51.92893534178515,648.620485233603,113.93151698930963,1.939208477515706,2.570018187601163,4.0,3.428992047112432,3.2628208347260976,0.6460940303504247,0.25677226705609557,140.78993555063374,11.713526120548241
SUB00096,12,52.82957469874209,765.1905264782968,104.68541136285702,1.2317354692531004,2.29299818391043,4.0,3.2269186844637288,3.1775210272185364,0.45615793903373036,0.574163335631126,189.0396329113589,22.300556960030697
SUB00097,1,7.168972158570542,91.18880395846048,21.669524693108315,2.011549975066513,0.6002543130284576,2.0,0.9795528162595815,1.0,0.24018296276123233,0.5598138622734379,32.398351259149,15.423154082051362
SUB00097,2,10.231222543298092,97.22581521010733,27.251512749004625,0.007137804207979104,0.5375302816025037,2.0,0.7095241422146105,1.0,0.41020646141220685,0.3050388523580745,43.83569290186215,12.162724723939878
SUB00097,3,11.120681129252105,131.9180782611335,40.01026328634721,1.2087113348965162,0.6798784072529453,1.0,0.5282912018294201,1.0,0.2047394755386803,0.37922867220958867,69.12024698857326,21.84068048426292
SUB00097,4,7.496002311876465,87.58999758482707,30.302456286903425,0.48402041050819705,0.9795744639816819,1.0,0.781038315788658,1.0,0.22273631265418004,0.374817686637008,58.43796789864593,11.504834685741152
SUB00097,5,8.56457165692115,102.09066613794593,34.0307676146046,0.9188000920178567,0.08319504799204525,1.0,0.9033346654951158,1.0,0.4896891432093594,0.5533434946109477,54.03187025774175,10.848082934297205
SUB00097,6,6.717219962290687,100.8088076815184,37.26620801776788,1.4172060293991953,0.4005730904994095,1.0,0.8705999853701534,1.0,0.4594461004837459,0.3492510857457217,14.049968310338686,27.36332308957556
SUB00097,7,12.918141161217854,132.7210177197706,37.54423405752526,1.7258690975553304,0.37922674583998295,1.0,0.7233191822617344,1.0,0.4890444906462087,0.39153635343047355,49.21385163509207,18.132028888630916
SUB00097,8,15.569066043555852,102.5871504582196,31.662777455746138,0.9444335513557185,0.9321717638406569,1.0,0.6122037951729442,1.0,0.26855923258041114,0.392901673235455,34.9420810732234,9.3202654032563
SUB00097,9,15.282905846665981,150.5499743154476,24.276701096665676,0.0,0.35528860844538523,2.0,0.5307927780651648,1.0,0.21352024805213338,0.5182014330399936,49.35303582977952,12.61620748788932
SUB00097,10,17.903325833712234,127.0777063909231,35.155367455293856,1.276425873981267,0.8979558329070189,2.0,0.8975029272474742,1.0,0.29423247480777504,0.2551733316940638,112.98624918806243,9.589019404623704
SUB00097,11,13.044625481905234,137.20127194039827,35.820619165241666,0.9361678494522467,0.3496546400413997,1.0,0.5227298257951724,1.0,0.3356315906919026,0.31255253804233674,87.47164645177703,22.084186838208623
SUB00097,12,16.111413320284093,94.24157002609181,20.503074466571668,0.5538868101870668,0.8688955784016181,1.0,0.7454655051180302,1.0,0.27305861897419936,0.5084468673743908,99.12446538123619,23.21622056442489
SUB00098,1,131.51812076602494,417.5938146793935,46.9907614080345,3.177896225009109,2.2874751543392313,2.0,1.2906581259838417,4.322453249304065,0.5373346556217515,0.3118622456040571,471.247741007539,10.024121805408882
SUB00098,2,119.2699968751777,387.28267582949076,41.54259845000235,4.608872908673974,2.053638907147549,1.0,1.0,4.351127185184059,0.6127339803835603,0.3689507731207374,938.199756666356,26.727129985659094
SUB00098,3,117.70714926400572,525.730924025231,48.29878910178806,3.360175090189319,3.0010116191773353,2.0,1.6089222722467453,4.272112673895906,0.41615114565736777,0.3361749933044561,431.055886916057,14.464480413971323
SUB00098,4,127.40794802052795,324.7865626940014,30.545160015145505,6.677425656213162,2.0131627446383655,2.0,1.5998045333368278,4.817392294841007,0.4240098862543862,0.37396365905487666,755.6739510617521,16.12001749782257
SUB00098,5,127.63152701700196,365.9616806142804,49.53429966795913,4.039001340701965,2.5195176482375836,1.0,1.0,4.808365919620421,0.444804292207151,0.3784246450921742,825.5855426342747,11.829100881280505
SUB00098,6,128.43694230811815,373.18164341786974,48.38065362717315,3.4704916840964173,2.812612095868377,1.0,1.0,4.44956147313691,0.3775089794683584,0.2514214785287093,272.45592455556704,12.808924514725172
SUB00098,7,113.31641529911558,432.74586493458304,31.119302735933577,5.247787266095297,2.754451469614479,1.0,1.0,4.3476582016792085,0.5183592635347064,0.3286092596222815,882.3604122189101,16.50587395781831
SUB00098,8,111.46907654731851,456.10349875109364,53.20427099434666,6.466204125611198,2.1598963346889137,2.0,1.6081326622676864,4.60159531431534,0.3586572398900093,0.5828851913719502,428.486049030533,24.083988722023125
SUB00098,9,137.9336389726882,367.68573582398705,52.99128291936999,4.374364604047686,2.9560360043545497,1.0,1.0,4.7448519172309265,0.4197510007161469,0.2856544078017094,319.8086272386169,12.164803539573958
SUB00098,10,135.5894001427603,359.7659995004109,50.0862052600488,5.311466840110383,2.032682783024942,2.0,1.5000056031150404,4.266408058877056,0.5246041621404015,0.5276235537435963,354.5141408353132,26.346764054924712
SUB00098,11,112.12099685286186,389.34851203911046,32.44090804027241,6.769140013064211,3.0388016283522234,2.0,1.5800689505475378,4.543546566827511,0.4856764595543732,0.5505205602625343,635.3224925273171,11.916687095934893
SUB00098,12,140.38929136609207,328.3560107461091,35.3354173613257,3.119067183950971,3.654387487349986,2.0,1.4901041752182733,4.068502340456989,0.4214764471557132,0.37038604506961376,396.2875937550501,26.620420468604316
SUB00099,1,3.624045997070994,26.769843142289446,15.403658229641398,0.15037962605681354,0.1506117653865543,1.0,1.0,1.0,0.2571434312363926,0.28059107613766077,25.855888526328943,16.347372135526893
SUB00099,2,1.7221186375144357,73.8062179156113,17.64735667617174,0.29093707423976645,0.28396063403087096,1.0,1.0,1.0,0.2975799129614133,0.4075220413124715,10.492820973238334,23.926550864168895
SUB00099,3,0.5042180747009433,42.72796749020898,8.025309606694783,0.3713455797506369,0.005778388037477322,1.0,1.0,1.0,0.18668731777366712,0.47444501181782456,3.759837042391442,19.10403850799966
SUB00099,4,2.4239604156293524,35.26784874741166,18.31403073753273,0.6926574784229951,0.15815343257012826,1.0,1.0,1.0,0.35340199083925783,0.5953973922707341,8.186552508188623,15.958738201176395
SUB00099,5,3.364672991648714,78.0461138037536,11.26189946497372,0.8638788947632796,0.46186012916103986,1.0,1.0,1.0,0.20368944521309498,0.35254728876867936,19.519861320245813,8.625029822217316
SUB00099,6,4.080806790912739,60.57166298918946,11.571424370964937,0.7194424752081221,0.4044437471086425,1.0,1.0,1.0,0.4331284458042156,0.5100014772274304,21.39950598755212,24.378913042414062
SUB00099,7,3.0826986305098836,83.34493850605938,19.10069436394587,1.2030245016939762,0.08084182924434108,1.0,1.0,1.0,0.4006019367465464,0.32959254440717467,12.014077459970062,23.092553618787534
SUB00099,8,3.9358190312193697,40.830490029382084,17.069801293126485,1.1480038601396207,0.13409281788424093,1.0,1.0,1.0,0.3944373857505059,0.39562478518081223,23.92096772525311,19.49954712024111
SUB00099,9,3.425299678113545,37.123341876416895,11.701640921647208,1.0432017862794134,0.11561094354625912,1.0,1.0,1.0,0.1748260290504294,0.26463146207733707,8.805908956924958,8.100656576242237
SUB00099,10,2.3944289949958786,17.817623924596795,6.254823158882397,1.1837814511987101,0.15829476343455734,1.0,1.0,1.0,0.25464120381184674,0.3089397609544264,14.339415202231315,17.817620759213973
SUB00099,11,2.9339466358694386,57.35278945150765,23.766132391245915,1.6238772145234819,0.20475341199341357,1.0,1.0,1.0,0.153796596763833,0.4552574177419499,15.117463244426673,24.237543557262065
SUB00099,12,2.331815185637767,8.137237178819666,12.93704802489762,1.4572642935740814,0.11179574309953633,1.0,1.0,1.0,0.4447887977985464,0.49897619055492126,5.130931950588749,25.621448403750904
SUB00100,1,111.91792463339405,172.87559880021078,36.12502417138266,0.1946192999028024,0.587552419408264,2.0,1.142043458611932,3.1889856543936492,0.5171363411480322,0.5239103544677954,782.6741620235086,12.622994326845038
SUB00100,2,120.6913850923801,311.05650046446783,25.706830079562646,1.0536401627075282,0.14860733111055924,2.0,1.6654864330930246,3.3615950857646726,0.4502956977122523,0.35239824757542093,871.7540713979005,19.98413213380053
SUB00100,3,113.14567271538783,268.4625274821289,34.25259243581848,2.1262011652435184,0.9398865105164913,2.0,1.6406845296412569,3.9369894929695666,0.517831144838972,0.2560266126051756,572.7573197164762,26.073361272323105
SUB00100,4,102.6182085898193,275.53880941229977,16.42785784184105,0.6589603332893454,1.001792216981253,2.0,1.4871903265610853,3.8066036995945773,0.3613668394005852,0.48540045955135813,431.54485023339396,16.367400950932087
SUB00100,5,113.72676460153288,319.1054912833706,18.112356589262262,1.137146725809943,0.3420054060588347,2.0,1.4936639134421938,3.4500639330355884,0.266296502681845,0.4379114064716967,633.967867302982,25.832635629048998
SUB00100,6,112.88880415510559,193.29873171668353,43.156046221666834,2.1337986805638884,1.260650278215681,2.0,1.702176856181612,3.704336712522025,0.33992868317229796,0.4217330195837331,674.4637903714815,25.94672873825261
SUB00100,7,101.19917927387115,297.7947492656547,15.14504676315535,0.8017016748786668,0.4826096714824164,2.0,1.0285921924650867,3.4460213279321437,0.6290304363021957,0.4040814892274297,756.0918277859963,16.18008491858441
SUB00100,8,107.28049665368503,196.60762076311724,40.39653557930955,2.440130511179179,0.1473846158205011,2.0,1.4847428880904943,3.296878635047096,0.3539628238865312,0.32863610633151696,552.7847746341108,8.349598729743201
SUB00100,9,121.39418988564631,221.7372300663968,21.34078808182947,2.6815345174098906,1.3054445131044994,2.0,1.2371425685091415,3.5448403612074593,0.48726542932716266,0.39697318196464304,348.6799685672161,13.462089245912063
SUB00100,10,100.26464982148822,242.1144404359259,20.33690389168286,0.7869635729413231,0.23519654725290468,1.0,1.0,3.9808670922728795,0.5922666701049404,0.4217347072263825,754.5569946915577,20.56118665314554
SUB00100,11,129.5349153541397,335.0073275094658,25.60255102917121,2.5390591186894005,0.31475456560479986,1.0,1.0,3.4212320524687088,0.4669804537680958,0.5347557980845132,269.49597932255676,24.822322624611537
SUB00100,12,117.32614534499604,294.8964827376495,17.801406265030444,2.0417284911680245,1.0788094710573288,1.0,1.0,3.7998809092009447,0.3599447145222795,0.4713726322558498,826.2662493119942,18.47733911816309
SUB00101,1,37.19744801801777,286.4885359775089,57.70689136292637,14.891156848958014,5.785391282362682,1.0,1.0,2.052979081481517,0.3613674749428047,0.49007275919511684,167.95352591859188,16.33806333108641
SUB00101,2,31.506077754716525,302.34173391902004,61.429296581867675,16.007262109934903,6.18484324507555,1.0,1.0,2.7027984895994934,0.4644065154475666,0.42355583352105386,168.226878597826,27.211413781030895
SUB00101,3,34.525416625215804,338.79661203370557,62.42720924513366,15.216189051679073,5.507094335014237,2.0,1.1072700151790986,2.1133156059028293,0.31011178678164364,0.25188226107146766,218.5079236728353,18.80413986349653
SUB00101,4,30.591090062019717,194.1582321070754,46.99131665530089,13.222051421518717,7.487085833247327,2.0,1.5869605790129873,2.349784937399634,0.4359867858635902,0.45275014111084866,90.55761945581337,21.725377103554397
SUB00101,5,43.071364505598,325.3407793946119,34.01285142225112,15.472059538931566,7.951359284394872,2.0,1.5839250640312899,2.704273928503154,0.250679869646968,0.3515162302648854,306.0055295892382,15.96487807304679
SUB00101,6,43.34011196437323,241.88705602638973,48.447361439586004,10.47797470674237,8.944980439402386,2.0,1.7605914129199614,2.1351146994405426,0.2958236426328053,0.48820578995053887,92.30366514905603,16.67952981952255
SUB00101,7,44.59717351589166,395.7579526873315,36.618752817044594,11.40799228104897,7.414979977574651,1.0,1.0,2.5819371359149375,0.3899339732826165,0.513312368227348,296.20799290586064,21.6372714317258
SUB00101,8,27.18539747031617,215.2518954458729,43.49277761190076,11.090204031468124,7.2941369744027895,1.0,1.0,2.6822062954204764,0.23538022624163352,0.43859865673715337,182.827017616525,25.82467503105129
SUB00101,9,34.60854202918057,211.79262025537903,57.3694660694767,12.787787642210686,7.748140641077908,2.0,1.1571087765158103,2.769164055831321,0.2249557696849763,0.4194344043497583,270.7196496884229,23.176373957366835
SUB00101,10,36.65975261084507,220.0894130352269,35.07148788672174,10.449441302961999,7.426444626607113,1.0,1.0,2.8671309620969874,0.19880518529378116,0.4969722898680796,165.0422639155767,19.581594755299186
SUB00101,11,25.574009864166424,401.43451673748615,32.495742775721745,12.310671630298256,5.541973907387999,1.0,1.0,2.8102618052554384,0.31511152535474474,0.5609960099610249,123.98388716341076,17.142979284286255
SUB00101,12,38.36654596616424,179.71361319883513,62.99427551505637,11.898997506878962,8.081940694358599,2.0,1.5859066401244994,2.0189401329381824,0.4222711790148981,0.28257732411466363,231.23772933171708,19.748552040612672
SUB00102,1,7.091297547413465,1334.3712831931057,74.32066676439118,1.2806093296224061,0.7723332962234928,1.0,1.0,1.0933253129216307,0.22919387741326122,0.2546428953102074,49.56211174928404,21.26545666615369
SUB00102,2,7.523407260097681,1676.101784658254,66.13885319642291,0.9237214216563592,0.8846218925919788,1.0,1.0,1.3035547680549495,0.43789393916229435,0.40679037362438264,27.983573672160617,24.82168976048822
SUB00102,3,7.068496236561581,1380.0856573105684,56.91694375967809,0.6210400349880232,1.033665099078368,1.0,1.0,1.5771614798825668,0.28282562169158726,0.36855594066334685,27.60921615865413,16.906561366559718
SUB00102,4,10.08408088556544,1793.5882821595062,67.97049024669221,1.6634873094099618,1.332546853514645,1.0,1.0,1.94271902989352,0.5234638290520055,0.5989488553576295,29.63565648956094,8.07137447270555
SUB00102,5,6.8446521636960105,1261.261680339751,63.25837907150409,0.7695856472376597,0.34430648246362694,1.0,1.0,1.5986484473971103,0.3676616028400024,0.35375635076716133,31.7210595669374,24.919461837843862
SUB00102,6,6.590632475314869,1631.1676573148197,59.44251054027391,1.1403475957364848,0.046521009488990905,1.0,1.0,1.4149567026208916,0.39853469091448623,0.4789259439982495,15.73373796544101,10.37778209929878
SUB00102,7,8.66620592679904,1701.6575664301354,44.81369150305533,1.0534100624538845,0.7289508620330301,1.0,1.0,1.6776936271588565,0.2687872845666894,0.48431886485601844,32.66717049931905,14.295884236870851
SUB00102,8,5.424740907555005,1202.8520359843455,73.45160723766944,0.43556047840974454,0.3941774524164886,1.0,1.0,1.8405878226309893,0.44897087829562965,0.4358854659227357,18.95605543136448,23.84837619072063
SUB00102,9,11.534701559605281,1212.7238423432566,68.15754545128308,2.835359203005846,1.1795202442648882,1.0,1.0,1.6933080303141232,0.4909818146933782,0.3758513714629481,33.978307029113324,15.267040692918485
SUB00102,10,10.293145121014131,1601.1225303385168,75.80059503182176,1.9390885657506713,0.17471468109843252,1.0,1.0,1.7826957596259232,0.2630373382846264,0.28726985025460444,63.701012798459416,17.85188259142661
SUB00102,11,10.211172819038136,1700.9843178965089,71.30794039291658,2.154970650097786,0.4640974876305612,1.0,1.0,1.6975005562609415,0.20804805279892186,0.5143054299372346,34.10265309482546,19.88130745502632
SUB00102,12,9.155538097497454,1485.201336501769,67.22117392608105,2.8892211225450843,0.9651831514545072,1.0,1.0,1.527013437352529,0.3110691082543278,0.5420727527791862,69.96173778530272,17.578337838003424
SUB00103,1,62.93048967564724,648.3519094863345,97.77127370656964,3.0752121402445036,1.5061600558337171,5.0,3.4596265634799805,3.7591648676243636,0.34641611390631566,0.5925797055560184,314.494087072115,18.458475945291955
SUB00103,2,76.92252017367686,672.5524201464997,79.73221857524497,2.8625313912829022,2.192689876955575,3.0,2.8053790499166307,3.5796202571320945,0.26935430086554707,0.3739318726261809,499.0755753999767,10.08653720381934
SUB00103,3,70.18964488521281,651.934493424458,117.27381073353907,2.1019121971278096,1.974349004947059,5.0,3.2122722703254762,3.840190929741276,0.5321547673134371,0.5220896478521588,392.6708582343994,10.341181674432498
SUB00103,4,48.51193997864818,681.357205447154,85.75775687253692,3.1365416550427145,2.281005504847656,4.0,2.5043927137394446,3.3215250953809305,0.356464858674525,0.5752231790512107,163.2356966417824,18.245101319272663
SUB00103,5,64.941749112941,584.789482915401,115.28137441093453,5.260749030506598,2.661149923835705,4.0,2.5766674158265817,3.738746314848921,0.3408937964357399,0.31455652804103246,133.13136475786578,8.457950885471776
SUB00103,6,59.94468208057699,645.7021088142778,87.5736763285703,4.519395614539498,1.975435636017879,3.0,3.0,3.4768664490828707,0.36016193021360277,0.2978036368525165,133.34857461466635,25.047307159824832
SUB00103,7,64.49052808420272,504.2598992147371,75.78429526282883,4.1069806392143695,3.264433208523933,4.0,3.362818625159452,3.9213691334934557,0.6420045801155058,0.3590937533208119,210.11553339762767,11.303047244314863
SUB00103,8,65.69282309872222,495.1393123483611,106.9839918865859,4.477325054614816,1.8073145767519918,5.0,2.6591692955414845,3.6049787850889334,0.3739858921292276,0.33655719180632887,305.2291078824192,19.614256005173296
SUB00103,9,57.40524127459326,462.10983614420434,60.041042968958244,3.560969295771193,2.956190751427379,3.0,2.908296187019374,3.7842097313262926,0.31194721316731183,0.5278623355884593,438.41301701447014,25.153737010131163
SUB00103,10,67.15608473658835,628.9721831631733,111.93921545159037,4.544274529804671,3.0695834362287164,5.0,3.3131192509329654,3.81070217274446,0.34141176532892814,0.2631850564691638,421.89116110559416,11.997432568594322
SUB00103,11,73.95285387328344,537.1498779440773,106.95934412701317,4.605887477029814,3.425226741345855,5.0,2.59264944079761,3.8662610449795003,0.3480453020074389,0.5627313786443271,537.616954824515,20.556184245405206
SUB00103,12,61.1174093491378,707.4436904938278,86.14444512110869,4.209158845341605,3.39264204071986,3.0,3.0,3.0371997350825506,0.5909705208567372,0.3961734041056032,392.5548129998955,8.800506296415513
SUB00104,1,5.448903456352351,98.59039681771856,28.91428614087231,0.9802258225341086,0.7030942374846186,1.0,0.926029811156844,1.0,0.41211426171437193,0.5754637241416001,35.98723175147958,18.775977423564076
SUB00104,2,8.968657031112496,156.85750075922502,33.795032445553105,1.601599898572926,0.12471601631229279,1.0,0.7591165523047014,1.0,0.4217997542201659,0.4166792723964652,33.94683549229071,14.737290512682259
SUB00104,3,10.57689373087019,150.0748443673861,43.56919526044376,0.9107650457083438,0.8000710073097888,2.0,0.9877665763119436,1.0,0.5130535914664408,0.4574045568205247,23.4791376916936,25.206702161602962
SUB00104,4,11.246248639156715,149.7735927822975,21.434583875980344,0.0,0.3364812642965028,1.0,0.565404278748861,1.0,0.25532804848471813,0.33888639372982665,86.45739479355635,27.846890876769343
SUB00104,5,13.215412427709374,123.94396708594965,32.076639411626715,1.7218513670537128,0.9288416850672329,1.0,0.54745859943972,1.0,0.33322376339719817,0.2754427208559886,34.60765173576225,27.339227637909598
SUB00104,6,8.891308920402405,157.39706342019744,26.511836227304364,1.38244307734093,0.07475077766428628,1.0,0.9301724864986122,1.0,0.3504064444699065,0.33592348401546585,43.10100845773854,23.776981155550292
SUB00104,7,5.372588347584873,136.2508672562215,41.1173014164665,1.1949245058697127,0.13970976894422993,2.0,0.9016138791699082,1.0,0.27320146624099917,0.5876412129936692,26.75527263892459,9.197814267660045
SUB00104,8,15.450750106739463,158.57101982428117,17.182980397140092,1.40147437065724,0.9309196146458651,1.0,0.8402465976346178,1.0,0.23130133849588116,0.4785491510825499,61.78518727268594,14.759438583916499
SUB00104,9,10.151464597291575,95.41988744647053,15.220197408196565,0.14208684125649063,0.43386994550647584,2.0,0.5135589340184712,1.0,0.4718408542510065,0.5204888216147734,31.827923425845942,22.155793467555295
SUB00104,10,13.753880599320812,81.97401746651715,31.77712527926204,1.4667841974086748,0.8554972728905285,2.0,0.6448243747156314,1.0,0.3798577851957666,0.26207956862678694,86.44504647780197,22.736433425925416
SUB00104,11,14.299524420669492,138.48676441183898,30.446758502223297,1.1821441772710553,0.7404370547389264,1.0,0.5846285435352272,1.0,0.24330170028313575,0.2550069734709605,105.11627571020715,24.084705429797147
SUB00104,12,8.685076234430142,144.2136797821503,29.069967411244445,0.21208797345974473,0.9983404178844073,2.0,0.9783419236796977,1.0,0.5443419872575125,0.5181660217608814,62.02851490689299,19.89195279150652
SUB00105,1,129.2067968786297,355.7397388781798,40.12938626997126,3.740257060988794,2.592060270485692,2.0,1.241101234722108,4.317148060980099,0.42962717531042904,0.2633310214904941,1033.0430605178547,14.00784005104051
SUB00105,2,119.67649794066674,531.1047214248451,36.22098002099365,4.8294336800704984,2.8461496540445914,1.0,1.0,4.5619438284575935,0.2772015708287244,0.44842115316901254,923.2841825082543,26.51385061389371
SUB00105,3,117.85264419618824,328.828471519731,42.25137642473683,4.713612619135231,2.5508264859087757,1.0,1.0,4.710404806065278,0.5041818227567193,0.5003779441079332,816.9234974557936,10.024674291378387
SUB00105,4,111.73001288324554,478.78947143822523,38.277634550409175,6.4571474888713265,3.95612315857184,1.0,1.0,4.7652314005877425,0.5775275456085758,0.49755502649672034,802.1198226232781,15.42365166639809
SUB00105,5,133.00404683813247,351.44681016915274,46.785606454808345,6.712284815930061,2.8584707668954543,1.0,1.0,4.574200030124601,0.6134068731404249,0.42715339919252937,805.0995589067155,22.1096567961124
SUB00105,6,118.40196653746845,331.3972639143907,52.18214204024359,5.344756579051379,2.418647091590503,1.0,1.0,4.302995324262041,0.5425546342200064,0.26474958272006655,327.9596843313297,14.229558326097964
SUB00105,7,140.0589587016651,469.4116279762569,45.321051152953544,5.924303486169396,2.572553043325061,2.0,1.5694439375014824,4.212043169720938,0.41533162127817413,0.2734820225238224,679.6020207011493,16.477815523659373
SUB00105,8,117.77328311615416,443.68419998736067,47.57962984898812,5.549638705342923,2.559870562701691,2.0,1.0050621667984745,4.072551130449526,0.49970625458471307,0.3173923510357859,722.2302335540638,20.73506529007641
SUB00105,9,116.89891588469845,456.10958056020024,50.40210401316868,4.815943814503825,2.7085088520112883,1.0,1.0,4.124381301993528,0.3533431240019256,0.5397698993277917,874.8724040862651,27.23393247740482
SUB00105,10,125.32178885131326,477.0742058932893,39.628579657823664,4.941177862910409,3.3185333976506204,2.0,1.0242305165115644,4.73590781336997,0.49663891573863617,0.32664957496047625,487.23683476071443,27.142271785393547
SUB00105,11,134.15498426012502,434.01728965163255,38.49647683732487,4.8454164525612144,3.601898188154455,2.0,1.2282455124781988,4.636377391187014,0.5066332098516954,0.38016023418672557,490.62538838154506,23.093038626390303
SUB00105,12,117.80172943576602,343.54885389416654,40.3423311430633,5.973844905795044,2.507768816900904,1.0,1.0,4.770477380964557,0.47536093590430073,0.44926591325628495,842.229812980574,16.493798346116815
SUB00106,1,2.180970143492198,40.669767839630595,15.242101860183169,0.30563721228906154,0.08073177427016892,1.0,1.0,1.0,0.21913898242021457,0.54646811634033,13.529619604707328,13.921887653266932
SUB00106,2,0.3402650809881185,41.94933758395636,23.0836331277489,0.5450192307228139,0.06742863439503999,1.0,1.0,1.0,0.4894431071445713,0.31304009432670515,2.112258645435023,11.677120744868338
SUB00106,3,3.8421874171945447,18.06327744080766,17.370406502142867,0.5056652189330879,0.3516937019189684,1.0,1.0,1.0,0.34176588422070214,0.38536894909363206,29.98473083177158,20.61618331488913
SUB00106,4,1.8236559296112411,22.151898806313593,12.568860808892836,0.020881849231105254,0.46216758842399186,1.0,1.0,1.0,0.26528730513260274,0.4539891363380223,14.355390538374182,11.728440107441406
SUB00106,5,5.425439008142998,77.74173499181049,17.634386299176672,0.0,0.3796318774605389,1.0,1.0,1.0,0.2795292401446702,0.34406541707728666,43.290483432299254,27.545110324877886
SUB00106,6,3.7047247413026634,42.82277920973393,17.697363156906707,0.0,0.31791432500313166,1.0,1.0,1.0,0.22336606556821942,0.3199857970700199,23.35480454215723,23.002597806551748
SUB00106,7,6.004679202542842,15.354945621481836,22.50680930753585,0.26619385561863373,0.2449782248363026,1.0,1.0,1.0,0.37673838440721896,0.38627725503073573,32.964770664392894,23.6801641973439
SUB00106,8,4.289843271173733,54.695193946776996,17.739561839484793,0.0,0.05831604809044172,1.0,1.0,1.0,0.27854167420316045,0.28413266144588895,16.53375870218469,20.95140238832326
SUB00106,9,6.280413199566247,48.050795397098724,21.60282712412916,0.12359945944166278,0.41666387422205103,1.0,1.0,1.0,0.2660137498383307,0.3619353051060043,27.445829645193893,27.017854066086258
SUB00106,10,6.706158702843814,102.98657838397561,9.178214473563633,0.27551334753451706,0.023935354799315522,1.0,1.0,1.0,0.23798233369890215,0.5369489077832343,14.867728869641356,26.583146358375792
SUB00106,11,7.933970315461539,0.0,21.62664075299436,0.0,0.3105714033848074,1.0,1.0,1.0,0.5372429612981174,0.5984275366799383,40.645530306424895,9.83601248578471
SUB00106,12,8.724963371503106,60.23228197667535,6.960774918232977,0.0,0.4982976669426324,1.0,1.0,1.0,0.16942348499957033,0.47857117783900727,52.66767962015133,9.149934901478266
SUB00107,1,111.90109610854172,281.1750998839642,43.57905633587437,0.0,0.04666655361732008,2.0,1.1776516528421372,3.9741906074421274,0.6323188890458815,0.3286092317236474,658.2087955674606,21.362058334711715
SUB00107,2,95.2099278396517,177.29561959796334,40.155213976785475,1.9210900667236859,0.24735815782137632,2.0,1.7089314735864196,3.3233250432582127,0.5340131734466965,0.36765555374041153,291.9495068218588,18.363276367790725
SUB00107,3,114.90262497040167,269.93996389474034,38.349939869500346,1.334247712768247,0.653057573213341,1.0,1.0,3.2044117292654213,0.5940595841567367,0.5343203188664902,593.7855120159031,24.942621366248318
SUB00107,4,114.51177776418812,273.6365878328325,22.347583039843016,1.5214896063745504,0.9563343098199644,1.0,1.0,3.070902920140746,0.42624642797137935,0.5510188263914302,478.26661964680454,18.075776105404906
SUB00107,5,92.11247777582182,241.4381702161904,36.43964630730429,1.6045819394061107,1.2821560525461018,1.0,1.0,3.329120864105033,0.38884388369624,0.30543817936946593,567.2326539604637,13.602178367215895
SUB00107,6,98.95926890497367,284.49550175383393,36.66117002966553,1.3563775746399358,0.5392813022042537,1.0,1.0,3.879251530627482,0.2908667697888235,0.585405005285631,261.7452044300545,15.240632845987076
SUB00107,7,110.36019019392819,187.41562616470745,33.85134373985177,1.119367462363742,1.230874804394296,1.0,1.0,3.898826185288813,0.6402472566400127,0.4836093208612739,872.4559963059872,24.439836842572078
SUB00107,8,94.519173157016,182.73600269738665,33.701478333529934,1.524826015449987,0.6744039511693178,2.0,1.2261667048510208,3.99262423660471,0.388345535079466,0.36366800821065526,275.6890151435837,27.742874442379193
SUB00107,9,99.5920655040867,174.8829442958783,36.50255091960055,1.9987968698539005,0.34645561071940806,1.0,1.0,3.16417055297538,0.41203980393651196,0.3674899316459616,650.3809603740757,22.951428722101824
SUB00107,10,107.16916811866089,202.55218344397503,40.410437077475365,1.1829949421741077,0.5312585479223867,2.0,1.978857134898997,3.315007901347799,0.6232266795559214,0.48895504180118393,578.3536256876654,17.509939942449137
SUB00107,11,112.82956751006596,158.83815425694763,26.038902613129572,1.721490750563925,1.027924207963401,1.0,1.0,3.4166416644269284,0.3097913908175015,0.5494562389209231,452.1155800869732,27.217347961233408
SUB00107,12,112.68530652199385,343.6587535427021,32.01872909076802,0.9278500138069506,0.5498803799531818,1.0,1.0,3.256404202473473,0.5496308854550428,0.3285019051068175,229.46488003235905,9.088260499114686
SUB00108,1,30.321394159825797,353.1613156222098,55.77660600878326,13.681622065080624,5.193365419904209,1.0,1.0,2.861475402087735,0.4882312915934951,0.5045413335500083,211.52689397103683,10.486569619658813
SUB00108,2,46.09503994078744,354.5339676850765,31.90063832420264,12.432883661747157,7.003728243917589,1.0,1.0,2.177164203601029,0.37544317241711755,0.384859813846671,280.3064483089708,27.251084662408438
SUB00108,3,42.906170216682725,314.90651607532686,53.55462363317746,14.556671973587589,7.9772846273530895,2.0,1.8815585928024245,2.9002324670534216,0.19663602442105907,0.540458718400807,114.11407138685904,17.56793906565526
SUB00108,4,45.42112642138429,272.71723159408293,53.130757128741294,13.38946983283764,7.822959596489353,2.0,1.0687682477423384,2.537454510191224,0.43938222089753465,0.35470596766562335,129.200704278124,26.23682388324238
SUB00108,5,46.88874549275687,370.28390645999355,49.92406432543943,11.157073258357341,8.658374704401815,2.0,1.9171326038625156,2.753675255253968,0.3107324053589592,0.595622161272173,296.8093223737649,24.508821636713833
SUB00108,6,49.83106727306523,352.4731978303992,60.41762545145711,14.875489058260865,8.116802342611173,1.0,1.0,2.406528206126391,0.19602195628122437,0.540707032651565,292.8092874800566,20.25433430233237
SUB00108,7,36.84346624243842,324.40401107628304,60.20738954581032,12.936333759442544,5.658020003433354,2.0,1.7267858279388926,2.0530564393194677,0.23038534047912815,0.4380437919228658,87.57322008337066,16.481056725673994
SUB00108,8,41.69457163823043,268.37478927508033,30.262789055164106,10.249852214087415,6.779687529864587,2.0,1.933027694322067,2.7875383184387243,0.19574587653993922,0.3441350742126723,295.8917357505247,21.8486333559484
SUB00108,9,50.35409968736978,338.01365414336124,41.78316774922639,13.727112190847683,5.008471292560973,1.0,1.0,2.3263789059596003,0.32355580275852924,0.2890090873937261,353.47341646082936,9.226834897036701
SUB00108,10,41.237284381441704,214.45302827837847,41.692293033439654,14.483018210142305,8.175620148866585,2.0,1.8225481897504123,2.6299820040110258,0.3014734261206097,0.27823448440939647,99.00715178803436,13.028032688767643
SUB00108,11,38.09273957785314,403.8491724341312,62.99688839869521,13.166404460424262,8.818746557395617,2.0,1.2095267640197513,2.2444439518707897,0.5146006944264983,0.325263573418105,83.5692266916551,13.324541957690915
SUB00108,12,41.153243440793915,396.8027452895254,61.11684406826854,12.771954057576679,5.640782530617573,2.0,1.8671667768190277,2.779957211482774,0.32896934577963255,0.5681577539939016,284.5776504194706,10.241686662580094
SUB00109,1,0.47457076694349043,1447.6864486092484,44.35752586791981,1.8795812556044598,0.23248463144783083,1.0,1.0,1.383041059273311,0.4670071854161548,0.5615173727978209,1.6474286604997281,25.19017597978427
SUB00109,2,10.436650619995977,1827.5598662432906,42.75896928409174,2.9227431511978694,0.5196808186527326,1.0,1.0,1.0907164506818927,0.2234570082222615,0.5896403234782446,38.4948015223262,24.34094600904529
SUB00109,3,2.5819916670344667,1740.1116452228543,51.36094081653904,2.538722004270245,0.0797747861585763,1.0,1.0,1.6578712697781153,0.20084636456054059,0.32706208925340213,12.28998224145965,21.503064348575553
SUB00109,4,4.058013847867377,1662.2936862563658,58.368447337585906,2.2848358057427394,0.20242544293607984,1.0,1.0,1.9353439898095517,0.5322169584456461,0.2607508873563298,17.47740243920523,18.524468264925307
SUB00109,5,6.875958988077274,1328.4133092820284,77.7038795138105,3.391954218884756,1.4588509243476633,1.0,1.0,1.2463698092834397,0.3925564149576133,0.2629593070951392,23.584512403102437,14.011512663979445
SUB00109,6,9.291428547347712,1618.6252816275746,55.69153346396732,0.7437088520014907,0.68821272660555,1.0,1.0,1.698318719618454,0.48063833724054283,0.567374849463966,34.944305255417454,26.625663491215075
SUB00109,7,7.399853566807781,1692.6291393575716,72.50320926163856,2.3964823200074377,1.2835832925741886,1.0,1.0,1.2977476601316655,0.5012078979846345,0.46943477883624407,54.317427631202584,15.690570040985756
SUB00109,8,5.512434706906143,1662.860128908885,40.90521144165821,3.2344904536131,0.6737412460746964,1.0,1.0,1.4121010898358686,0.21527817080458153,0.32369935075679257,39.01820883298806,15.249447555563385
SUB00109,9,11.435984942307332,1232.8742217660315,46.3309381844406,2.871491867086588,1.1446133461700159,1.0,1.0,1.7766646507819148,0.3774293009626767,0.4999967013110008,51.413083698029006,9.41575951797587
SUB00109,10,9.659024711459285,1352.1072461525512,42.10045730557973,2.8419779481720626,0.46372466654997063,1.0,1.0,1.7441094652712343,0.5315166271231448,0.4789199761829407,47.99843612546081,21.51362043604131
SUB00109,11,7.037480471509863,1257.57452927708,72.12780233942743,3.6166204970320304,0.30978880644002244,1.0,1.0,1.1760475445553369,0.3826512811077757,0.3769669941112257,53.867962279041855,13.104044004514328
SUB00109,12,10.178373441087363,1662.3537869020422,50.41476273465875,3.770607529055256,0.17562886080618906,1.0,1.0,1.7463838510602108,0.21408310445828013,0.42112859103424666,71.70232134250486,14.577414024184453
SUB00110,1,61.65939953689394,555.0683033036805,117.62685072025909,4.975407895844671,3.3567714051925424,4.0,2.704158890964278,3.478783258195029,0.5664711994987223,0.5457247464500222,124.85944337367546,15.790067933997246
SUB00110,2,78.3447554601986,548.8459250993379,79.35382479802757,3.502522990627596,2.513726610394927,4.0,3.0161136849564842,3.027988950325183,0.27177075859089733,0.37990039062279224,572.6726936030129,23.816646068031684
SUB00110,3,53.49893974401904,643.5957107709995,101.85399821874367,4.826394750903772,2.531068062914004,3.0,2.6669674559829577,3.638357790989219,0.2677363690355105,0.5093932204261375,319.86786850539374,14.608473368253263
SUB00110,4,77.02308001863021,662.2588454666254,109.8054386236968,2.3389556400800813,2.661715273365899,4.0,3.4407565915774287,3.492031913305843,0.2809525854735261,0.41776597618387235,518.1162606468171,15.172175495871002
SUB00110,5,48.11950338678829,693.4855044719171,82.55788852135491,2.449076166480024,1.7830269835441754,4.0,2.6580015886370107,3.1547957945838276,0.38700767018644444,0.265257834048047,105.76454025331613,16.62892537894213
SUB00110,6,58.03897561019036,797.7433281348535,94.56350264743148,5.29628794700548,3.0622410511442757,5.0,3.137207247823654,3.9325024402771707,0.2502815073270752,0.5653289612381914,289.3911611619483,20.13528738483108
SUB00110,7,60.49396634630797,480.3821447775986,97.43257237648416,4.874668637349124,2.0559978983975755,4.0,2.997970713384632,3.936241547161201,0.6004250686519927,0.4232851588866964,247.57608191582557,20.233756055271165
SUB00110,8,63.95279941531291,633.4073489855768,64.56279104083761,5.284203786817859,3.396493797204445,3.0,3.0,3.3219519190866493,0.6135740187129151,0.35070668410813266,394.132649722045,11.501111497822652
SUB00110,9,48.732520781091054,612.1901592962545,119.95678351037435,4.087066653665529,3.0737651809303452,3.0,3.0,3.5295415261049543,0.15919479029856,0.32076894318363247,205.56720316319291,26.824444518578915
SUB00110,10,64.62599376748392,602.6808686650527,79.4178143378765,2.715031233347749,2.158032015807822,5.0,2.95471523609413,3.2427340217353486,0.6186810119228509,0.5464396477603741,513.5523973379145,27.290975918613253
SUB00110,11,54.55875108744066,675.9869592738493,119.63333312332715,2.450308813922658,2.8374006242607406,5.0,3.096968799703401,3.3003592991503075,0.4863685579848145,0.512395529547296,277.8977306241076,23.59270596574249
SUB00110,12,47.49051467770762,778.2004847237645,97.31131810893515,3.761965626273943,1.8255437528121043,4.0,3.362377305430861,3.6662025447731983,0.36721974426761994,0.38821513719691597,212.18251900958444,26.698453655290027
SUB00111,1,5.8632042192716245,109.65501088953823,34.77215137818904,0.12134478281174922,0.6609343584536336,2.0,0.7373581789453088,1.0,0.4605615945328194,0.27746054849371743,26.056413759863016,23.39712760587678
SUB00111,2,12.004657101489734,70.20443175843724,21.688251053048376,0.14601556837637125,0.6493986090396646,1.0,0.6849390398441697,1.0,0.3410114092880677,0.5293243086345909,44.6938789966681,24.60376506143664
SUB00111,3,10.902586389242808,141.46193567783087,28.27846586831153,1.9826491772171155,0.48427183911761573,1.0,0.5738913610086246,1.0,0.5492437087338288,0.30596964680775834,34.249771063588746,21.89573170814845
SUB00111,4,10.89430354406307,159.5724921484748,33.62462607146348,1.7303346560943362,0.8994404700778477,1.0,0.6231701340791074,1.0,0.19284755741527043,0.5640652361945069,38.15024490804683,26.140106032234858
SUB00111,5,5.755537185086363,136.2706955235038,17.58169508449022,2.0322007464256733,0.2621809856747598,2.0,0.8838260291293436,1.0,0.3739553252149708,0.5228639067173279,23.396937643488105,23.704281379920307
SUB00111,6,10.399456873820478,148.7420414105099,33.57741712711655,1.7551477799052533,0.33036548096672547,2.0,0.6960552290073534,1.0,0.3768389054674857,0.5614318451333298,68.0763054908683,9.613028119997145
SUB00111,7,6.169880979325472,93.85986047562004,24.53307144986603,0.7076909249436827,0.9293645995091464,1.0,0.994263096794735,1.0,0.5364301751469177,0.2649026175521543,18.761524034788245,21.54493770423159
SUB00111,8,12.587439354072261,87.84737844104012,44.989830604686944,2.485618952771982,0.6750125345977426,1.0,0.7535225161585284,1.0,0.4338229676925984,0.4605162228399635,61.83076569338973,13.499818310355462
SUB00111,9,10.689566183515423,125.1237768388329,26.092250831058305,1.3819847025510776,0.4945154704089172,2.0,0.8975479276489211,1.0,0.5073393811920837,0.584000263361188,50.085818324468256,9.782543364462036
SUB00111,10,6.410000293100488,130.8987978802645,35.00205558458367,2.563655206294733,0.28591529605712274,2.0,0.9122089949657946,1.0,0.40797370640109965,0.48524807064884046,32.17315352375433,8.792634309361269
SUB00111,11,7.002023556846371,105.21622153501218,38.63190575089045,1.4793324676852742,0.12426401919151742,2.0,0.506980558236797,1.0,0.5485177858624469,0.3677702549995751,22.879491424556342,17.914278589843438
SUB00111,12,6.1029737436747045,126.75484983105079,42.83757786639751,3.1262967226711216,0.798277469109873,1.0,0.8312458471724142,1.0,0.34240183297935267,0.3630482399511731,25.56377123722246,21.48725277585694
SUB00112,1,137.00870288189316,467.899963714743,45.4735051733265,5.552895680053167,3.0665182331992167,2.0,1.7458818609963056,4.235859369543775,0.2718101391015939,0.5311056409291932,985.2008801791989,12.813895126300526
SUB00112,2,130.7285605912775,451.37818046611983,49.81207766170749,4.328173158330394,3.6815697502749414,1.0,1.0,4.412128868887586,0.48853526455657614,0.2517893795909641,712.5865026900997,15.569850792676009
SUB00112,3,128.94510801255154,394.83907713551326,41.56974796232143,3.2696387161421807,3.7703914411475825,2.0,1.4680285177968844,4.652321755502739,0.31733664199524314,0.5918828424130913,707.0478440338425,13.233262162017592
SUB00112,4,135.611351747136,531.7727494873352,51.931620580279926,4.7422749890403395,3.514652942421343,2.0,1.0540315914835627,4.983702246071357,0.6165182114827104,0.5844813294357174,321.96635320141473,13.386028238200977
SUB00112,5,137.4068817561384,430.09834228492684,51.99626196251508,4.456788016792233,3.048602351576017,1.0,1.0,4.600708781060935,0.4251377412033637,0.3529854535828968,328.71627322886604,26.940650082561074
SUB00112,6,124.4804217207011,426.4113543488291,49.904300265467484,3.0114718288679048,2.9692691473048747,2.0,1.9973160121568534,4.744306740602412,0.5959715283219973,0.42592242582453527,527.9946558062371,20.865593630107284
SUB00112,7,134.45627463956228,438.99683020736086,35.40882033198086,5.673916957156928,3.6226965036044243,1.0,1.0,4.780898680082759,0.5803764479193827,0.34140217453617006,560.6890682917253,22.655840410793175
SUB00112,8,133.89235803102764,494.33337653758184,37.2271660038982,5.636554799012668,3.5089008025547463,2.0,1.924501865246818,4.868781818096317,0.35454991654224954,0.559648315184561,508.8225795573371,16.819609028613232
SUB00112,9,137.496320353419,357.40126602583314,54.9919090603494,2.582395134223932,3.0539107758104365,2.0,1.5548363294096093,4.797811148041396,0.5475415778996332,0.5947916443771198,943.9390635456431,9.335995948571938
SUB00112,10,134.9594570298552,293.33493678488634,48.77009001418848,2.4179871734803764,3.0849725764878158,2.0,1.8760048029512744,4.168903205423563,0.558622221022742,0.5223319173883231,632.7141955907937,18.789559838019592
SUB00112,11,115.34051719202009,444.25773299147477,50.16163461571474,3.9811629344327812,2.7157533366766167,2.0,1.7197178887491729,4.093800137996037,0.6222134615797499,0.4072709884668278,570.8656422418989,19.39660262458339
SUB00112,12,123.02509772219729,291.8566639903206,34.720522940253176,4.028342270589315,2.1272794829626664,1.0,1.0,4.07662566216198,0.30729136951156755,0.37251586348067,330.69363851520814,23.16572270200967
SUB00113,1,2.081374866488366,78.79479352756705,15.797453806430596,0.3155184353060978,0.21780216332118923,1.0,1.0,1.0,0.4419982280388062,0.4502863754294229,5.306269149698514,27.048361052347083
SUB00113,2,1.5939845422593013,49.55960802424431,13.341059419326262,0.26828986493889334,0.3575443718416971,1.0,1.0,1.0,0.3459030724234927,0.3548001135899041,4.006793264310346,19.764853567230098
SUB00113,3,1.902597642224158,53.907879631373866,9.794481624523293,0.4978839177117225,0.13444142931256248,1.0,1.0,1.0,0.4874629925028976,0.5130609195158902,9.67369835012341,16.578134647682646
SUB00113,4,0.07973487653803835,30.889233948052066,17.13268759888563,0.5376131480481523,0.07479158773769584,1.0,1.0,1.0,0.3269908407722657,0.5813181179791961,1.0,16.125345309805272
SUB00113,5,1.6189887030862742,51.01229362013531,17.19570200286337,0.30096397260749885,0.48782345187427,1.0,1.0,1.0,0.2185635076466712,0.3421410515770496,12.203944988775747,27.955562695220276
SUB00113,6,0.47228045712309463,51.094209406605735,6.7849733526177625,0.5358479063021319,0.11771028403324157,1.0,1.0,1.0,0.32305172762736056,0.5408457311248969,1.4149390547066685,25.74775717734865
SUB00113,7,1.1690670799136593,8.71872904607065,5.360901567885607,0.6589178228454483,0.009517125462748133,1.0,1.0,1.0,0.2828015761748638,0.515708891454296,8.322973667715448,17.28553402005777
SUB00113,8,1.6040058160207609,42.44635904647586,14.26624159111402,0.7838148287624618,0.12294523952874897,1.0,1.0,1.0,0.19410531538833897,0.25051110764202816,10.803171345850688,18.84612831456551
SUB00113,9,2.569321686063809,20.63458593885438,19.019659606255118,0.48672996526757845,0.10626411126221003,1.0,1.0,1.0,0.44269175738620314,0.3306720821026761,17.356368164712134,23.24062572281316
SUB00113,10,0.6868833546007654,25.896407698794192,24.176364742543633,0.9332185411446976,0.25673001462137823,1.0,1.0,1.0,0.20103411752559724,0.3279562073429879,2.7195379566156,16.177809002956735
SUB00113,11,1.6230391586262174,0.0,13.357169188372406,1.2391480040286171,0.2929756702242747,1.0,1.0,1.0,0.4539237789690753,0.5922058891260366,8.053082050323649,13.139582319420564
SUB00113,12,3.154585314727771,28.1839332863424,13.075970179215382,1.2141335735966832,0.027983886736463848,1.0,1.0,1.0,0.35187395486967343,0.381065062869093,8.151556845265425,11.938282477966059
SUB00114,1,105.09308213105815,186.53592871343915,43.47939987749001,1.5613798757259056,0.5929270366517532,1.0,1.0,3.5315560978625404,0.5815616707569198,0.4476158359069554,519.020375981061,27.242351373063286
SUB00114,2,98.12507533241684,164.30669585822258,31.29268855688165,0.5561284751079137,1.3191241305794383,1.0,1.0,3.0566056080662505,0.5030547909785166,0.4872760466722634,432.7952974351782,12.855607742793662
SUB00114,3,116.13343426152183,166.34792952506749,31.174157854756533,1.8703942920656853,0.3124802191948512,1.0,1.0,3.3253122666743975,0.6138071821830542,0.5576338888615705,834.2975382230162,8.787705607184941
SUB00114,4,121.44034631873411,179.9983619857808,34.197451205316256,2.2370244452848125,0.6427511134427619,1.0,1.0,3.4239423957328987,0.5665205333209933,0.4623064000735271,813.5889791197245,18.19633470944446
SUB00114,5,106.57764534962385,325.08126633733843,41.411058186085924,2.1132940638695223,0.7469185806808074,1.0,1.0,3.2008802119037836,0.6016429084311724,0.4393798269249782,752.359965863263,17.862855671379833
SUB00114,6,113.52766648545501,196.9082060385667,17.72941015390166,1.7693421371504714,0.9310576640117432,1.0,1.0,3.895417020052927,0.528200793290146,0.28966102279532346,277.89537913532087,11.237140281828628
SUB00114,7,118.4519180870796,255.86933643238189,40.76621599745229,1.049689514609478,0.6381402445079175,1.0,1.0,3.809593786400938,0.32122579976543764,0.39189035286423324,692.7274793886505,27.760335368406864
SUB00114,8,100.58775823172573,318.6767532015028,33.41340711584738,1.21531979950253,0.5613184402974518,2.0,1.80847589885968,3.7207034277931923,0.584079248353735,0.30987880874657486,388.2502537370659,23.371029259493618
SUB00114,9,100.23770225319593,226.1506928423649,17.367079741176124,1.3409444051143882,0.08479939295941652,2.0,1.5308405607920421,3.5055087230150423,0.25689458790397185,0.2666079162712259,507.92870245233274,27.36618545426119
SUB00114,10,106.42127909049543,318.88694395816486,38.10329541352969,1.7814854839071546,0.8717644580895982,2.0,1.7875555202922049,3.4065848801050644,0.6313081138172733,0.5958025314971778,587.7463127194877,12.441107745164448
SUB00114,11,119.1325805675467,229.44085708620307,39.221721150904514,2.971927067776807,1.0973985906702954,1.0,1.0,3.3918712480550526,0.5847041326827145,0.4227009429260666,336.1659111841265,13.127421180741775
SUB00114,12,108.33505324242385,249.8976046245181,38.42614032818064,2.7737232783189,0.23656911075473697,1.0,1.0,3.5157487805903727,0.3023217308051339,0.2846239658369947,610.5096741774231,17.952152165478232
SUB00115,1,50.15265576882498,247.17264290221425,58.55542176934783,12.059160425178808,5.4729897402058985,2.0,1.8474744417280395,2.8671963442858313,0.2896557061005888,0.3836308058709642,294.8132651027505,26.375912333631266
SUB00115,2,36.02232154858806,206.87740378506635,34.463355983434404,16.2777018023596,7.741348624152201,2.0,1.257989783456643,2.25482866931624,0.38845882064000803,0.4706661047079909,227.77475348250408,19.605879753638515
SUB00115,3,34.3238494919628,242.30735617887703,62.20009956314487,15.71402102909737,5.954410782923826,2.0,1.730883239478283,2.5224043209340676,0.2564360223776756,0.39386327116431996,210.97725329943765,23.7028271838147
SUB00115,4,38.059890093550976,274.60609666252316,56.59412562962407,15.355163601382204,7.117456697977053,1.0,1.0,2.5596517144253648,0.36575397034578994,0.5190429494121243,252.66960427231376,13.706859166459175
SUB00115,5,50.33130320425607,379.4941662698941,64.55950134513088,14.883564500339226,6.729031881216722,1.0,1.0,2.997145887006739,0.3497845462376253,0.47461393195031465,197.63909882753995,17.156864806830495
SUB00115,6,40.870830828997896,300.6319499451665,31.395137917178477,14.720784768480584,5.084858443293895,2.0,1.1958492412360393,2.0482122562500535,0.5284588817598975,0.4489263080557633,178.3662818171555,18.65424467705377
SUB00115,7,35.92825444089255,402.40787732087455,35.34100429067757,14.225445129696288,5.504211152999064,2.0,1.2177370108066459,2.8231789488269263,0.19210033812823823,0.3664012147383883,231.1338571101022,20.278024204248254
SUB00115,8,46.70026796190199,358.1944134450788,49.90685716494984,12.938357101548903,6.036958777979626,2.0,1.2799839789365377,2.4803807584509974,0.44567732729624443,0.4696807367375392,117.41074418413992,16.931193537719636
SUB00115,9,53.16794402402846,323.71275672277835,42.81649986382282,13.320667921184095,8.45703593302758,1.0,1.0,2.02830853684454,0.4575502485601184,0.41645162857791007,216.67593595855396,21.173545838116738
SUB00115,10,44.97532381958768,405.992603661931,43.9273343890992,15.518498727860084,6.757451596274738,1.0,1.0,2.933885848770264,0.33826517606889156,0.41765924293305534,101.53495188330105,11.946063273236334
SUB00115,11,47.004705351179695,295.6689238086033,30.728466574870044,13.562311194870022,6.352934785853865,1.0,1.0,2.9348414940460628,0.5186626190828046,0.39229048697683355,212.4420586938968,25.02071159594663
SUB00115,12,47.07038944975125,234.49741698359327,57.326782151744474,14.19111821887285,5.648293681612998,1.0,1.0,2.8858625696091056,0.36243135466848764,0.5204485340147846,174.10256462296354,19.7132758690817
SUB00116,1,9.501394492953535,1472.0331479032898,71.60287717906574,1.4333873428239816,1.2727892944372492,1.0,1.0,1.1242751914522344,0.3336036457711603,0.4702192747904278,66.1554531760328,17.226752167637127
SUB00116,2,9.144146371812905,1567.9785190566304,47.604641380803855,1.8934458588626841,0.30706003147169564,1.0,1.0,1.4387637560817907,0.23885237520614142,0.29925300241132163,35.87254267553734,25.37833333678308
SUB00116,3,8.899156564879783,1274.4133028648823,51.095288085579114,2.286502278181629,1.2790616106777977,1.0,1.0,1.7671013420774462,0.4427506252264144,0.5790756564310934,42.910099438694395,10.977778281237027
SUB00116,4,5.739999288229747,1684.78949974121,69.29208880697175,0.8846505432339229,0.8793893285746022,1.0,1.0,1.761362492828379,0.3628589790903848,0.4321373075957953,17.999817625758357,12.822812725318544
SUB00116,5,4.287302523302371,1294.1192298960411,71.52380667570998,2.5604407104759317,0.527763028036127,1.0,1.0,1.2218640814052526,0.3109547040628806,0.41020089444812213,21.574010338819587,25.951271508175697
SUB00116,6,4.685088886037149,1745.5382960991278,40.44465162968368,2.614657940067617,1.023197921209378,1.0,1.0,1.8320015710966562,0.5041361319786382,0.2858840603488219,33.77002841044964,20.34699632432633
SUB00116,7,2.156139817483456,1212.7111153312242,57.060716106667385,2.123151624527858,1.1897579498633106,1.0,1.0,1.5208974912551905,0.46552005968961985,0.47031334197611074,11.046401999308728,26.964883777370034
SUB00116,8,4.71773862516671,1216.4577054994356,76.46646316936582,2.8980719662873344,0.7081457489545206,1.0,1.0,1.9371614251565443,0.2502736482217037,0.2760392395595919,31.285889931931596,16.09448511024499
SUB00116,9,3.000009649973821,1770.0229912950322,79.67657770395164,0.9474448907003709,0.3176440471630018,1.0,1.0,1.000557851932987,0.3312293904421414,0.5111083736074884,13.867217602269102,18.3601079832684
SUB00116,10,3.9751366750069854,1663.0574611404277,73.52232174849883,0.5253776359317321,1.246508544305357,1.0,1.0,1.4929999780017083,0.455837908458984,0.5970930097608893,18.10910556641017,11.30199356469667
SUB00116,11,6.897997119272532,1253.543161934554,62.128935689200546,2.132194659320917,0.23359705474487097,1.0,1.0,1.1161123727740856,0.3492640955698248,0.4410972540370845,27.841194369452243,23.926724282537627
SUB00116,12,0.7907313977013577,1575.4086092936398,74.89490789914407,0.4866465171608058,0.2816618111423198,1.0,1.0,1.5531972591780505,0.21720672568852367,0.3927912732656801,2.2833792591570714,11.876509035810802
SUB00117,1,63.2711272993898,790.4651320119156,75.85638792200965,3.4502923673270067,2.6398556295417284,3.0,3.0,3.726809089296726,0.6454068793083236,0.4427622029467682,384.09972441527464,22.75797144129293
SUB00117,2,72.35528869816184,464.8167079130406,76.28966945258509,4.62800907847338,1.7865632210687377,4.0,2.7431215451290827,3.82986364657081,0.6171187944078222,0.3075015478847562,325.5571725555345,27.056739705063258
SUB00117,3,69.44782535691225,578.5111432964419,101.47822373874205,2.2042610749220692,3.009674313710823,3.0,3.0,3.934910319772426,0.39086419835489106,0.5264971364348425,219.9275460268502,26.07080278373128
SUB00117,4,68.20159032511519,719.4024270074984,104.53784741502531,3.536699808226571,3.1531401136201143,4.0,2.7079576665810436,3.8878799214929187,0.4982776259924674,0.4111355091657324,496.4027814338444,10.720112871562954
SUB00117,5,72.97561842297918,442.0196466175486,106.68400456493055,2.8469522614407845,3.3706911173115603,4.0,2.686381333233373,3.754032934904249,0.6155223081851967,0.32525634826304706,347.7264144177481,11.09587919364905
SUB00117,6,60.666396243389066,452.1427654462348,98.38499566114405,3.71441647073708,1.769638035040109,3.0,2.9958311599746557,3.5330345200821096,0.35667567449747406,0.5865696973287902,213.68909615813348,13.403236574662557
SUB00117,7,69.4803579578911,625.4057993933749,81.32609295335162,3.0470723209750954,2.8651435785375594,4.0,3.2598603144122316,3.2461470084731663,0.3283871593055041,0.5319722313895136,154.39520373993943,11.0119316742113
SUB00117,8,45.06251972250131,654.84061836914,84.85614175861681,4.203002891369656,3.152485449672314,4.0,3.0406228826460544,3.3743555383183894,0.4667130866236685,0.3175751758794683,176.85423033690654,26.799611668706525
SUB00117,9,49.32289019963287,644.1134752838755,95.8290062406552,2.690130224852248,1.9845622558654739,4.0,2.517311479100917,3.567845193317416,0.2311391492426848,0.4700008388715945,166.47857289364404,16.56168728379604
SUB00117,10,49.380013162282005,471.2741722741871,71.93589700906819,4.89051755119969,1.833638796327787,3.0,2.525744606013029,3.2266717961344407,0.3420709463986845,0.38995911890247015,386.5958361780404,23.84491290383905
SUB00117,11,45.86281318932345,443.45817450612583,91.76502892957743,3.098941189489199,1.7363230085918682,4.0,3.4696261001940627,3.3807862635145525,0.28463494440948817,0.416184491888752,234.2292188449888,16.40026777927668
SUB00117,12,55.09217367953928,541.1643070962891,100.30803204462286,4.4133798283580585,3.382110108129944,3.0,3.0,3.4439432468578484,0.4410456109846247,0.4715333812002114,181.55121171472703,12.347122451142067
SUB00118,1,12.155017261838324,88.86640147680836,42.58546135717896,1.876178819145869,0.18494510854174662,2.0,0.8925781604107188,1.0,0.4618626194458788,0.3761787135752499,87.72359561123068,16.583247494589543
SUB00118,2,7.520297224070789,124.21304626324738,28.732666343921615,1.7404428101606735,0.3245726945417158,1.0,0.5105760023499322,1.0,0.18169349510505373,0.3670159734055441,26.341651300647094,22.88873468386443
SUB00118,3,10.242624688317761,117.99055309390238,22.411106893038266,1.8143906540753694,0.9519544556447065,2.0,0.8869968283250176,1.0,0.26835460296284486,0.38349730294867823,31.646427428635572,22.927201703922073
SUB00118,4,6.769377337364708,138.73266566471568,21.56454806021359,0.8730936254702645,0.689433884760382,2.0,0.8606751793979659,1.0,0.48728648874693414,0.4620460113585101,53.895552913867384,24.30876436218358
SUB00118,5,11.487933735939151,136.8396571592715,27.56742886634583,0.7533989885373594,0.1084388001294565,1.0,0.8261350661158573,1.0,0.4784273414605855,0.39077707911684034,77.16717242519411,19.52858384926234
SUB00118,6,4.469316272214552,110.30096802935296,40.1826444499095,0.0,0.62416604281347,2.0,0.9086312179039688,1.0,0.1738199498721696,0.5294495846771068,30.078628720774237,17.64119893700294
SUB00118,7,9.005737602570084,82.09746443158426,21.918171765741093,0.5100487886082141,0.8267517785730397,1.0,0.9435030086514766,1.0,0.1853186937531873,0.412952083174248,28.324142752477414,9.6643951417568
SUB00118,8,6.47515639544482,126.37404477830772,27.68868404364539,0.21501944422869923,0.19484128382638577,2.0,0.987950273160964,1.0,0.4526569802335352,0.3612175015583738,33.81900884512545,25.454204242085268
SUB00118,9,12.565176831906665,142.20849851919462,39.14391607890321,0.0,0.7258126866619589,2.0,0.6494339167100485,1.0,0.2794588111014234,0.33181857874208853,25.24142503114646,12.714305102668096
SUB00118,10,3.7174904347855824,53.863784311832006,18.794032791756678,0.7732669072515062,0.3086963876133907,2.0,0.96947266185507,1.0,0.2929054446266332,0.5812143006259135,21.092776078133678,26.129371521282522
SUB00118,11,2.1011856581661443,48.59882165715036,19.138694338936425,0.0,0.9574458620689561,2.0,0.5938671317450892,1.0,0.17235065942647912,0.3489866529088313,9.92252389783852,12.523443094922435
SUB00118,12,9.16427815008943,77.12360956953266,17.22951743971957,0.0,0.6216656952220425,2.0,0.5462564610992202,1.0,0.47441583831053247,0.5745828740749972,27.086315205073127,18.44549520319044
SUB00119,1,130.43396036182074,482.10750972325326,51.07010894516661,3.7272793591801574,2.2682114633598145,2.0,1.3862328511121689,4.24433261390461,0.38781103785739623,0.35380708064473276,756.3082473443048,8.891234889601035
SUB00119,2,111.13171150219003,381.4210107993628,47.920373664717935,3.2112442529427327,3.5149736529260895,2.0,1.858934419934768,4.618153517393646,0.4780918246397792,0.35955625133112334,664.4151667104277,10.793894221690103
SUB00119,3,123.98774653978504,440.19989935535165,33.88758593847514,3.733169545008086,2.5114257344683555,2.0,1.9351399403070517,4.693782561569401,0.48017372810023196,0.5441468675242167,739.106269634061,24.22290897611523
SUB00119,4,126.70468502999441,462.49174062024366,31.02795357127998,3.330053256678766,3.943536761189957,1.0,1.0,4.663787121946961,0.6113952530555686,0.5074107618397233,449.82449764623726,17.98964570341515
SUB00119,5,120.22898726497722,363.79757869800864,34.341091624807156,3.7185717963996154,2.68647841641869,1.0,1.0,4.764791741289639,0.6126864268294437,0.4340689800528474,698.1970822486759,15.216380586785341
SUB00119,6,119.94191087603367,322.0536479212913,51.87302619321254,3.437625761081704,2.3990855945950305,1.0,1.0,4.490335489870391,0.5806645946347231,0.5564369317967037,399.6784896599661,14.75296998318979
SUB00119,7,130.7629647848423,326.2525502425895,49.75360890279937,4.314299454940627,3.935735094412954,1.0,1.0,4.9336953513521316,0.507545365893626,0.5259443502595494,625.1901848309088,12.560051962976557
SUB00119,8,131.56412712552364,343.379304608547,50.41209955361306,3.8823367634453625,2.144686777983644,2.0,1.998933625204296,4.866374737398949,0.6002632209159874,0.48812500349339566,627.1823455530965,21.544310639187
SUB00119,9,114.04371219485651,455.1007585411168,40.29968976129662,4.009370425893602,2.449461716558946,2.0,1.9015735423209381,4.069683799713618,0.5849674858994267,0.33443694292753323,811.9131196507817,22.405323894944573
SUB00119,10,132.87873642611268,487.39551360776204,43.72613299511576,4.147733946366804,3.7444569881095697,1.0,1.0,4.338284827057214,0.5212761981565277,0.4648548655377897,673.1221826602762,25.568120281352545
SUB00119,11,110.65671965059477,489.86750741942086,40.54214386527247,3.1909109992242266,3.7757818919510218,2.0,1.4745668524576647,4.281230104057838,0.3607715645655196,0.47353454694088304,493.69918897679617,24.892951177786607
SUB00119,12,115.12708513870267,407.8654653948064,41.78330266141884,5.363502822508773,2.084333651811196,1.0,1.0,4.085720526738853,0.5816684095689428,0.34658319953031735,834.6105428243275,19.05213923500432
SUB00120,1,1.4139144555515761,50.06127231455815,13.746755272908215,0.1977370915110276,0.3169627691334512,1.0,1.0,1.0,0.4285324796331983,0.34525414647240954,6.809946082111714,16.655140042865984
SUB00120,2,2.5189890203079868,97.12929560923368,19.969091339747656,0.3772267108150182,0.019968530312450494,1.0,1.0,1.0,0.228020545571156,0.4349062501148899,16.910313572591246,25.11635361393959
SUB00120,3,0.7980888112110518,36.4182100224517,13.343741847250838,0.26456973959352886,0.34320403035920477,1.0,1.0,1.0,0.2029420408293771,0.26650663184127704,3.5806320569511993,8.85337371116092
SUB00120,4,0.8872997076743976,64.33693779944778,9.479058873506998,0.0,0.06094661524550743,1.0,1.0,1.0,0.15121870118834355,0.41768106926552334,2.457923918115369,25.192948163678437
SUB00120,5,0.0,0.0,17.828754559091607,0.0,0.4340277496033529,1.0,1.0,1.0,0.16445134319195867,0.29643693222423034,1.0,9.80383040886426
SUB00120,6,0.0,38.18150053133232,14.90122661919276,0.03856107255743807,0.20624219841558122,1.0,1.0,1.0,0.4069050387254911,0.5418868806751278,1.0,12.521287613464827
SUB00120,7,0.0,63.84777969299375,18.876043949395374,0.0,0.30231134471508975,1.0,1.0,1.0,0.42045998366716786,0.4655775072208207,1.0,18.67058288870769
SUB00120,8,0.0,66.19407836116456,20.11426644664934,0.0,0.3698044108312349,1.0,1.0,1.0,0.3121018325912174,0.5276003153888025,1.0,12.701713272009254
SUB00120,9,0.0,39.232603641989186,8.198746753253072,0.0,0.08677242353961451,1.0,1.0,1.0,0.3837945493652867,0.27116352678524164,1.0,23.374886632929673
SUB00120,10,0.0,13.529800307100704,13.782563895648895,0.0,0.3847643184099416,1.0,1.0,1.0,0.39198018121156686,0.34558353592398616,1.0,22.632753436453143
SUB00120,11,0.0,69.56301556151183,20.169472658118238,0.0,0.3849911905934199,1.0,1.0,1.0,0.5275898779268758,0.387777753091605,1.0,23.105637240727685
SUB00120,12,0.0,12.587918054396027,6.047073350478483,0.0,0.47814304835304505,1.0,1.0,1.0,0.20488392083560628,0.37340371608724454,1.0,20.42391351710603
SUB00121,1,119.25143467396354,301.21302326867595,39.5750849741781,0.0,1.2431944241271717,1.0,1.0,3.0806939108842384,0.4485254579383473,0.25974638976611075,699.3730168446241,15.809045061612313
SUB00121,2,100.77255555877453,297.1155611739056,34.40860156945911,1.4046335620764034,0.6196560502696296,1.0,1.0,3.5613516338537092,0.33223492052075054,0.5710979817985503,509.64773448006855,12.67680561652675
SUB00121,3,113.10903245466653,262.03944638657845,38.03575508848017,1.2376638383653447,0.6703186768439815,1.0,1.0,3.00527902095569,0.3048174156528163,0.2543526545573803,398.03901860109835,8.077062439604948
SUB00121,4,108.61264880204347,244.32433979219033,30.706776895946724,1.1319063125331144,0.46886315148493823,2.0,1.2337543924727252,3.3377863274974664,0.4309748896756208,0.3852058407967311,750.4475646988385,24.979871211703504
SUB00121,5,106.21100125647473,315.9873602699127,44.79096154108934,0.9114850207712935,0.34363899796935643,2.0,1.306862042175731,3.675792510217477,0.4660544598168843,0.5390990560173413,690.8924308398738,9.27497848719521
SUB00121,6,104.48749985948866,278.5626941575021,31.482118520050616,0.8488295183712716,0.0834893608888011,2.0,1.526593351896481,3.8084030873639882,0.40683268718146914,0.4559932881578196,416.54548188965964,16.191499488907745
SUB00121,7,99.25740843987226,196.70732979098048,25.625668876734412,0.15028807628564866,1.0242099475431998,2.0,1.4818906675811585,3.140320517955855,0.45860243307931037,0.5569698457591461,472.733188462469,26.76027186198698
SUB00121,8,99.70824305148146,286.1399195366734,34.88571598080865,0.0,0.7495264121893492,1.0,1.0,3.188381128312623,0.6144027630252639,0.3604349178712066,435.05511472472836,11.784070383891617
SUB00121,9,114.65096844283383,317.56668589545035,23.26892042446933,0.0,0.9275468134492539,1.0,1.0,3.6672357094143155,0.47982837768198994,0.47809241111902445,547.945736106892,13.340734108759673
SUB00121,10,108.5060775528433,287.4492966099452,29.884437989152367,0.653868426216849,0.35581421217764236,1.0,1.0,3.751180137993685,0.29381250402917825,0.5482313634318667,334.5727963462911,15.883589362698524
SUB00121,11,122.00875027159208,204.59784511940455,15.20367670140285,0.0,0.7273369029690875,1.0,1.0,3.5117781883199135,0.42866656485804044,0.4481309039921315,516.4479750229945,12.216229826743312
SUB00121,12,118.69474015061917,206.43802294735218,21.763435043134056,0.0,1.3133629762023327,2.0,1.4117306377031293,3.749619763873253,0.612040516187906,0.5360966841690249,589.8538163636823,15.128866740604629
SUB00122,1,38.46447096901086,284.7922897742954,38.857020473536004,10.071090053847643,6.492624450447693,1.0,1.0,2.6738215944817876,0.22496008986163674,0.2520836004872083,300.83662705053183,8.539700940938372
SUB00122,2,37.286220287490174,275.84775888831723,55.29546391593533,13.795858659256767,8.545266935535096,2.0,1.469767542114007,2.239066742521838,0.16472313926696422,0.5926617957638028,238.78695644364876,12.323710319827153
SUB00122,3,37.40910427638,359.8354197369229,62.195190365312236,11.284123924159466,8.727257944174232,1.0,1.0,2.883704983453078,0.41825382426983904,0.4730478884666502,223.0836351284405,26.41962268445901
SUB00122,4,40.605266424190326,308.85209578719304,47.22470099132299,12.36010937803959,6.800919011358183,1.0,1.0,2.7174869236288117,0.37202879596795546,0.2771476706897984,195.6584052145561,8.58327484330887
SUB00122,5,45.67079591402003,220.14626424812823,61.650615406458996,11.491812300043565,7.122085540904033,2.0,1.6739220044652154,2.6868903538084066,0.41931216111542935,0.48763518472238765,296.0695726296428,21.397753066313008
SUB00122,6,47.69965808357549,252.03691861203095,45.408226121121565,12.551760310220958,6.5399470071174814,2.0,1.8305523010594502,2.756465731231788,0.28501549285246947,0.5807962136719933,367.1049276891624,25.134394490384363
SUB00122,7,31.571837039693165,325.213658056909,52.21843170526671,14.944565604536304,8.793741716276443,1.0,1.0,2.337924248312473,0.4754681868757744,0.2910708451905691,93.2176719266464,27.84756970986097
SUB00122,8,41.427754154585635,414.1302369360101,38.29383090890209,11.523054422355417,5.798756572158686,2.0,1.813069459451703,2.3285969163415974,0.3817560728113601,0.2866259739233841,208.5264264703104,20.636802250583617
SUB00122,9,40.31055455938097,250.61502918932837,34.049192340498365,14.107228615228063,5.893803367880842,1.0,1.0,2.552589531399274,0.38318325922692204,0.38873470548586775,152.80063601378936,15.648910198755123
SUB00122,10,43.64445579400523,233.32922203388642,55.63421846628336,11.7559499683459,5.681860760073757,2.0,1.1732168977355832,2.9330339056594967,0.23851771096140767,0.5254471739957016,255.67923195188075,18.36446156731909
SUB00122,11,39.31890157683088,350.3791093694596,48.72451490592485,11.699752863734641,7.769086051571045,2.0,1.3370307615794077,2.342403895400794,0.17738636745846198,0.4903497578145758,89.2475245611414,8.028375586736907
SUB00122,12,34.07414974500334,335.8730351515677,44.72584339156394,14.30580043826036,7.387310271863387,1.0,1.0,2.823526204575288,0.4876691190960929,0.5579406704575595,181.67998381909203,19.903343278581556
SUB00123,1,8.970017504410603,1238.7127602559578,46.43156812949793,0.9737938351768336,0.7577046026351635,1.0,1.0,1.4451048783314988,0.16158550691723267,0.3917012715145638,52.76163816565007,10.518089164133773
SUB00123,2,9.528918996334845,1332.5254474802505,43.876290532398905,0.0,1.0127760760851212,1.0,1.0,1.9067655276084274,0.5083675283942668,0.27035549337820813,29.890502747191334,15.91579788423789
SUB00123,3,4.6408586047943805,1345.8355409006074,40.299753925524996,2.259782333908724,0.007702513124663524,1.0,1.0,1.7247266429690296,0.50137948980026,0.26200946009307663,16.58165929036804,10.377831805532228
SUB00123,4,2.5533555264511585,1659.8678785236693,67.49172171215008,2.703679215585623,0.021226106362253805,1.0,1.0,1.1602572754219893,0.345858338194041,0.3061518597657273,14.338835659407524,20.951398906437483
SUB00123,5,4.757876224339381,1494.4204608129644,65.5924472569314,1.0809904880900527,0.30645660578336587,1.0,1.0,1.280941928353188,0.5368396691213952,0.5336186257510651,13.135609223142868,11.251268267238995
SUB00123,6,7.100662500055007,1771.961013098011,42.64696146921899,1.3368857272325732,0.7356761040052602,1.0,1.0,1.7210992096417335,0.512631260712397,0.31928516515890104,30.620566245470062,24.109330940345718
SUB00123,7,6.500289404689784,1787.300565419281,74.43270046923453,1.0731863609419277,0.6758303558275933,1.0,1.0,1.8421328514023074,0.3062169734688359,0.4536385378876039,46.427869051910385,23.469545060335996
SUB00123,8,5.147736291054526,1219.0923029197256,71.19419659485922,2.611752181269705,0.5988257273032433,1.0,1.0,1.8495869963066425,0.5330414915891771,0.4233714983439062,16.774868049524628,19.46369107460507
SUB00123,9,6.075843082622092,1238.1250132312705,55.15194211942041,2.6406054678278816,1.1408378702639332,1.0,1.0,1.4063191263909474,0.17375624418928132,0.38818474863140684,16.93655066387764,25.07398925862897
SUB00123,10,12.027484059710535,1543.8609857598096,46.1690469737446,1.558819128813583,1.1620841115986296,1.0,1.0,1.0238993571994504,0.18606779905139909,0.2783679035798857,28.18213626616616,14.675386981156691
SUB00123,11,8.782392108224945,1389.4267660438936,77.87502523960677,1.8360916178113118,0.2521269764774574,1.0,1.0,1.0981174269179343,0.4407375953319521,0.4991011306648885,30.265938826998156,14.429237018402477
SUB00123,12,8.798615712487667,1383.3627251645876,70.07402420906455,1.8022540276402679,0.7828228959958106,1.0,1.0,1.116367737534969,0.20642820208267681,0.29419282278101583,56.27865880269783,19.830817687274237
SUB00124,1,53.5921667643297,713.9699437229134,86.10880328867285,2.5973569053272474,2.315838725713018,4.0,3.3615300330102995,3.0169219942386776,0.44095657119199727,0.3408018393861736,195.29672252596959,13.39680644648801
SUB00124,2,62.05419646790475,659.9288121377429,76.36662876755042,3.152401927811279,1.5003423512489895,5.0,2.83896875199244,3.5762397732508457,0.5546089168954239,0.42879230867164775,365.059097260555,26.39881460266175
SUB00124,3,52.234668175330064,779.3704009573332,97.00967888109454,3.0620826715846534,3.215912752533251,4.0,2.632245501805243,3.7807703341042287,0.48048987188822045,0.5872033664678084,231.86692687229296,14.98053927512396
SUB00124,4,60.63671388020542,575.2231862486904,78.72774347356892,3.042051958965312,1.971185066250536,3.0,3.0,3.149226872732446,0.4625129937743828,0.5465154330735096,333.77385232706536,17.64772877938397
SUB00124,5,75.25552867542977,729.5945881105972,96.7015853201576,4.081453629159259,2.370640257918383,3.0,3.0,3.9914293192081454,0.3727069182941959,0.29295831911916,582.7070272968756,11.421303193521194
SUB00124,6,73.0139360808285,533.2110582091657,77.83410192319771,5.159410584221214,1.8472779281772183,3.0,3.0,3.389284358431554,0.559251462460709,0.26086256237695665,507.03668631071184,22.46793802244838
SUB00124,7,76.62811812490334,782.6516129989966,103.95188668324498,4.784250694752301,3.3411590781902776,3.0,2.862591000798467,3.8412547834955744,0.3759905842518937,0.5875403675001569,164.26638021496302,20.383750947047986
SUB00124,8,53.897608068251365,608.3183576786336,112.36215065432157,3.8492494306936997,2.862273754318943,5.0,2.8432364439538023,3.2103049314692207,0.27528338114260364,0.4310757790108973,282.4365753860857,16.880373169206834
SUB00124,9,77.95648142060226,766.2339228412847,105.52514365524114,4.208339728227163,3.225758737546876,3.0,2.7357875732731363,3.554374993103936,0.4163836955820239,0.4738850023333797,507.93684891003943,11.474307368899742
SUB00124,10,54.922518834878325,484.7316748146082,64.35111474596741,3.8727944655321545,3.086146255488301,5.0,2.5838248979622946,3.759372326158408,0.4064734753478525,0.3379996582689255,264.95424145624185,27.397285521482
SUB00124,11,61.14988925647985,555.6415314023433,69.43072818014355,5.222811024908704,2.663844500766121,3.0,2.617020888944506,3.718515234359992,0.3331405456278572,0.4535383051808465,435.77077985949353,17.54162150865196
SUB00124,12,59.219103684800615,485.6236166395475,90.2485672116226,3.936684052858152,2.670281958843717,4.0,2.8906102594348297,3.996812795897975,0.294713612754784,0.30396147323217343,429.78684391746447,10.605233181080957
SUB00125,1,5.779703620729368,153.6809431117361,38.05645821018762,1.8334728713032977,0.05450466474017679,1.0,0.5065469380164609,1.0,0.2028783301306877,0.5862737602077168,14.013605144206,12.760988577119033
SUB00125,2,9.722334861856893,82.71185178965196,39.794402274098516,0.06623926745576873,0.5823073282289144,2.0,0.6875788624173125,1.0,0.5327790099044435,0.5248753963893663,73.2713615968014,22.677959055189454
SUB00125,3,13.104412073428668,119.64916810071537,16.292224880699802,0.41827752336373725,0.4539732505280023,1.0,0.7691863964194923,1.0,0.28836512507146894,0.3606843344927452,81.39637083547399,20.96953875320132
SUB00125,4,11.838294375457759,56.073847840203676,16.32676181215524,1.171932362600288,0.4235330553909131,2.0,0.7097897438692629,1.0,0.45177403397415594,0.2570740309710139,43.19080870129362,18.76147223783216
SUB00125,5,8.54194563736922,103.5387992096574,25.459717803123947,1.8517862205915632,0.9396419673418005,2.0,0.8629464240249085,1.0,0.3966579288404909,0.5662707376801495,60.45295759722728,18.307333552183557
SUB00125,6,12.572736859303316,153.20834449205515,16.368953443067277,0.9820085327335775,0.7287259428631626,1.0,0.504247569084292,1.0,0.35031977516726664,0.5832053923905642,43.81490226340893,10.465122350012233
SUB00125,7,5.6163375592853955,87.97349003058424,17.15957383156802,1.8619596550299733,0.6963719489435082,1.0,0.6768418882586047,1.0,0.38020078053185113,0.3654259604013933,20.420856055239355,27.628210846489992
SUB00125,8,9.484956970685923,111.95978617770419,27.652056030173974,1.4791662032899053,0.6982898854151858,1.0,0.522972181996989,1.0,0.236861055843048,0.3604827513613849,44.90252884288261,22.326127366879433
SUB00125,9,8.731011901013218,117.79490683907267,23.562376889658744,1.5227929441955463,0.8365877358739194,1.0,0.8769693125857546,1.0,0.24999597186312425,0.34095370167131855,69.39873228267416,26.507759939331653
SUB00125,10,10.4943283974638,98.82130557237753,23.707127346568765,1.6357852004001063,0.8821205660026245,2.0,0.6408700342065696,1.0,0.36173134944961355,0.3219912665000687,67.05307340526555,19.599975991779353
SUB00125,11,9.681539492316002,107.73513101633688,44.4556320492121,0.3333674521560008,0.23755300683015446,1.0,0.8425851090272556,1.0,0.37373344428119193,0.2520339989705104,41.7216078072232,26.899373508469626
SUB00125,12,16.61934741756542,135.2173448953354,40.33570506864027,1.7282069800670612,0.45654143106925793,1.0,0.5596766542760754,1.0,0.29367990780117353,0.258184387224859,76.61736448093053,19.950832464348835
SUB00126,1,126.1552306328018,390.8232213071119,45.57611094536765,4.971989345976725,3.794755679217828,1.0,1.0,4.7895445462099,0.259822399550317,0.2500663787313855,920.650351147741,22.586268247035576
SUB00126,2,139.3259285091594,487.7909463182899,51.433162243692195,5.661983555290021,3.361885479048521,2.0,1.3336720925154042,4.208613491733965,0.6040399777254128,0.2996812732360664,631.5905408473175,20.45597045411442
SUB00126,3,139.84731819014223,360.1024599896182,37.942578071168136,4.079238889187837,2.753169109037004,2.0,1.018054266783107,4.003009395528344,0.43990129739264683,0.2742271014968435,428.2979876119764,27.70569164243722
SUB00126,4,135.88694079275982,461.4076630896987,50.897717795676684,4.448268942930702,2.601502022300037,2.0,1.0136945974211786,4.2524194730513845,0.38436945149470636,0.41232696883710895,273.38952750123985,19.308852403625735
SUB00126,5,115.7629842473519,367.9263950253539,45.59075498115699,5.358373111985382,3.070149096158445,2.0,1.5319886377455272,4.447614642386865,0.589973963162648,0.40356707612379705,887.0967333615148,21.048568620825662
SUB00126,6,127.20749626160537,448.8705542900901,40.40610238664206,3.5905113336175107,3.527991963058507,1.0,1.0,4.884750698267364,0.5883805940756857,0.5518510512335022,819.5794748511216,13.354428871544982
SUB00126,7,138.29167687282686,472.0103529190913,33.93526338785062,3.5705149820432216,2.8332501922394533,1.0,1.0,4.3254098602976825,0.317092892978472,0.3923627156665489,872.0062728164264,27.86835743602109
SUB00126,8,117.24508008856476,498.75571237276114,47.59374931843936,5.000535285227568,2.0666735497926267,1.0,1.0,4.0223877946789255,0.4498037686712141,0.390499136739212,413.28643428775257,27.556518423386517
SUB00126,9,116.5312499191886,317.51478271692844,51.51996597333295,4.8734868383386285,2.1326407391486226,2.0,1.4737124628727982,4.585015569407227,0.6401457455361231,0.5118641395011048,711.2557716304659,16.63786069570633
SUB00126,10,112.26536689206306,458.41485331999695,45.19702708188121,3.655853268331218,2.1801880433963374,1.0,1.0,4.525022464811551,0.5192730661466854,0.49241087589677157,333.2768772362609,11.836028377100575
SUB00126,11,118.373097303241,296.588848309384,39.42944055875533,4.769116372082287,3.9223416394491606,2.0,1.589200356967789,4.414461098971506,0.5435542093073397,0.44357263599301844,335.1728515944745,22.089783993352242
SUB00126,12,129.9690654751723,491.49304104240764,39.15606408686412,3.3686458517779676,3.1502908608878606,2.0,1.1204182917984356,4.78269749216079,0.33365289687293087,0.30770694714557045,922.0013091044757,22.042560173235213
SUB00127,1,2.6435651880681257,11.400775917123719,22.94932564688114,0.24994306671684352,0.2672844670332637,1.0,1.0,1.0,0.5332497314244559,0.32047068702197334,14.770422998029327,9.272135120719017
SUB00127,2,0.9340162221399206,29.164102832481944,20.968314456444425,0.3112805635778365,0.34616156374419566,1.0,1.0,1.0,0.19391206690168147,0.5500252583372365,6.608286144727728,17.507308138273018
SUB00127,3,1.8651417811716642,48.65842132020094,6.650360576416558,0.38655080859191027,0.4891838444114234,1.0,1.0,1.0,0.41528725018033064,0.5522946260740755,9.968739811670362,9.229227680594347
SUB00127,4,2.517990037223104,59.18727828340917,16.666034515093777,0.5562832942773845,0.4141965120354574,1.0,1.0,1.0,0.5182533315845537,0.3132760416442847,7.8344139893787705,15.075297324502749
SUB00127,5,3.1760894976854614,12.475505396039654,17.807747585275543,0.24292944897209276,0.3527926681538608,1.0,1.0,1.0,0.3887847203012291,0.48099287755762193,16.186266946524917,27.317849251795735
SUB00127,6,3.062615038183895,64.4342917426062,16.231236097076685,0.09895376992413726,0.32544323461359526,1.0,1.0,1.0,0.26789308083949875,0.49851018969028776,6.553331530686941,19.905666027945095
SUB00127,7,4.871180544440502,46.48197759457133,12.639937255106927,0.031612776824857164,0.06518463115845913,1.0,1.0,1.0,0.35607221865982225,0.26042386943815826,31.19757207278482,13.21162982405972
SUB00127,8,5.172101737003098,67.90984652999975,11.722247240298092,0.18384619342873404,0.2959657310524899,1.0,1.0,1.0,0.16866189631951703,0.3091470699243634,23.55008444828522,12.834092747950358
SUB00127,9,4.752248080845495,47.37922287752666,20.684588347953795,0.5782632221469054,0.38095494929054263,1.0,1.0,1.0,0.1936878612598429,0.4597913461623252,17.549854401726623,8.734226219021636
SUB00127,10,5.651388233554175,0.0,11.222468384150053,0.5212037270700778,0.20089100329211124,1.0,1.0,1.0,0.5465146301943457,0.2597518231076853,24.731375191870423,25.134348671398122
SUB00127,11,6.487937730402905,41.9640718428652,6.521690626181971,0.5940317241588029,0.261196338631651,1.0,1.0,1.0,0.32135964879820844,0.5533939914037092,45.60303482536616,24.3438686432169
SUB00127,12,6.67911458263959,19.07599820243421,13.713838518075324,0.9347080875145442,0.30569159135365215,1.0,1.0,1.0,0.3580462473447994,0.3147953344630064,32.13691260672248,16.609880487518506
SUB00128,1,121.38211643819308,181.2789960181376,20.93981396387621,0.46257462235160696,1.3872613197667423,2.0,1.835763958570675,3.3775105818633278,0.5986376429524563,0.596028296251746,947.6023997958878,22.838136575342844
SUB00128,2,105.51289584146988,322.6644061346114,28.15148090247446,0.958772916568186,0.16557158199805344,2.0,1.505107120927769,3.4195023438182126,0.39525784002151987,0.45292450996829303,704.755277720817,26.051219307987164
SUB00128,3,120.89052773188672,288.56139711787296,34.14534474438878,1.7004198755517108,0.7290796878624213,2.0,1.7469132917135421,3.3541031432401147,0.48419579251411005,0.5431679512668661,258.61258532044616,12.806800903681463
SUB00128,4,113.0181955519329,203.28031644020734,15.774691349468272,1.569904832700339,0.17388554546135565,1.0,1.0,3.545847549746429,0.37488966898671183,0.3939642246759633,611.7260413185604,20.38833039802622
SUB00128,5,104.59056237394572,228.87438950784878,39.497399808414784,1.9445650859854902,0.7259688916717006,1.0,1.0,3.9340741563299506,0.3881355559045616,0.461640847359676,561.204221705798,25.06690949869185
SUB00128,6,99.30046102924456,177.89530085406375,40.86764498871392,1.0488545563341851,0.6954161069345197,2.0,1.7820839880740762,3.3349937777872833,0.5753762986305023,0.3290259711623096,565.3600362151791,23.031675434492158
SUB00128,7,116.74290635627705,288.8247266416858,25.671257801631654,2.55782819768916,0.6644236609217009,1.0,1.0,3.17483853395731,0.37049291752622004,0.35605439970279507,329.2205151191731,24.69321324422976
SUB00128,8,104.3708381741756,299.0824864171054,44.10692981395795,1.4395442573472816,1.4867702237292946,2.0,1.2297007867526646,3.2573326520811,0.35497224266838245,0.5800474231529908,362.4245436665866,18.192306282002754
SUB00128,9,108.80120917937417,231.6085811380077,32.99782676711438,2.138955298597196,0.7589909682294722,2.0,1.5034823546334728,3.5092111319558983,0.3339380572925595,0.2607928650593426,745.9030854917778,25.109636944113277
SUB00128,10,105.34313315739016,208.01198888548802,20.617077616597594,3.099431833858649,1.4606512409783154,2.0,1.3175140261212333,3.2506932504323003,0.3538537121687071,0.5981343203194068,500.39152405718806,10.390211297263892
SUB00128,11,127.0691556042098,152.61066770779553,28.89692285471729,3.2501603182406162,1.087764646543537,1.0,1.0,3.74787326451347,0.47360610207926934,0.320789402250097,258.94773233908813,22.7455558595706
SUB00128,12,115.18006289613994,184.94993977234955,17.126858091244248,2.71490596015661,0.3348859348221217,1.0,1.0,3.5912819235905795,0.6104751870847394,0.4412452850035975,276.8825918798182,14.899438103365323
SUB00129,1,33.71451298093907,246.03370971252352,53.83271453692705,13.195958527451229,8.674363359774159,2.0,1.752723837670756,2.9135639157934015,0.27534136422844935,0.36505142026951903,177.8385860148207,16.167331777502024
SUB00129,2,45.14372892876064,282.0579546042692,53.49336683481107,10.556688667766439,5.064384446374728,1.0,1.0,2.077204720851375,0.4646372066665104,0.2813274019131124,275.62843433113244,15.597271515186863
SUB00129,3,46.44996969277214,226.11354395823,62.62472621836091,15.111906782897151,5.824456564765306,2.0,1.2050439434232993,2.8881878684931093,0.15799436334566636,0.5580428783636744,104.44499806627299,24.536696610269537
SUB00129,4,38.70409878303941,356.96670452714125,60.73098184173146,15.015436433321943,8.327491562523608,1.0,1.0,2.696630301501386,0.27642598250980444,0.44127626652702634,132.59570294032181,21.25901722173254
SUB00129,5,37.09761199798208,377.28263380235046,40.63008704130857,10.791837580787941,5.882691127109499,1.0,1.0,2.2846366351250893,0.1746450658660889,0.36194685513647556,207.1792715500922,11.115936521468864
SUB00129,6,50.91163216439744,243.1045017173526,43.70043094289031,12.757518809379025,5.432602635953135,2.0,1.1496803046664485,2.1739791943570124,0.5120869792182144,0.5986577107152737,300.7165145791644,27.694470441127933
SUB00129,7,42.92144854544533,376.43149748581925,33.584977844488556,16.130388376157338,8.715848095603743,1.0,1.0,2.3433541843003547,0.5095965505738548,0.39393937224679987,258.5253093530196,25.745521084836916
SUB00129,8,48.921372914607474,241.10065691483447,49.68455539127913,13.248603345891318,5.100208963749806,2.0,1.4738510825049418,2.786417315504606,0.23800055733978992,0.33297518337227194,262.2935025676021,25.520516720968324
SUB00129,9,35.44190930424859,311.2748162492961,43.256675188584516,13.98710271326307,7.552014068663841,2.0,1.8016784609203267,2.8387947578073205,0.41935524272981817,0.44654971160228846,136.2872181083706,16.492274371332815
SUB00129,10,32.927214628652,211.0298079101166,47.717374558568835,14.43755964101722,6.771151331556567,2.0,1.923174790834803,2.6719721311708318,0.251773761028124,0.5465422672097702,76.73314734600679,13.445981239693388
SUB00129,11,33.397231073045845,315.3635277528548,58.39417707482979,14.425945861438976,7.145687444673708,2.0,1.4419695483833896,2.5290973533999255,0.3692232689438141,0.3586949958008713,237.96723115596956,12.153660295538186
SUB00129,12,34.14734644909401,358.87090338654036,46.413080001939846,17.07423979320981,6.6235914131781275,2.0,1.4304268834028466,2.555298376688371,0.5366254850133491,0.33312454228786187,98.73287107775066,16.471024667893033
SUB00130,1,5.4558749833216,1365.8393265556688,52.26139003595098,2.49532892253484,0.2942850745026505,1.0,1.0,1.6464780891438107,0.5060668131378032,0.2985312001446649,28.809909134350733,9.768014354262277
SUB00130,2,2.286329789471645,1556.7983448481623,65.72265006719142,2.642618695783379,1.1150737161912068,1.0,1.0,1.3446953200526717,0.1610797395526697,0.281564533609391,8.465640867913551,12.862323288687044
SUB00130,3,8.933801095467697,1535.4080691342058,79.98405252531009,1.5173908440263641,0.9767249085677352,1.0,1.0,1.0644217775267397,0.4351801136481196,0.33817743558954416,31.531048525732192,18.94476490104991
SUB00130,4,6.9731234838100695,1381.500195201743,46.08007972839756,3.1585460671674177,0.8789853753127708,1.0,1.0,1.9075322549713225,0.22603148644802545,0.482085796785114,47.129272787759064,10.439348036720581
SUB00130,5,4.808123639656614,1519.6728802756018,41.9120758768245,3.191126291606328,0.2339131514596745,1.0,1.0,1.8932382882887513,0.21381046915589524,0.36690978532478297,32.635518421871765,16.200091254238313
SUB00130,6,6.855519114213376,1791.1949585849975,77.93762248350463,2.4114204372096206,0.17691320527355847,1.0,1.0,1.7868815014136001,0.1539753290136983,0.40827191317427025,18.45560827044981,11.056502155554748
SUB00130,7,7.83070444876978,1578.920981460755,49.759863674206315,1.955089113496121,1.2719521535625926,1.0,1.0,1.725684672153315,0.2007329405062285,0.3936118065019798,39.882167949896086,9.604585873897946
SUB00130,8,5.135403453647914,1628.10082027524,54.265165762532554,2.8674991681091297,0.17369241419051928,1.0,1.0,1.0395124690053081,0.5449529690590738,0.409515993763775,26.714903004967336,13.09809792764103
SUB00130,9,1.1285306679759468,1626.2789629058002,40.84408329619244,1.2445486735174514,0.49511045601383336,1.0,1.0,1.0877169254943024,0.4850423022444559,0.5569266043916099,6.569560190475225,15.711945120747439
SUB00130,10,7.915049191182226,1679.3149057677672,78.33379617962734,2.437369673146817,1.2120789004661334,1.0,1.0,1.3950109726456326,0.429737091668307,0.35156899269314124,46.669313363390856,11.68452610278062
SUB00130,11,4.404650858671256,1704.961684202381,45.873813041952104,2.523517732793585,0.10279145722846567,1.0,1.0,1.0893887128520339,0.4366674365579275,0.27596352539164054,19.27912378612863,12.605810856250729
SUB00130,12,1.9459333350326484,1666.8975823331125,72.83209819569666,4.310107818490428,1.4347374827152708,1.0,1.0,1.2926326006031728,0.21973282589347537,0.5044539793389462,13.763925471239139,24.462470372709944
SUB00131,1,69.40352657810993,601.6702347928018,65.5422028769856,3.502586970756221,3.32644076543135,5.0,2.647795182463043,3.8475952501049617,0.44122676653309056,0.445571571864502,408.8495872323543,18.79796505753763
SUB00131,2,68.15106918022717,743.5570201170076,115.3229577029465,3.0895478069361424,2.122860844252716,5.0,2.8169306058095986,3.8437501768847957,0.4744610722071929,0.588675883678074,170.63211171343588,20.279603480994325
SUB00131,3,52.00216297557763,596.8567721920286,104.72668879687176,2.6397734474603523,2.3390208650544957,3.0,3.0,3.826977017931398,0.6425088169114697,0.3823377525821664,388.5591375633696,23.54344474308672
SUB00131,4,54.56440684420866,642.338989762146,102.15669625918194,4.838484671079501,3.149247476235784,5.0,3.4731375259619965,3.6615921620267837,0.5594766577914665,0.5506084499294479,149.65376135495077,14.728217489788015
SUB00131,5,76.24518100692127,750.4766762217592,75.06733581637022,3.7732028869971495,3.2712615925846453,3.0,2.9984799205055612,3.933567543723282,0.4953033914125521,0.33014279004047153,381.2613952021392,17.313164739884968
SUB00131,6,60.03293081579445,526.6142217397977,86.46280217610405,3.875934336057009,2.8665945321151955,4.0,2.78832510170383,3.7728367672295637,0.6130981409546478,0.2656299451131329,146.4919645974039,26.67659361726566
SUB00131,7,53.715942191392735,754.2832728667548,66.15150319338386,5.296836118508603,2.5773344033112364,4.0,3.34002854391102,3.656909186397777,0.26864666357785644,0.45831627027181243,320.4746723731101,12.017960025622937
SUB00131,8,74.50766574124148,453.58314206923416,86.73477542156269,3.371217901149334,2.2488578792026432,4.0,2.797953141494781,3.7932011413250852,0.5083684622005488,0.2965685538258513,465.55702331137013,22.46964010826509
SUB00131,9,64.44209886817175,476.77364357561595,79.23288347471285,4.148098014413425,2.6315972183517484,5.0,3.1724685639254915,3.6617316945440432,0.5421202263331285,0.4229722344986784,284.24113935092174,14.133110062285352
SUB00131,10,54.315928469520195,639.6056123180525,76.09618491352181,4.930469507812191,2.3514382860919683,5.0,2.6698466119953985,3.756345718642664,0.2766696804580837,0.34975915037521615,428.2847318877149,17.517858277775304
SUB00131,11,70.36987495103148,547.7465399117477,84.04239826574062,2.962988941399561,2.715738613003851,3.0,3.0,3.4493380671272296,0.4947733863304794,0.25943583003233545,438.3687393788256,24.997792836740413
SUB00131,12,69.1485233698738,610.3454384313213,82.65265023114826,3.8917257161338075,2.1694330263303687,3.0,3.0,3.2509660032664716,0.506978614240387,0.3643217995224338,533.0476656793037,11.792498522268005
SUB00132,1,12.676962359412963,67.99347452687714,40.63538919319586,1.2702291180699263,0.7993662099954794,2.0,0.6612819496730021,1.0,0.3424259904568952,0.2653468715197664,81.82804123143599,8.893937329137264
SUB00132,2,7.301453465579937,111.26431732331434,37.4337054392533,2.0574899835098983,0.9510706541411044,1.0,0.5803650469433892,1.0,0.4386078943656221,0.3067375446856203,55.703435021288584,19.9670095305388
SUB00132,3,11.685116974915367,141.88045848842413,31.162914234420743,1.9202136229708908,0.88450951311169,1.0,0.6190815033512497,1.0,0.17914258050228132,0.47645579594108517,33.887006261282956,27.983829007891078
SUB00132,4,12.850193520344344,137.65546064068783,25.22699354731592,1.0644722095541999,0.8937523257545704,2.0,0.6350190565885259,1.0,0.3587288126336035,0.2806764073502133,89.69652448317154,26.679597991101424
SUB00132,5,6.2374769168423425,115.23757406481144,39.57150449819281,1.4782863576731806,0.2746658596094115,2.0,0.62158078236523,1.0,0.30412499433521367,0.3338524180062219,19.656356111082683,25.217943536172303
SUB00132,6,9.685363139659081,157.28467067531167,18.326611707114814,1.9443504942537007,0.5408348746909514,1.0,0.5042537949824335,1.0,0.2666929360238982,0.43690381505535125,25.753892599942972,24.351328364704933
SUB00132,7,10.3287229998375,134.24639869240266,32.784701688463564,1.9169878984793414,0.249705473228636,1.0,0.8528854849769796,1.0,0.19368287386346159,0.5580987747450384,33.10443162369476,14.073221424353452
SUB00132,8,11.628085132754299,154.72625819451673,40.474275337973026,1.7871382328312035,0.3774910790704159,2.0,0.7644888926390694,1.0,0.5266167462282517,0.30024654412137897,27.07164340215154,8.908518162951513
SUB00132,9,13.334216722961603,77.97428083431615,33.348334361828364,1.8073446175052348,0.2430925185093672,2.0,0.8113132685450415,1.0,0.2894030074601874,0.3003695596733717,55.12956740468258,23.163097675971617
SUB00132,10,13.711199098066,149.98797280072094,44.057190917706926,2.775281202131261,0.6081962942447059,1.0,0.542663126708926,1.0,0.29511022235446865,0.49811077782277474,57.291700651942925,8.062968023919973
SUB00132,11,14.183009827920152,89.87535959940584,18.724207097923863,2.967007957584193,0.9406471355323915,1.0,0.5052260762083121,1.0,0.29768581320197024,0.36710501562685793,112.7965944412926,22.417334227412116
SUB00132,12,8.535415485476191,73.63831428524415,27.79158674007281,2.0266680505344334,0.15514883990094408,2.0,0.6529468062656949,1.0,0.4751603099449313,0.324640692586916,21.892505105167064,21.367898232987546
SUB00133,1,116.53734173074558,370.9433298722563,44.291103030103784,6.34228308453061,3.5732756238827816,2.0,1.1855087229926915,4.8365773396064276,0.44785271348995104,0.2866510921680804,484.6571802338833,26.366612290188005
SUB00133,2,136.01141507393277,413.49274606263833,35.80304927342369,5.6029774445843366,3.658013639053722,2.0,1.3860896175103048,4.659481931769223,0.3800544614746699,0.3044785322757501,463.94904002005677,13.433760680324566
SUB00133,3,114.5429599200963,499.72715926824725,54.69484713118035,6.833969545065023,2.920901312616283,1.0,1.0,4.946947456134465,0.5604249498756115,0.5413137502991492,833.5179702296379,11.42351344825792
SUB00133,4,128.9866857232789,364.52897311622826,34.45889535699958,5.93405404799565,3.7834522957333503,1.0,1.0,4.026793405318113,0.6240337220932548,0.44407241216869076,837.1638453073944,13.67631905672394
SUB00133,5,109.84511939041695,500.3072487192752,50.60004628590764,4.1529420256746485,2.5238331856749667,2.0,1.3671204106352954,4.435109982818816,0.4906235615902368,0.35978124757863106,591.2778892062023,21.155463728602157
SUB00133,6,107.80947236228057,326.65192702613837,31.280753817626696,5.3425228800167694,3.7370031830295747,2.0,1.0088182709156372,4.573245196253489,0.2541007650188521,0.28821818475244176,854.87474311582,17.14046388592503
SUB00133,7,106.95256606474315,545.460259898664,47.64855255575302,5.911884160472501,2.9890442428870676,1.0,1.0,4.004067114848583,0.3934359697915901,0.27890498500395394,254.51058419603396,17.38448463007534
SUB00133,8,132.08895140097647,360.00696234336056,40.045741158756954,6.209301422342401,3.2078626256951783,2.0,1.3522822058971213,4.621755440235489,0.2607072786275061,0.3159142801594845,570.4879083357873,21.491891775577145
SUB00133,9,119.71318868159722,503.3110570199133,52.54281033160494,6.505127860128421,2.9690498403973047,2.0,1.3828189915396154,4.3960531327859815,0.6147648149921352,0.4602428631288901,338.45524565826105,20.52033682189314
SUB00133,10,125.93737277057893,441.1400039700785,42.760417876498906,7.1468674607015785,3.2867459844720166,2.0,1.1365831844667524,4.04391031998029,0.6391959435029076,0.5062907024130145,549.0481380743587,8.353375914889781
SUB00133,11,107.20796337538094,398.4384812167839,34.014580027373,5.5943961661755495,3.980900923965322,1.0,1.0,4.503306976338695,0.31226669017597974,0.5490449598588775,649.1169468436967,20.75871232377901
SUB00133,12,108.3929044193925,539.8347413609039,31.842961696431324,5.62103327838401,2.239244820622684,1.0,1.0,4.929585199734521,0.4405954868159281,0.52720174049834,424.5100475316439,22.064678814680224
SUB00134,1,1.2327040778484832,76.3896074013637,18.580776248134978,0.3681827735089634,0.344280611086648,1.0,1.0,1.0,0.15091982873393386,0.2956703862516646,4.459504477027377,21.044887368307904
SUB00134,2,2.541049952436272,54.68160596027758,12.102406860666473,0.4912155361038831,0.15989895592107628,1.0,1.0,1.0,0.15246533446053476,0.5793532653553589,9.369064071051552,24.241299320721364
SUB00134,3,0.5868751849752152,58.88131183718368,6.038458629805401,0.5512060866462256,0.2647514781417492,1.0,1.0,1.0,0.21890742098670732,0.34283734803183724,2.3156854997466576,10.771663928379587
SUB00134,4,2.944884158583688,38.161683804606284,7.328470580562419,0.670100753145561,0.16092524499183558,1.0,1.0,1.0,0.410024500086851,0.5257017601913956,8.628260350529683,27.434059572315284
SUB00134,5,1.2341708317243931,53.14425775206554,13.848969762370373,0.6584461509395292,0.3788766920908571,1.0,1.0,1.0,0.48098478993960503,0.4274827667248055,6.144690620254694,10.268657777653086
SUB00134,6,1.6833145794702473,69.86218022889604,24.85720553659919,0.4055076652037031,0.38303027056101135,1.0,1.0,1.0,0.24449988428185315,0.34785648228487287,6.964114514847404,19.55369670058888
SUB00134,7,0.8443812721344557,39.71329935432389,22.719429945276172,1.119967302869863,0.06864461158806462,1.0,1.0,1.0,0.4431292769840278,0.3280082637796732,6.405221343435462,14.198595859904337
SUB00134,8,3.9304275619781563,57.648946733676965,19.980524008146038,0.813217516585117,0.1962314736593283,1.0,1.0,1.0,0.39308531353379017,0.3941710377779245,12.615445992051308,17.138611385126783
SUB00134,9,3.292977458256771,43.632058949040115,14.623608820196544,0.7616163941010072,0.06756229083437604,1.0,1.0,1.0,0.47565738900094334,0.5670573366189338,21.678767209414172,25.303269404515945
SUB00134,10,1.7184910635155697,57.69389555922522,17.315145768351236,0.9467733579536474,0.05906508114668563,1.0,1.0,1.0,0.16491619053149112,0.4565522067766755,8.850175586286253,8.457923806209116
SUB00134,11,2.259392142572175,30.814621529133216,5.682004397948561,0.7756930340894892,0.40392893814219194,1.0,1.0,1.0,0.2188430763794063,0.29503671907274626,4.819006891728762,11.448229293924639
SUB00134,12,3.562065795885806,80.04690094307995,21.135608380039656,1.021735814648713,0.044605108966380425,1.0,1.0,1.0,0.44098698488434973,0.3002175422707867,15.347995874866625,24.282304588282756
SUB00135,1,123.99367602496736,231.74777922553415,15.378888629841454,0.8937574964857647,0.3513617050830907,1.0,1.0,3.3036540380291988,0.3372931447896886,0.5507570503902918,979.9180234037275,15.111634647654473
SUB00135,2,118.38240563803853,141.44452019929545,29.97446978609377,0.8458275404963886,0.36439079011342296,2.0,1.7323383725357016,3.095792349018333,0.4751166298006173,0.5849591705967817,855.5430943297456,20.518087426974894
SUB00135,3,102.6684740866067,190.46141849030792,38.36012493817538,1.3413670031540432,1.4470702224742382,1.0,1.0,3.4384378731826417,0.37536172040222915,0.3040289596016921,224.79024410488344,8.83994705449474
SUB00135,4,118.22076298091244,143.18948166991035,34.958512948922994,1.6281454470711285,1.1664863512417483,2.0,1.7082992988942842,3.7230064333345836,0.49636031767268796,0.5921867801409513,449.1013147286838,23.65976901921436
SUB00135,5,110.27817499877092,263.2029785204895,40.90797358335269,1.6513554640819657,0.791427832711052,1.0,1.0,3.431625720375865,0.48288743501816866,0.48799628473804096,760.0958292242227,8.535132899131302
SUB00135,6,124.41275589153831,319.44465865044646,33.50935378405798,0.9231234033776459,0.23386136005432812,1.0,1.0,3.4949045823477776,0.5058435094025169,0.4496823730356633,781.0006833401183,8.779892871489302
SUB00135,7,103.29751180951651,304.59528552146736,37.36290129795626,1.0850247096593915,0.9667227609760211,2.0,1.6316081209088826,3.431303846837068,0.3088109807192845,0.32534021180160777,787.0419120400552,9.324450813120247
SUB00135,8,123.5755654650357,286.5129918915501,40.375587684516304,0.4509097356934232,0.9444830742840202,1.0,1.0,3.9029956181586365,0.45867250584734975,0.5832370828654692,571.9781311848475,25.15134063562909
SUB00135,9,124.46350321612124,300.11062607304854,25.54247597687101,0.37953258859243033,0.04558962886194645,2.0,1.0577675034836915,3.160006183111404,0.6301751973526333,0.4228443189083315,863.6028590461206,12.1324549848518
SUB00135,10,103.27678913966699,197.0476486432098,44.7638707636672,0.0,0.9522169975766428,1.0,1.0,3.4517310202750355,0.320005791013491,0.4006896508951583,492.01135524032844,20.814739498166432
SUB00135,11,129.925745913245,236.64926361721365,38.72493516969891,0.0,0.3270167430671755,1.0,1.0,3.9729254637313582,0.4390944389004692,0.32425420106150693,1016.5890659406645,18.277635828481355
SUB00135,12,105.82683541824869,231.2160552266957,33.72692443346688,0.5414771202382511,1.2926847870382179,1.0,1.0,3.134698741355653,0.44313104514997526,0.40158244243351093,554.9741366534246,15.822857203298852
SUB00136,1,37.565756943502116,257.2977228410515,51.48073093036703,12.435475725750376,8.710268677634687,1.0,1.0,2.9137400566477885,0.500489188381862,0.5168355603655836,263.38119176616084,22.60267279220561
SUB00136,2,40.84985669191424,277.7707300444091,41.36764572242626,14.441942118065093,6.412751661223403,2.0,1.255525908997859,2.640200362931726,0.29793972222200127,0.26160919416713735,162.51822094148994,15.327153979589218
SUB00136,3,35.38304516330667,366.19128687038017,63.561463809717516,10.805648366657055,5.308178103923341,2.0,1.2053563413434314,2.586980044710952,0.2934954589420769,0.44053169068175635,206.68740639001126,24.778801357166877
SUB00136,4,38.36622818458102,322.2959361062329,31.466997796659616,12.687019433416216,5.028866300853473,1.0,1.0,2.1478785704559473,0.3755609096805591,0.5943947334874475,138.59930762023654,22.616294642400803
SUB00136,5,34.20647634844869,203.43271518245515,64.17513814481683,14.220228859968115,8.165462327265764,2.0,1.1560236532076456,2.25859302223281,0.5272456469182961,0.3063859789659835,132.4283557435915,10.910753492422591
SUB00136,6,32.895187154606965,279.9912589307621,35.081820684725955,10.263817970156786,5.713880375228511,1.0,1.0,2.304477424860159,0.37591522841513286,0.5102962489525804,199.58665963031396,27.76848883601238
SUB00136,7,36.66654436129932,213.27585277368593,64.13331910044013,13.621910080235601,8.940316064003282,1.0,1.0,2.433750916506416,0.1955872177893579,0.44184597284148536,274.7968316910402,23.69076599258814
SUB00136,8,41.304992691164145,306.82130503644413,41.65973090666213,11.383641620437492,8.500654525877271,1.0,1.0,2.165363412862919,0.17843309160984205,0.513836844683601,213.46426553906758,19.122004018745752
SUB00136,9,31.74318978225385,365.8300074896474,37.67223384318666,11.190040768701554,5.255031563809547,1.0,1.0,2.384464995268655,0.36494517007479976,0.36202243305045806,154.6756274499158,25.300213083903927
SUB00136,10,37.06019538558072,264.5400338596288,32.54305622902687,14.216320429170045,8.081707655677594,2.0,1.6033505532601482,2.012987044725053,0.24353199387163552,0.4633765210487554,86.58121664386881,15.54457496924412
SUB00136,11,43.628514761589834,341.7278605054711,32.630962362005256,12.211958501111058,6.222765579267543,1.0,1.0,2.009303733727574,0.2692009457795936,0.3425284989543507,149.09338990113196,23.772383957586598
SUB00136,12,36.700224462736976,367.98370671120165,36.441189900897,14.661231375520238,8.781199068074578,1.0,1.0,2.160991125523776,0.3432724953752453,0.2915760415736097,194.37869023516208,26.33567113892846
SUB00137,1,1.6287466145589633,1505.2843173410151,59.98872676762953,0.27264757423382724,0.9923346940706774,1.0,1.0,1.8407851899402021,0.48790865607859024,0.2612142008277954,10.791634319512376,23.441851410509965
SUB00137,2,3.7388940999648654,1638.7108097124317,79.51300645759879,1.4816993105902982,0.6990922389460084,1.0,1.0,1.9366403909244767,0.54889606454007,0.3655656811200065,29.447316365216476,21.850259336614126
SUB00137,3,1.5129120258657,1584.7379325980362,49.25514484186384,1.7335795734693922,0.624553882785307,1.0,1.0,1.623941579046508,0.2133518633127104,0.5519937810344187,6.572273770229214,24.242446580349995
SUB00137,4,5.111782865464475,1540.021935631567,41.49722129462515,1.549268227899621,0.9095921738290201,1.0,1.0,1.4540323047400636,0.38839039649862794,0.48119252907553445,21.308673661589687,18.081061288334656
SUB00137,5,1.2825013405242576,1673.592712458293,50.38183752964591,2.1248439636258953,0.016298237367275592,1.0,1.0,1.7665204539256014,0.20741628984833388,0.5223862760502778,7.654531918279667,24.858591474497842
SUB00137,6,5.363110030955109,1615.5648440997304,73.78292997419157,1.790886645431937,1.4690444326342331,1.0,1.0,1.2553582256852942,0.34699356840512374,0.5827315263103252,32.500249643893426,19.7112269041034
SUB00137,7,0.0,1204.7477297390265,57.2040506232518,0.7176705422126254,1.4114133121815833,1.0,1.0,1.979953026568873,0.3348471091863422,0.37219965737528443,1.0,25.49233373021437
SUB00137,8,0.0,1771.8328415596795,70.55123259064538,2.425839314259884,0.13687195136158936,1.0,1.0,1.1324052642086082,0.5432011967263238,0.2597523241931273,1.0,14.198250648841668
SUB00137,9,3.067529885578683,1274.1888986318336,69.37207314079079,1.845256187949564,0.4938089101153741,1.0,1.0,1.758228977354848,0.2601619677099652,0.5399211645129465,18.71810739590274,20.90829041733224
SUB00137,10,1.6265076423829816,1361.76836394907,71.08625334611538,2.6644685301128703,1.1904714766626552,1.0,1.0,1.2465834250672072,0.5112592649695463,0.4404127472059935,7.950523322108628,22.866693798885187
SUB00137,11,0.0,1265.9818150312192,71.4290003117172,2.7089013421397556,0.29409359880089897,1.0,1.0,1.2399081251342068,0.3960309482103105,0.3978373103612486,1.0,24.784547611081468
SUB00137,12,0.0,1245.112555132926,65.50526900368479,0.22174903734828091,0.38731268582610257,1.0,1.0,1.8262125134530929,0.27493656017457824,0.5962002849335,1.0,21.699216064504608
SUB00138,1,66.945745864136,738.3800303332873,112.3371535414731,4.676997594207429,1.515193699585796,4.0,3.233948694315183,3.626791636894499,0.6105448032440601,0.2638745128344794,438.11084712923014,21.093551398386012
SUB00138,2,76.1603713234997,606.4876449500775,114.56409242837859,4.343825199180047,3.4678564944690287,5.0,2.870560612261106,3.9746756988819483,0.5172444308238137,0.5577182171826623,557.9908554028863,18.72896671839685
SUB00138,3,58.680477428627164,632.3079049401001,92.48207780297335,1.6867004840576274,2.7327686518485397,5.0,2.6904082976828723,3.406635406200813,0.5573294206933574,0.28801748553563994,314.5973835771895,22.044255928022594
SUB00138,4,63.06004697638272,777.6254449799093,68.10498939324737,1.6460894885520376,3.3010616648810926,4.0,3.4764528691372663,3.7081107361279035,0.3653979079169446,0.33945628260328303,378.3613036021708,21.516233543477142
SUB00138,5,67.10496559449298,568.1326437032076,98.04315070232403,3.8395551003911894,2.115673639678591,3.0,2.8048782155830567,3.806002295623683,0.6377501738249503,0.5762789932371475,178.93377997170754,13.769532287146475
SUB00138,6,74.4658988741341,626.2852836967674,90.1108543990504,1.3834670225822863,2.813720100728964,3.0,3.0,3.621386236362313,0.42187768743852183,0.380254268122067,557.600531700406,19.063413238185426
SUB00138,7,79.01604169207444,634.1037870931602,67.44515982346846,1.9260733794193965,2.3440088244226756,3.0,2.6022093080977036,3.61154301060712,0.5652298144399373,0.5253586492922226,367.50772786614317,8.87922068409136
SUB00138,8,79.20027804148565,505.3236701015061,90.75553986690471,1.533693174159703,3.3441999422144857,5.0,3.4240294653358454,3.8008695121758835,0.5411301776014624,0.5892037999023099,312.6748545120477,26.31285594367938
SUB00138,9,57.23927938264899,613.6722015880014,104.24124036390214,2.1865280464559227,2.6628793316858816,5.0,2.680684426822172,3.9519325974575743,0.5592759531263126,0.4352189413653337,340.958977795146,20.99956212280518
SUB00138,10,61.85995402886743,631.1745097978065,112.40829892872759,1.77086395732763,2.3401858037980974,3.0,3.0,3.4115710696455466,0.2677418110007359,0.48150098689745935,171.66812999260006,10.09003008451897
SUB00138,11,76.30243779668488,473.7483742386454,87.13956517403915,3.541302905760189,2.3018702154518036,3.0,2.849120367845704,3.6310774200180806,0.4996743549309296,0.35612266779010054,206.91139366256814,21.650341678000565
SUB00138,12,63.99937314286825,647.0742323171017,74.48989792357898,1.9335867605855437,3.044512249323787,5.0,2.802068886722434,3.987344912092388,0.5113537093541279,0.4899369113514123,149.16627990404254,10.099450674646024
SUB00139,1,2.970870527966182,149.8945763065203,28.764217949184918,0.8037772917919375,0.27658313845245064,2.0,0.766267730306197,1.0,0.37827506795046306,0.5802912517266506,14.94293004336263,27.306951673227182
SUB00139,2,11.05605672986967,126.96672667653482,31.64951376542104,0.6150884835480778,0.502189880007898,1.0,0.6965729331461956,1.0,0.4563965294507609,0.472055910073671,51.28185641964322,25.571781483919587
SUB00139,3,6.310644043202385,149.3804177427287,29.433068728646077,0.5590477055845603,0.9798151998883223,2.0,0.8187225634512236,1.0,0.5241351729062985,0.32049575790516077,32.143317239613616,23.810438803873446
SUB00139,4,9.051042150738667,133.7593882360342,29.220594733588133,2.0076985831575436,0.3540828310372919,2.0,0.5985665479029225,1.0,0.21623001790060903,0.2518133507381002,41.968384739345176,9.52840562626067
SUB00139,5,6.096191900001469,46.78035834871195,15.733566552182198,1.7849109795467748,0.7129846892242139,2.0,0.5108615872654765,1.0,0.27994551014212427,0.3664467759545147,47.06662878146906,11.291192603082077
SUB00139,6,4.170884844387947,136.22790596056282,31.201463568905666,0.6085722497858387,0.5945603696152435,1.0,0.6512877910421448,1.0,0.4441248127521725,0.27827095190712214,21.024951556970283,8.69276129962627
SUB00139,7,8.219527860922417,127.62757607422455,28.71791179300927,1.5012063744430377,0.33802790654458514,1.0,0.6726072248792331,1.0,0.24827633246672293,0.5374438401792896,58.91655913022884,21.326687904157126
SUB00139,8,0.0,140.16405851575422,23.48466878737642,1.4516380260261217,0.0701691754423982,1.0,0.8234675257774159,1.0,0.2489365370003948,0.5758077051416398,1.0,10.586357457189019
SUB00139,9,0.4744411804140367,150.90130460284806,40.64826226511053,2.8352592706814983,0.7753124251834567,2.0,0.6384831499759291,1.0,0.17907792299264017,0.2533082185520253,3.4388385439048363,13.890955607126433
SUB00139,10,2.4726885591585863,160.188090763435,20.373562632302722,2.6006668238782478,0.2606898862442868,2.0,0.979609723639024,1.0,0.19965695205365827,0.35939502405394075,16.760352135060426,13.502947208117657
SUB00139,11,7.679263514315384,142.7364675095054,43.03714370028132,2.152964812039956,0.19519455742009384,1.0,0.5063632747253124,1.0,0.21899856448827043,0.5855048363821713,52.6147243861943,22.79050251042961
SUB00139,12,2.976923421351451,126.08463477863688,31.556659819175408,2.857130476896331,0.004547449535732939,1.0,0.7304660746615184,1.0,0.31130715101944784,0.2889053259557388,7.878721101357162,22.252220337281436
SUB00140,1,118.63635221764318,435.7697861845926,43.66267876040256,6.689209283486122,2.3158312104472056,1.0,1.0,4.893169659343908,0.5211435644226383,0.57628517525087,906.9520680566872,18.250661088047828
SUB00140,2,138.06164624499638,396.53310374819813,53.81868545632742,6.114126398200114,2.443742986840891,1.0,1.0,4.624077917859276,0.5210908410061139,0.43033449933525,413.28912587015725,21.949125060796188
SUB00140,3,119.14552267721344,304.0775458883698,32.93514353343907,4.197272010737809,2.9061320593596864,2.0,1.178833808355415,4.758915696787563,0.3913789754488427,0.5882437117464271,425.6801868035759,24.442948451761882
SUB00140,4,126.64117625917642,345.310101230238,32.82964147589348,5.6521492033496274,2.855150956290947,1.0,1.0,4.778896931719906,0.5252682038501708,0.29564201370389265,840.9957935890601,16.46964629762514
SUB00140,5,130.22969800875754,418.7392700391789,53.156534260405074,6.319279819925339,2.1578207697196863,1.0,1.0,4.161371142525911,0.6410304870254511,0.31808748934416503,301.64874903360106,24.870938055274635
SUB00140,6,120.15649505004951,452.86997246372346,36.68744118381295,4.397884021396825,3.1159699161808785,1.0,1.0,4.478020933093106,0.6215661086299943,0.48450612390004144,732.4216466895839,17.729335639788353
SUB00140,7,123.38236462306466,439.7347845165104,33.310669731260596,3.9924987121086013,2.461523168838937,1.0,1.0,4.791664483373597,0.2562166460640306,0.5989579561665485,629.4516300434601,17.517747030483513
SUB00140,8,134.06049153177784,421.0538905378494,54.44582526639296,5.884488668490857,3.6729052405254983,2.0,1.5294449662944212,4.45017123147524,0.3799528520538351,0.5714539806152895,937.7477195422899,26.141719038370113
SUB00140,9,135.45953822304557,502.40599747885295,51.32698949714805,2.3342865683315726,3.407881008658256,1.0,1.0,4.2998748935937545,0.5969170628250879,0.31749175992203393,609.903830033315,13.209420575046124
SUB00140,10,121.06147920779675,522.326616252387,52.85600025841005,4.23159654846375,2.0526350723657827,1.0,1.0,4.004274987197706,0.49188325612107053,0.30768908911921383,648.728893903792,19.47045404601947
SUB00140,11,139.76178569636932,499.09811143707975,32.44467742948039,3.412318937756498,2.924922583315328,2.0,1.2320967198575414,4.105643126075053,0.32417202878412943,0.5942995430948875,541.2438050295367,16.58568910201396
SUB00140,12,120.76932360247233,382.25700469729014,41.823548061805425,4.798270040550791,3.937265519557112,2.0,1.5148069903799448,4.940507708528319,0.5745551190479116,0.37889450379447037,800.5145125627013,18.117046680022156
SUB00141,1,1.7465850903344329,55.90001969069755,22.74994515098235,0.31993843686014206,0.10154293952169163,1.0,1.0,1.0,0.19102516974888673,0.5548819998480927,7.286947333270849,15.369346497826069
SUB00141,2,2.66126810645708,79.74177239558173,12.20356076863504,0.20393400011629917,0.21158210564516267,1.0,1.0,1.0,0.34848947908410643,0.25857632664842434,7.935618880247128,18.827487198609976
SUB00141,3,0.0,74.88897763327594,11.283024072161327,0.42616514623156215,0.34021846931530275,1.0,1.0,1.0,0.2948767369307922,0.5728550350333644,1.0,25.28502810335695
SUB00141,4,1.6415418782684126,31.172009826878348,22.717804348766933,0.8566400877906855,0.2627688208862566,1.0,1.0,1.0,0.4555009982847491,0.5154414671859001,7.502986961861057,23.925757486523107
SUB00141,5,2.3837390032125794,72.49495793586883,20.56900639143974,0.8667041747140797,0.34291262653297183,1.0,1.0,1.0,0.504938758435821,0.5779538990048979,10.51798795491073,26.26753788080601
SUB00141,6,1.4482849299445444,53.92403339976704,7.278327406222651,0.9621780736010442,0.13318818491420142,1.0,1.0,1.0,0.2892889280851742,0.3855910360248043,7.673852713860168,20.533290981938567
SUB00141,7,2.468343473809483,84.3435264772481,11.780069821656715,0.6430286360315904,0.45182383306020124,1.0,1.0,1.0,0.47386115647949123,0.2803240784315794,10.323666789717336,12.774770677910332
SUB00141,8,3.0697824751892426,27.279388271107674,15.75324647792737,1.0159105713451382,0.013669198984778808,1.0,1.0,1.0,0.3631694391987219,0.35103226934216386,20.387786453111293,18.537707660664708
SUB00141,9,2.5208066395584106,87.71981399385186,22.09647000492177,1.1140523813487433,0.004865793448779077,1.0,1.0,1.0,0.24970598545061834,0.37856653618242,13.383861460818897,18.052289326946408
SUB00141,10,2.6128927396439505,68.23312854533467,14.398329530464872,1.2589270681292168,0.14116556088049864,1.0,1.0,1.0,0.42503426374672804,0.3468521118066008,7.262516632500445,8.85061848968748
SUB00141,11,1.4166661759434884,91.10674217005968,20.537188646522345,1.2236847786018186,0.37040522400064113,1.0,1.0,1.0,0.32300603493800273,0.26137674311561676,8.29866379925918,25.950360659430785
SUB00141,12,2.2543567089930683,37.56433487954338,20.28480269381148,0.9465524328603299,0.19843188741430579,1.0,1.0,1.0,0.22811348618996163,0.5933114124420558,10.573062845909053,22.668609115481182
SUB00142,1,96.31591655287595,194.76170392578854,35.49952365078929,0.6669253450702285,0.4674308622826458,2.0,1.7445897093530576,3.01177793143204,0.612586100501642,0.4922192276655203,531.6243966962026,12.746632862055913
SUB00142,2,120.81507932941638,241.35437599976402,26.416600980575208,1.08322388265646,1.0682827753295778,1.0,1.0,3.4636910399252563,0.5015840721265425,0.5817833113726604,564.9702167742171,11.40692414781987
SUB00142,3,111.27768128895916,305.06735081371596,36.378593090914926,2.078317098489633,0.3587933401373156,1.0,1.0,3.0884174241178846,0.6410888734366798,0.3601137670500666,371.0407458195861,15.174980044709523
SUB00142,4,101.16375731308801,226.7627368638478,39.33048713816804,0.926744696380265,1.1035689140681328,2.0,1.918508884407451,3.4986313344032243,0.2915813192540827,0.2635320299738945,315.77834116086643,24.58423293692768
SUB00142,5,113.56291596973844,174.16581926172634,30.60091079164124,0.6731215713976717,1.0810907614608247,1.0,1.0,3.3383091954350146,0.6499640654775324,0.5245941011583402,663.8614528984964,21.74904880983719
SUB00142,6,126.7554045680183,154.29750046506686,21.28175880785891,1.8071306703815413,0.47800518834762984,1.0,1.0,3.170981914737895,0.31348840450423576,0.4046764134891287,344.22468065811324,20.83023706182841
SUB00142,7,127.91934556890075,254.65082849702623,44.63968974770404,2.3704462346868906,0.3450100195144461,2.0,1.2586890944161473,3.08169882710586,0.605368931667152,0.31482037856743406,429.7651924729561,25.763167114938078
SUB00142,8,127.41363041194278,196.1334874879137,44.107916626926134,2.1107738222865717,1.0118693133612018,1.0,1.0,3.4352983550524088,0.5929208254276488,0.4968986359406752,372.3849186761433,23.10426384510606
SUB00142,9,118.15090691568466,230.8969823142249,44.79745611910395,1.1621128543632038,0.7959531295112143,1.0,1.0,3.8542530502887136,0.41542888545261847,0.3449451787764779,462.79525405294277,21.06276062777802
SUB00142,10,108.0734294982644,166.76424371578128,18.344080767859296,1.240533560423071,0.7967622766115527,2.0,1.6586881370503725,3.7890447785770953,0.3713783701656026,0.29629006787594425,698.1521925075226,11.071579560385914
SUB00142,11,125.09867213857757,209.17932178129084,28.120149556270388,1.5519593002165293,0.9701509256134591,2.0,1.7059431948531236,3.334870103160725,0.3505576299438524,0.47114474961478237,821.6140913059536,22.3477206343887
SUB00142,12,126.36556456560352,242.90944270985696,39.50871235864827,0.9948658086241747,1.1580428426206872,1.0,1.0,3.9985056777065666,0.43393964122706363,0.4365444841288454,992.2184171974344,22.927869777164105
SUB00143,1,45.06549030686615,255.52167372853793,30.070928680553298,15.380220506251572,8.88055996709,1.0,1.0,2.3739895358032546,0.2939165639319811,0.4591463718296761,208.4089634819871,27.31146427108923
SUB00143,2,35.7249324137942,342.2386979724445,55.333388301822,14.12303473813139,7.700305702864702,1.0,1.0,2.0553364552660858,0.34885865675029637,0.5345783255068537,71.45998423533761,18.903064890092608
SUB00143,3,41.48270155118589,272.8220848141185,32.333895236340275,10.704815331134858,8.236822017414983,1.0,1.0,2.811437293846486,0.24669814445614144,0.5696168001528137,276.06853677162,9.618716756816445
SUB00143,4,41.527739067295585,333.40922627664037,36.018565483440916,14.198581932172507,7.354938872852532,1.0,1.0,2.502576902616266,0.2688460898503774,0.339327725880468,153.0756890028885,17.221882894880284
SUB00143,5,33.02711709999888,248.04224411273853,34.18829088188197,12.175875269760214,6.614870386944736,1.0,1.0,2.0331401004704093,0.32463545932107696,0.2814292289637829,157.6256162634986,20.303990202243604
SUB00143,6,44.08223618991677,276.58558890982744,63.51049881378053,11.290272416678404,5.503517569424901,1.0,1.0,2.3202578724699507,0.15153967084948605,0.5185221094036522,167.65433404731698,8.44298666533616
SUB00143,7,35.546119707203104,284.98953098294027,55.4105022276741,13.403385698338557,5.0896639442481195,1.0,1.0,2.103527289115204,0.2417203900256038,0.41987378056125807,121.32883851682521,21.181653024367712
SUB00143,8,34.19484144077008,327.26913521131274,58.293403812041774,15.31834546508967,7.678653919835584,1.0,1.0,2.0311857504966118,0.16125034455727105,0.3531840250202756,84.85102667333985,15.321559551099298
SUB00143,9,44.69052481446082,289.73743122673636,44.75611236038908,14.953937745576507,6.684235866931148,2.0,1.975601648944589,2.3109953178466536,0.28705705503639195,0.40044975570905644,110.94874432824906,14.57075253654076
SUB00143,10,42.99067465070945,269.1637872779482,38.227433476715014,15.675754523652362,8.679166973356478,1.0,1.0,2.559808650710176,0.3536399612321687,0.491336594795729,267.0128789731357,19.989150054524305
SUB00143,11,33.59196151571356,252.8787024911203,48.17549503483176,13.273900827369678,8.001053426421247,2.0,1.350752821851799,2.016486039956395,0.19531843999054416,0.34181377676972824,221.51419638235927,23.957786932974084
SUB00143,12,29.217085153997807,278.52391393395,46.339881860221325,14.092424017019578,5.282426235588623,1.0,1.0,2.9179569952625015,0.4013166255435068,0.5191337239963258,60.91003939404097,23.201260782107788
SUB00144,1,1.8627219869635252,1269.1275392696257,71.99456176474887,0.40434308977880595,1.2592899920535414,1.0,1.0,1.8824676416526258,0.2390567133396079,0.5839124904294521,8.676105300866167,11.097318238694442
SUB00144,2,4.08114845430771,1812.2265401365446,62.9253892742677,1.0376226440878402,0.17273393451124647,1.0,1.0,1.0011397380900642,0.5262249547392254,0.5910198348819449,19.60926794960761,22.51283165286285
SUB00144,3,8.962783154038414,1265.5284858940595,62.37969249025723,2.1039719386591074,1.0895876590363105,1.0,1.0,1.2370231660305726,0.3166080394787515,0.5158461185853486,62.63534231834632,16.025932096941084
SUB00144,4,8.436075517051744,1471.3838943600517,50.77143626112974,2.4563857246492775,0.5178644376878448,1.0,1.0,1.5921852121302549,0.4976888539703409,0.5372750390592049,48.12806560680326,14.962459965153478
SUB00144,5,7.171647189412188,1585.8818884428288,55.90069573665967,0.523533844419085,0.6922372844753264,1.0,1.0,1.993940338090495,0.41776231174238676,0.3318695451135981,43.489534164005285,24.569575851939046
SUB00144,6,10.918440330259187,1576.9940412111457,50.60450028657566,0.5484225623026348,1.339554807859192,1.0,1.0,1.7769219397291076,0.4971612078466997,0.43598818666128547,46.50599852918318,16.610699441966723
SUB00144,7,11.878644202553705,1318.6576656263253,66.2956030423571,2.2877216239807834,1.3775170399548635,1.0,1.0,1.3989373464707318,0.26721361242917974,0.3070403492771434,26.227491605150075,13.288163301226781
SUB00144,8,9.889320939712881,1660.3904157156082,44.642486266548474,1.358913356206242,1.1147635456361897,1.0,1.0,1.7953815333122742,0.4906923723344113,0.48329074690956947,44.329502726405465,26.683370224384156
SUB00144,9,12.38578097197591,1726.2566052977586,69.8542906290643,0.5284038365701696,0.9239909531851636,1.0,1.0,1.5128711408814994,0.5482260056339148,0.4082718348563483,34.433202350872484,22.193676086421654
SUB00144,10,8.427223166169352,1376.0527856245199,67.51977824640304,1.2719701084055968,1.051358096743047,1.0,1.0,1.5853274758164142,0.46776167541616875,0.3242447789523871,58.23139463278086,15.098612635899622
SUB00144,11,7.082259062147968,1209.3361477509004,66.99754501197377,2.3598568056510505,0.5714630054841372,1.0,1.0,1.3483516302375094,0.45917640413381666,0.5368803644542253,34.921106427770546,10.408378331424446
SUB00144,12,10.600344766224694,1631.0317210695482,76.47697246192251,0.47124302757373226,0.7772130116374609,1.0,1.0,1.3294069243642568,0.29383989141468214,0.37182060791525,25.176022136789943,14.191486308083938
SUB00145,1,49.197725920349384,668.4530564845026,118.3826006044388,2.554643630215322,3.3318039989209574,5.0,3.432841654946819,3.33890281071728,0.21287033294185664,0.29523081142963836,341.0009392768874,25.138967790813588
SUB00145,2,56.4740474241518,656.9163416928774,110.92863715986768,2.955164771634417,3.020153310406494,4.0,3.2165742163280036,3.7407050343885064,0.3745052305420069,0.3388074565250944,391.9618943966061,21.558660813968665
SUB00145,3,71.8375496160293,725.6612920994228,79.99649587744761,2.3817581513183033,2.9781844034961997,3.0,2.755276022081712,3.839633700637001,0.31232382371841255,0.5088042434414258,385.6505128443389,21.22917974803803
SUB00145,4,79.56282749714097,498.81426243981963,91.1782175608613,4.069008870980748,3.0588133650547755,5.0,3.4414286529781366,3.3826961199025085,0.6438391792973706,0.4447825409999149,631.7255932983163,20.63771903678932
SUB00145,5,60.76840035897936,610.9643382782913,88.70012423911984,3.7867333131726246,1.8475376333891713,4.0,2.5828684947139178,3.14717210553705,0.27646549079251637,0.4868057312363824,215.44758218323707,9.926980054429691
SUB00145,6,60.989636086709424,651.6549985656259,103.99167964050386,1.5519932468665345,1.85547238263482,4.0,2.862360403298934,3.0584473373940284,0.31683152273080306,0.5086495178188437,270.0864122454177,8.137976755871826
SUB00145,7,70.38030256227286,765.3403648730477,111.42994426147052,3.216304282038037,2.0235399668249707,3.0,3.0,3.703589799299052,0.32661196424212946,0.33841584399964764,521.2837444296213,17.43369720014246
SUB00145,8,67.6429342030614,531.3387170470081,106.44089730237602,1.7887081359596175,3.2936386177131425,3.0,2.6573556473001165,3.41095519138061,0.5693563867305559,0.4092470600329924,245.09711356264154,16.40590072176465
SUB00145,9,66.15204909530968,751.2157640709227,102.51237653584832,2.9809743887750617,2.650521274250943,4.0,3.1122975776449784,3.6115194562185344,0.3625194316956588,0.28425990127140205,207.46046904788201,12.32410185094316
SUB00145,10,57.01813511775243,578.0585138557044,90.68287340670571,1.9385131403266254,2.438920911704047,4.0,3.047389711150219,3.304066573855389,0.47847355978114026,0.3106263046890968,279.12082796944543,11.872804041243665
SUB00145,11,60.55884958140206,548.3129213206079,64.388314945063,2.7462994161465657,3.127580864646406,4.0,2.741131878168566,3.7421064822594046,0.42293066182379746,0.3815875811648848,386.9211453676162,27.11114075639293
SUB00145,12,75.81170952381675,614.8959749418444,97.21432863702489,1.4941943547121777,1.5421854084017643,5.0,2.578820832534501,3.3293094125442018,0.32618146851527974,0.4229445466408045,240.29803100556475,22.724220728071977
SUB00146,1,4.58200459600625,99.6077772642445,27.905126532367,0.304738602337914,0.5273338162025535,1.0,0.9062897945753143,1.0,0.30744425230567984,0.3954049761354296,16.062230661498,16.837584057798598
SUB00146,2,6.594363582147771,121.93536136262979,28.800226527170352,1.2242460031110234,0.6564860352341393,2.0,0.7323594596427951,1.0,0.4032899969228253,0.4370795515834387,13.413644083214972,12.137133890567776
SUB00146,3,2.293398636620182,60.00265854314305,43.42361997009549,1.947190687224062,0.4951408554197183,1.0,0.6493730276834759,1.0,0.37957447595235094,0.5054945857553639,17.926250817720234,27.95018696207544
SUB00146,4,6.305407756363925,117.97722122866764,32.16434676795357,0.4390269067118321,0.5340403032753512,2.0,0.9188002163468141,1.0,0.3783466165222672,0.44811851453634266,31.932533879304273,9.161310951323442
SUB00146,5,8.910123391444426,112.8156750184444,44.5176650281896,1.3565609653087107,0.4875026786558111,2.0,0.8117835513512908,1.0,0.21092306989223347,0.41530704437164623,57.144925305558075,18.027884171596472
SUB00146,6,7.595689480499484,82.50427193671403,36.17503592179965,0.3507040091966547,0.8685077463989198,2.0,0.7902529122285522,1.0,0.498547678485173,0.4449410163452088,59.48548204535645,18.4193731647649
SUB00146,7,0.8550969032076305,101.1359983461378,18.1610573323222,0.6863019115005569,0.8814635952967479,2.0,0.9296945920624337,1.0,0.5080627666332324,0.5420308563232422,2.373385497295119,27.20941274070057
SUB00146,8,2.3136030324555694,75.99233168108715,24.14674802258702,0.0,0.30353532043701503,1.0,0.9302485931273756,1.0,0.3805809710156872,0.5946952926020339,11.300225879296205,9.341970258688763
SUB00146,9,6.55316859181425,88.59418568439254,26.076628094493856,0.0,0.9095326069076414,2.0,0.9704564242096243,1.0,0.5262236222443185,0.5580820282762828,31.60453629831204,15.699233239158508
SUB00146,10,0.0,63.27317466901536,26.163403122488667,0.7901768590828726,0.4245197006337347,1.0,0.6356099871189436,1.0,0.43284016637680356,0.3907771282830964,1.0,17.166672858261002
SUB00146,11,6.82659377778379,140.67806840301853,28.02291353525196,0.5638045680755964,0.5874184757689007,1.0,0.9993247559573971,1.0,0.5081213954057081,0.4220304763313124,22.7750853686935,10.255974637346059
SUB00146,12,4.171338034565183,126.75119439480513,20.17721097101479,0.8671678076401546,0.39187090590637974,1.0,0.817800117584047,1.0,0.3942421183401106,0.287712822168799,11.481166250895999,22.53407732871223
SUB00147,1,110.00321475374615,459.9250981102931,30.825872337203002,5.881161810390385,2.876359968017801,1.0,1.0,4.111455127605624,0.3890032350049326,0.5693516534082255,672.8675892825715,8.461862850156638
SUB00147,2,114.43876867497212,550.2709241579333,45.4373238972125,3.4091599116884432,3.6162582936762337,1.0,1.0,4.4283837985673244,0.4850025494235892,0.38118363699876934,373.08859636078773,21.339790391809995
SUB00147,3,133.3180433018476,428.5541911774955,41.40247097714679,6.169478539939054,3.841398057923764,2.0,1.4584156738072411,4.173449395087779,0.6148740345592919,0.4807187697494386,994.1323412262645,20.35044910133812
SUB00147,4,126.05429755252935,391.0040578459516,53.26910671563405,5.897850573892216,2.8959818147957757,2.0,1.3511884102937892,4.981317769423979,0.5464101436422543,0.4336621690435732,904.2879993162271,8.461116652189673
SUB00147,5,140.81502971254875,287.03784521933966,32.07819623422805,5.1474578060215475,2.4241844796327445,1.0,1.0,4.822342874867191,0.35644909469164154,0.4663735921062789,796.4728898761747,9.123223133919105
SUB00147,6,142.80187244660652,338.23702733149105,45.07654865909675,2.380272868742543,3.0726605019149504,1.0,1.0,4.4039096531192845,0.3384913716823721,0.35256411408897625,874.5393108503312,14.745237162843694
SUB00147,7,123.53846347562138,441.4447293124345,40.17253478612291,4.741957001778335,2.026219127453307,2.0,1.8291215853386713,4.275436092901921,0.3769184367537428,0.43822560676726613,652.826136747567,24.219470170536905
SUB00147,8,126.12125064293896,429.0475481196733,54.81493768912182,4.649687904645273,2.2661360222987526,1.0,1.0,4.165017436179487,0.43387091623501295,0.44610581745642447,416.35952447218773,22.64962865979789
SUB00147,9,137.76969907282498,535.9517203816358,36.63802774080784,3.6696049616989144,2.812591686521049,2.0,1.7240222856300405,4.599506067117565,0.38847397461246447,0.501227393720443,295.55224580902416,12.61739698697594
SUB00147,10,123.39515386977183,318.5020319336219,35.45686649970809,2.4394831475927052,3.652532937921656,1.0,1.0,4.053954420188258,0.2662528046052633,0.40478506179410245,529.5031767435196,18.914970373026573
SUB00147,11,139.04040631517196,333.72130237618353,34.13267341267506,5.178276665956866,2.5787399665717867,1.0,1.0,4.979626780784149,0.37730920760707876,0.5796537690978742,449.22302281831276,10.259162346728026
SUB00147,12,134.85932131907393,432.6748616635341,41.81365830041885,4.755216487479246,3.3723849996517483,1.0,1.0,4.956758905091539,0.472951936597944,0.3679983216083334,983.5698277292248,21.200697412586074
SUB00148,1,1.950531395265653,76.84441184530664,21.485234707670887,0.09546303723733705,0.1768565138164035,1.0,1.0,1.0,0.3992567545199538,0.33626618198215974,8.473925742926792,25.1782474841438
SUB00148,2,1.9485850971770413,27.945896658952787,21.789143680281487,0.5268248099279864,0.08628640918286962,1.0,1.0,1.0,0.3322735806688766,0.3520675169533511,12.96580801368221,23.8689184185185
SUB00148,3,1.0159308618212541,48.06561840355379,22.995117827080367,0.16258738133065037,0.30662611323159017,1.0,1.0,1.0,0.49930037305389396,0.5429853093651686,7.346304663867725,13.609182999074937
SUB00148,4,2.1422466716394135,33.412236657928425,19.301058949227148,0.4389251726149871,0.40374631681277057,1.0,1.0,1.0,0.4955451087097956,0.3411824342000099,13.350144425193426,26.768344034226047
SUB00148,5,2.491405820908051,51.46786887897164,17.362731644444573,0.11728200833920338,0.40081114379532906,1.0,1.0,1.0,0.47868330591672226,0.26242238929074346,17.554665608145925,25.18115415355969
SUB00148,6,2.4977118432206975,82.83305952602387,16.9589745802677,0.0,0.37361104893947794,1.0,1.0,1.0,0.47429799961826613,0.5445957962928306,10.325174709494947,14.19307467837054
SUB00148,7,2.1970166758148455,80.69709421883128,13.668110018737757,0.0,0.3548942085121513,1.0,1.0,1.0,0.38247916148260774,0.5329215465424826,5.763407550958727,14.607723846554766
SUB00148,8,2.608494210589214,79.7720481707857,10.378801276797283,0.08220977649405903,0.10114709689526968,1.0,1.0,1.0,0.2108992114701528,0.37092947330186904,18.65104471058922,26.948382015955623
SUB00148,9,2.765465690784403,61.04310497150198,19.826328882209072,0.0,0.13285006127899213,1.0,1.0,1.0,0.31089161896385553,0.43002349257304956,22.056968879437843,17.607247888588876
SUB00148,10,2.5344456221308036,35.084769667750344,21.681363337747936,0.0,0.3482536161980655,1.0,1.0,1.0,0.3428314781393511,0.4429516935278857,13.738785416176752,22.19596117777754
SUB00148,11,3.038987896147286,45.51080578544704,10.262198231630117,0.0,0.15109814642462943,1.0,1.0,1.0,0.3059321013911489,0.37972921593058895,17.633786566558914,27.748578722816006
SUB00148,12,2.1992186851434887,93.46949663097074,10.638947682387833,0.0,0.4233252882416551,1.0,1.0,1.0,0.43574766554314726,0.4041938801009897,6.375944849185769,27.169933311075916
SUB00149,1,119.56299033460328,261.84090906243864,33.907862053635796,1.4082145042109733,1.246727064820264,2.0,1.5397087443844883,3.0448288513602177,0.5195271778423853,0.4248941765973412,624.0880509714555,16.230506777433284
SUB00149,2,97.64825838608488,260.6732064918686,33.83180079261281,1.1914597105901477,0.4208569551503649,2.0,1.88018639382344,3.9413061836193686,0.40470219254951156,0.2661528381415746,547.356591490954,16.351516079073644
SUB00149,3,111.46884429798878,253.74392803880735,41.77894160242386,0.5007430734228406,1.3844174785047878,2.0,1.155336063473134,3.714294996009979,0.4749302051621693,0.43711599920874944,277.7744101314385,11.281524106959367
SUB00149,4,107.08565739512238,213.37679691392097,37.006451090152055,1.2512365646196222,0.8366682258917422,1.0,1.0,3.1584560818984473,0.5351659440252489,0.40830063067465383,587.7678682127195,25.255891810301552
SUB00149,5,108.1606793819019,290.66963203924945,27.195705668531097,0.04543959628313354,0.7814561428730562,2.0,1.51328091159407,3.7638468108090826,0.5891166077716223,0.2703520052243352,600.6566008376682,8.865363070950217
SUB00149,6,105.72501985325601,283.32319203450385,29.9471377039437,0.0,0.36646421110771304,2.0,1.526560825605715,3.645937361744546,0.31500140257888254,0.316138992409676,321.1861457484516,23.098741040490076
SUB00149,7,105.44816068363792,190.9272010563389,26.078971997063434,1.080512373814906,0.26228909547849183,1.0,1.0,3.6969676809816545,0.4353443977560054,0.4463026877521592,371.6568809526787,16.07376122448033
SUB00149,8,107.47460823939834,283.6065971680805,37.8674348373393,0.0,0.1595689364196854,1.0,1.0,3.9005545415569336,0.3809558153135699,0.37432629076669977,279.2731726959485,9.319648925636482
SUB00149,9,103.9280459902266,191.73389416773352,20.34513977903527,0.5356662395412519,0.018722517329476107,2.0,1.5850544543209475,3.6922981298108346,0.4534797976765256,0.5744212066975236,306.5201155948554,17.47102920101737
SUB00149,10,117.07951284058643,201.85610329136998,34.69448599950907,0.3096559401495371,1.1008774560991728,2.0,1.7726170718795715,3.0357329524022543,0.6231069161658197,0.538102452580333,682.1013841463674,9.375089440628772
SUB00149,11,106.95229813324603,205.09483374394094,41.28415121677324,0.2749745666209247,1.4538546315437646,1.0,1.0,3.6838274411528538,0.41319804522080994,0.30431545163269486,611.0193591902714,21.96204570461519
SUB00149,12,108.46945160285019,300.70288225561995,16.807072819784374,0.0,1.2207088201963334,2.0,1.0234879281694225,3.144828881714129,0.33449797034690465,0.4697145068012547,533.2745645516927,10.044135851977153
SUB00150,1,31.834835987315838,412.6944009201616,35.474271187319005,13.531856099900857,8.582242445046639,1.0,1.0,2.642292041769435,0.34745373538291513,0.3397912548521417,187.77025582745307,25.969716680224433
SUB00150,2,30.769793042836,390.3396332338855,31.255460559299323,10.721372782209642,7.800482040583811,1.0,1.0,2.5638729386748196,0.4246131939136435,0.30487658597666717,145.79632732678917,19.24070396956251
SUB00150,3,31.472863702908832,385.5032222856967,41.28690907419613,15.179245417488413,8.92648869393824,1.0,1.0,2.142280802438707,0.3621402799563628,0.3894045365753089,184.86031344224926,9.789817527462233
SUB00150,4,45.71111769287439,244.11955697306126,58.06784512568537,13.413354968087248,7.047466323214945,2.0,1.4716001930809426,2.4878662551312125,0.2514845863642535,0.525433476945616,260.84956486278054,15.407369154104677
SUB00150,5,37.35775258853961,290.9457360285843,41.5824440257246,14.756097733130066,7.091201197848314,2.0,1.1919395180923285,2.1897225385246966,0.17904441197853002,0.4047360473644092,148.94105526735828,19.210681049171534
SUB00150,6,38.086752066011854,288.31108227719415,48.80846646800509,11.749411340652506,5.263427455800813,2.0,1.247340517398734,2.658796976173205,0.4762034059536314,0.424995012224958,106.57876497714484,20.29095735097126
SUB00150,7,31.713316679633934,354.2097499462864,39.418333994940426,13.85301983366163,5.580368649717259,2.0,1.8938474925790576,2.829468365041426,0.26032527204001477,0.3393388086042113,139.13700907221957,24.0896633487526
SUB00150,8,32.1684810963527,350.5632364216849,31.956505410772134,14.52634884465184,7.230409303787751,1.0,1.0,2.5450056839714046,0.3155085609947833,0.5875481404236187,73.84545342679725,16.298560885134904
SUB00150,9,46.90620084105395,388.07074106392173,35.4809641125338,10.356881283306764,8.678895747233845,1.0,1.0,2.4565924689064547,0.31710387689652664,0.33087378861387207,115.21072915818318,15.631476151600294
SUB00150,10,39.43798479747395,291.1881375770894,30.700654091517375,14.030170242202091,5.641409537749066,2.0,1.6626227380676246,2.154055019027092,0.26504516582758997,0.5907819919835223,175.3601522242252,12.73544261211483
SUB00150,11,41.13378507209168,363.21407844247346,58.02951146618998,13.55204151797928,6.285613323510132,2.0,1.2544871352963467,2.9926869607245195,0.5341586856021866,0.42766722352465747,205.44871186270183,10.336407574084621
SUB00150,12,42.92958597267775,268.46879698192913,61.289483946531234,15.949216885626026,8.195348025228702,1.0,1.0,2.4256176652437174,0.26895850710772556,0.47931651855778906,181.43546179440358,25.81511913807781
SUB00151,1,6.3250504017478235,1595.624736173357,44.162377304208135,1.3265586316214772,0.3176902858372786,1.0,1.0,1.5369203034302688,0.5400451796646822,0.3584489892828212,44.25644896305739,24.76591744111154
SUB00151,2,3.0168789695907012,1821.2187148113198,64.2296170002428,0.24549564196373433,0.4002315485343117,1.0,1.0,1.699020934268665,0.465111356099033,0.313147573471332,22.420734508563225,9.211460688218477
SUB00151,3,4.198201161977586,1295.839938504505,79.02625448701991,2.682376603707381,0.2607016274496308,1.0,1.0,1.1891243388277009,0.5381786038174011,0.3081098601580862,27.20551501551514,9.020295329541378
SUB00151,4,6.115997965629842,1242.109478423867,77.02413572392862,2.2276095052345948,0.44648353117106737,1.0,1.0,1.461685440080537,0.42304216193761257,0.5534974038792022,47.474114118702026,27.931878080247206
SUB00151,5,4.314620082688611,1344.041446761154,52.02155000349444,1.4630769691391177,0.7885334389247766,1.0,1.0,1.049071954255472,0.15575947222975234,0.48292690437135577,22.770504954687738,17.654983261086365
SUB00151,6,7.368447603286948,1545.1313752748897,57.83414097847229,2.005116139213091,0.5237745843433557,1.0,1.0,1.5904741446776414,0.5303361313807543,0.4734421081516723,14.86877416295199,24.664687922778647
SUB00151,7,2.0656442478079735,1357.9565611786488,77.09962692023743,0.7290521145794452,0.8106030275088034,1.0,1.0,1.6761607680221033,0.2670444315338572,0.26071952239257723,13.664478807936693,20.503858205485503
SUB00151,8,1.1192936743787398,1731.8023076991667,60.489453157651894,1.3254464978526301,1.422785277521481,1.0,1.0,1.5105148327671585,0.30376302241888287,0.4962057924801163,2.3025812202575056,18.48555220458885
SUB00151,9,5.487481243841126,1487.5340960096837,43.83366800215125,1.2784475007729146,0.5097569010465334,1.0,1.0,1.4658248915320273,0.3245334941907687,0.42166517584951946,35.754122971551325,10.840334780628384
SUB00151,10,2.3440231500793756,1260.3088204659425,75.04006206402579,1.6894936322555423,0.3148146272661784,1.0,1.0,1.572120013034005,0.4319499132201151,0.5586620146737822,12.96329112229931,11.60568301404112
SUB00151,11,6.112508885613092,1484.7594944875514,59.38199335526566,1.6985360960553053,0.3711785983094961,1.0,1.0,1.614620253641391,0.49088163479543445,0.4652208194077697,38.85409026649565,13.8531459223771
SUB00151,12,5.441402290800071,1458.0193271555283,47.1889008647657,3.4843322493135074,1.0067127984852562,1.0,1.0,1.5843032414132012,0.19902898105167527,0.5736500651077368,32.43273761254663,17.441446977030644
SUB00152,1,62.165075866120446,542.1887490271646,114.40150601653667,4.9856535259132375,2.90802644295158,5.0,3.0598539007417025,3.5632530209641455,0.27589354435266666,0.49171917677804977,179.88425951588283,19.932238453056122
SUB00152,2,64.46229521544174,517.1127312037753,93.07026682813594,3.3715253936147223,2.727424363802867,3.0,3.0,3.2095570293494644,0.34536246146847605,0.44514643137745347,390.9704497100504,27.579908637708712
SUB00152,3,53.501907728810686,778.8773942117487,118.35411899860337,3.9814866618497673,2.350542975190523,3.0,2.666665184084377,3.7472423576095184,0.2582958115601731,0.3469010498085664,284.31208356379443,20.064100867656578
SUB00152,4,61.60928574061465,488.45482424110094,67.81362419924241,2.7894050889053372,2.0750445525813697,5.0,2.7452291167068155,3.491963891471422,0.31702796022162216,0.2559831386843095,354.45309453289616,14.755316115544653
SUB00152,5,61.77200737956418,722.1778535632,65.18440520086159,3.2379259535818483,3.4869738097437963,4.0,2.9855932927958206,3.9446436264444094,0.2933687775448598,0.5278376833088669,391.49418453125753,14.128757592906702
SUB00152,6,75.3417619641144,513.447236916874,79.70041812148241,3.558946535475942,2.8205896743332803,3.0,3.0,3.350531656857756,0.2771005068725587,0.5280373460400262,184.48289046083264,14.029291577513762
SUB00152,7,71.69094082011495,489.0669751600304,68.22833464576138,4.581041468003097,2.6188505606559174,5.0,3.4894113308848196,3.0904729160348667,0.48762080913909545,0.3077498362354473,362.7780641270656,18.41800291320659
SUB00152,8,65.74464507583842,796.9441944905946,117.51141941138819,2.9458119407143393,2.1103275408030298,4.0,2.9362360946724713,3.2461970286407977,0.5548482162023217,0.2804294564709978,347.6589482020813,13.787933450551373
SUB00152,9,58.470933273405564,644.9254081024238,104.76707376384233,5.027945935445885,1.8642480903444372,4.0,2.705504368376716,3.1033090850652187,0.2995415744565497,0.5800649417829346,449.0545706392777,18.158659950440544
SUB00152,10,72.5058504691434,649.3535902906017,118.01843611029364,3.2310398017990276,3.00606353373786,4.0,2.6859522160201736,3.302414815183321,0.5241020256627373,0.4230278537474643,533.7047499503794,24.74309397793141
SUB00152,11,67.02061127162132,660.7365317894375,85.53551182612895,4.063398022878299,3.2705614467157167,4.0,3.1116824730863812,3.0162259671865126,0.4026609391500229,0.5608316594667004,278.0954312479856,21.528930672410368
SUB00152,12,69.08218599110982,590.1743287549807,114.15872672548865,4.374760239793208,2.3394612550585347,5.0,2.9752421551737847,3.732096684605043,0.34591353900771904,0.4539664130364816,496.4213775969758,18.585990666605
SUB00153,1,5.468215121922471,110.93041850195702,29.256047134842476,0.7827769385874912,0.7419950763377208,2.0,0.6306539884079663,1.0,0.35720674126516816,0.5031974658697997,26.987783243060345,24.892719537466963
SUB00153,2,4.509916104696678,93.17741237185874,43.309256143079395,1.7156635343825046,0.05743701509047083,1.0,0.5846484885584752,1.0,0.2609279414443636,0.3940788548360543,10.237074518692017,18.750627464004236
SUB00153,3,3.875618680405664,153.607020770162,34.047566317032704,0.712907826714257,0.2891542319813366,1.0,0.9403380824386894,1.0,0.24652076185305272,0.29514782164806036,8.879442089890214,22.40715734429763
SUB00153,4,5.016426539485774,165.3145746651629,23.49992388439494,1.1762586876159618,0.4259416337643184,2.0,0.9446075125358646,1.0,0.2115473157424487,0.2515536638181516,32.98851097311706,8.317152406410452
SUB00153,5,11.481951185402107,149.2175569331872,41.83030807081029,1.8820621236530288,0.17306027251434075,1.0,0.7273291658684075,1.0,0.24290255566867228,0.39154953005524673,31.52008926091201,16.195392628485216
SUB00153,6,8.415724560653686,116.01816803654754,44.037535421984,0.27053803740993415,0.2992336812794977,2.0,0.7470389841055486,1.0,0.23600265185263583,0.4858608589498099,20.85156112663859,15.581567946212013
SUB00153,7,12.41357364437951,148.09231642191776,24.622108538264275,0.47728195604655854,0.969228048209102,2.0,0.916772721766647,1.0,0.2007711543416808,0.3191470408261151,81.6983759273419,16.177914194041676
SUB00153,8,9.50591527303763,82.72117358504254,33.90150827560656,0.9889429306597499,0.6157975641767212,1.0,0.891728597938948,1.0,0.24012096735977698,0.47418300976798555,58.99714090458427,16.267270242552684
SUB00153,9,6.636903832950181,138.76078339508882,18.41093486219525,1.7351919564855944,0.3253739638170887,2.0,0.5405661642662962,1.0,0.1816303262491147,0.38073531136798666,43.894666289814154,13.164993132683067
SUB00153,10,8.505611402906366,131.87716672286837,31.512556446697488,0.5405329264872916,0.22072289545616908,2.0,0.5205544087231542,1.0,0.32106713105476636,0.5435281791432997,28.33435557508857,14.756214096385255
SUB00153,11,11.428251853290474,108.88034455037567,34.532854603499466,2.274729961837039,0.6080703776507655,1.0,0.7944051068463842,1.0,0.487614552687078,0.3303592699517372,30.0263938480018,9.479506895584437
SUB00153,12,6.232224738636496,149.5340986094738,42.29852926626933,2.7152626890576155,0.4585004537961308,2.0,0.7299510220000425,1.0,0.15278073550517837,0.515501827754892,28.86417333648381,12.456986048044111
SUB00154,1,117.5339874516603,425.81669178932873,31.00822972020923,6.367704135684053,2.980051143718864,1.0,1.0,4.517598177429589,0.37502678377320886,0.4083276129629024,919.5881960382685,15.110617426468194
SUB00154,2,116.78076276500026,518.5182056215741,52.68634312574679,3.1965490476623906,2.587301901532177,1.0,1.0,4.134515166367875,0.27649386990253594,0.30426560870314556,645.8985067673481,19.393572225693482
SUB00154,3,118.63842541355586,509.6077193975094,40.99423291696834,4.552444405776894,3.8843050940375563,2.0,1.6177317865909275,4.927980194778971,0.4419276290999219,0.3247163523417995,938.6141116705111,24.841394562587208
SUB00154,4,114.65903527618451,533.9108739054158,47.409644788368354,3.3404995147934162,3.494733417336257,2.0,1.5021988004066942,4.042916131478337,0.34372680867943595,0.3244453356622361,872.742522989499,16.382999824525754
SUB00154,5,140.74016711526144,415.932655646582,54.32376297529338,2.951541771915598,2.8264636668580967,1.0,1.0,4.689119262108909,0.4790892539357121,0.3399166985950365,726.923933948359,16.099001787622132
SUB00154,6,138.82267260590385,434.12270185168546,39.3781762027547,3.173628614833702,3.666890468784012,1.0,1.0,4.458735189888544,0.2544694412800428,0.43502694219419913,772.8642895312595,17.030177510570688
SUB00154,7,136.87318379262248,365.423438664132,37.99033592300756,5.967325117233515,3.333222157527209,1.0,1.0,4.383053805784407,0.5037053592035451,0.43896625296909053,307.9059106320249,12.099565666834817
SUB00154,8,133.29025388456145,415.9197435602287,37.56995493234842,5.27082171666888,3.1480141300811972,1.0,1.0,4.678481123889816,0.5692524648227553,0.32723930109538024,837.5770950508329,12.877096025117421
SUB00154,9,113.44538766294356,314.688660771325,33.17933251939569,2.819699864979958,2.076396604548041,1.0,1.0,4.064966619782735,0.3999693120823823,0.4004421387791048,344.2464690939263,15.46023755772062
SUB00154,10,124.16120267203199,489.86810442590377,31.848851278513358,2.730964375521837,3.389528126823345,2.0,1.9132012771869404,4.5415058641438435,0.27948932512536395,0.5000346524909367,369.20992758821876,21.323890465035007
SUB00154,11,124.49586170338652,314.93403146863557,44.86357823140768,2.9350126119998308,2.7524608441628393,1.0,1.0,4.425356812008454,0.4267750401670909,0.3290803520735768,351.43376639023506,8.316815815939135
SUB00154,12,137.78595588781167,291.56136935308376,36.45809756442412,4.18482756434162,3.619488450884589,2.0,1.8962986382104763,4.2347461412195875,0.5145540584249907,0.5614409447299452,530.6136453549959,23.98903209894555
SUB00155,1,1.5983025656506462,62.51087768726889,11.526627393395628,0.0,0.38423889243382553,1.0,1.0,1.0,0.356269490833977,0.4908914690453539,4.223073592119749,8.456023023714192
SUB00155,2,4.580020172477106,43.23200673392068,18.001831446974343,0.020312468926929055,0.055354073537298876,1.0,1.0,1.0,0.43840216887601313,0.5353394650873518,18.552949153951808,10.78925165184865
SUB00155,3,3.8098053663292157,45.4981709212891,16.923349990637725,0.0,0.055067258810324926,1.0,1.0,1.0,0.305167923397216,0.4796794727669783,28.535846443063036,11.15928697224847
SUB00155,4,4.095057308353934,67.87691174407519,16.816850125683857,0.0,0.44508734938886263,1.0,1.0,1.0,0.2950994146198843,0.3916655728303524,27.1919394777742,17.10125513591788
SUB00155,5,3.745171456479718,68.76966107536266,7.458047331463615,0.0,0.34989818438689,1.0,1.0,1.0,0.5326312249739507,0.399421856295889,23.469153082819805,24.208762883425873
SUB00155,6,3.553388806902972,41.67836271936,24.38757121072792,0.0,0.4462104092965299,1.0,1.0,1.0,0.5033677381230297,0.3061717661173596,8.559252477220404,11.710937564364233
SUB00155,7,7.8366659064465765,48.03235115426501,24.19688856749785,0.0,0.4089597392372213,1.0,1.0,1.0,0.38437003610026865,0.2633905038542922,51.10996995628646,12.834301770998257
SUB00155,8,7.03385883608793,53.49935118281991,22.793494636016433,0.0,0.3440812595825358,1.0,1.0,1.0,0.5191235375316267,0.30120442906220124,21.376604252723002,11.072682175570339
SUB00155,9,8.384972311009985,26.57798763872197,24.33778846317211,0.0,0.0719805391665545,1.0,1.0,1.0,0.43662287871238603,0.29227467584264144,37.13536178934001,8.011127315356681
SUB00155,10,8.263440097266695,78.924986594116,5.47458059421027,0.0,0.3267163044046137,1.0,1.0,1.0,0.23041867838893615,0.5790572837927364,60.209482752562884,12.09752887525643
SUB00155,11,7.104131195624532,47.8407689182011,22.486947127655945,0.0,0.2670170906849313,1.0,1.0,1.0,0.26004300953202736,0.3718599969369356,52.07477124602189,14.515437943490888
SUB00155,12,9.992849343553868,64.72153377756213,11.080454424290087,0.0,0.20578107083226693,1.0,1.0,1.0,0.5300568701636896,0.5046235982469494,26.456667350139032,14.028446073136745
SUB00156,1,122.75492932840517,299.1635983058227,40.00126520785324,1.381415835387153,0.11569826813921213,2.0,1.8959106844563034,3.6653682391243736,0.6432123969416771,0.44825119337138175,307.89738203047517,17.55526343312547
SUB00156,2,98.24911201580227,179.7796122907201,30.348948149940725,1.4534543649851208,0.05732489201961205,1.0,1.0,3.6043783881926243,0.49677338837096463,0.3229817877613892,459.752005266318,8.123837771337765
SUB00156,3,102.63871565383009,189.04529458020468,35.227923004891466,1.3832670095111426,1.3133189431012644,2.0,1.5858651855186972,3.792669089994125,0.4401328707447647,0.5983083748856028,597.8801336769369,14.162131268171795
SUB00156,4,119.1618605123901,293.3079371073859,35.55142986494254,0.9679573280910043,1.0824295622341256,1.0,1.0,3.0965244620877352,0.5740337358013694,0.5510952341459598,334.32098258555686,24.2522458044664
SUB00156,5,123.28995663241412,319.49216892655954,40.2721705828574,0.5685080432946997,0.5071498773551288,2.0,1.7106859987905234,3.600518417973475,0.5077538422700171,0.4889233414294137,281.9702800496764,10.355667243128979
SUB00156,6,101.13815281091958,295.98197689409267,29.682722047032833,0.0,0.015395302509927045,2.0,1.8121093724157546,3.130597054234666,0.5673430955500278,0.3726461474869805,673.234953879289,9.00710684918023
SUB00156,7,104.59131593728786,198.38418503118103,19.55311309346915,0.4263299403906162,0.07091919623601395,1.0,1.0,3.6482177596804095,0.4344748584399114,0.519173435811406,397.264580281954,27.835084592099474
SUB00156,8,120.60475601119553,283.7794667228782,16.934840722619025,0.9256181720077192,0.5387594255976618,2.0,1.2324338595424011,3.4384258477151617,0.4522079865462416,0.30203245090687486,501.3676003870033,14.962929190728456
SUB00156,9,114.92072778159674,261.3613231791497,35.0101830523975,0.0,0.6998623339809853,2.0,1.0914353566326214,3.976442588765872,0.26269834262349695,0.5053875974125248,428.13108231260117,26.09433673832564
SUB00156,10,119.78199351494332,144.22881111602263,19.487747584994356,0.0,0.9492937917521391,2.0,1.490519778721512,3.157536829289386,0.5720728501519485,0.26003873564765495,506.1383475052401,12.760566450473672
SUB00156,11,125.61352955125565,255.17377908889628,39.49469639701988,0.0,1.4255508721622938,1.0,1.0,3.4341273702892767,0.5840972436347553,0.5448503340224824,485.5107809026075,11.575701355793795
SUB00156,12,105.69003469546693,211.1894957818904,31.464269979077223,0.16521767943247223,0.6586417093940893,1.0,1.0,3.331507286831234,0.6106052070688073,0.3830543446726118,384.7963510545502,21.415771784870156
SUB00157,1,35.04839876305043,266.41400072911415,52.5022968433734,15.35606207182808,5.968860624664406,2.0,1.7297752351671396,2.889134412740201,0.4159891216605164,0.50986059980648,151.4680280502002,26.763365137460355
SUB00157,2,43.82249009115702,281.27328678371276,48.27416661398418,10.468249901942597,6.825463309364972,2.0,1.6489505578252055,2.2503480674495253,0.2778084377526443,0.4187238077893808,236.54805098065867,26.472924468313586
SUB00157,3,36.96184404319984,361.40828367589074,41.491964612661484,12.356979447635974,6.750746305404347,2.0,1.1859981969860631,2.582045217982307,0.5466006727703665,0.5892479460525654,210.0466477264881,25.72558958444322
SUB00157,4,46.75615301087191,369.24667847407045,38.03416071775176,10.704417209226527,7.6372236186158915,2.0,1.993849984323699,2.852342552645994,0.48240419037403226,0.43160897820343624,220.3032489576153,20.80632983709838
SUB00157,5,32.215246271250166,330.10910540004045,50.98143080294231,14.60715561770166,6.013677842192113,1.0,1.0,2.4926466880321936,0.47197250750816355,0.5653782817281543,67.75832100992562,22.744890000910544
SUB00157,6,50.23061929478764,245.00330512171206,47.46307006312057,14.959227233816353,7.020242816798374,1.0,1.0,2.628250598806848,0.6482382819897495,0.378540494781077,182.7178939320605,13.65479096556322
SUB00157,7,43.93773974544564,234.53500313775425,48.932738627421,14.727904786501918,8.13056581133386,2.0,1.6427885364961268,2.008194406798037,0.3293645458059083,0.3438173203667105,222.96367687239982,27.02168933616514
SUB00157,8,38.38230862934532,340.86893079969565,57.30248576496375,10.347789961037448,6.620761006584671,2.0,1.6686120478323163,2.807090208943154,0.24603460677878392,0.5876374860440947,126.20620145086149,10.481960232843342
SUB00157,9,50.43764284767422,304.64351167572426,31.624463118664618,10.695636306015551,5.8976252429221905,2.0,1.848590147658352,2.8732806900893806,0.5375617884812396,0.4131639813258694,378.38692777523323,16.530535502896548
SUB00157,10,35.99566566649081,229.4579475770228,64.91343651774068,13.703818894936704,5.551438048954587,2.0,1.1457651660920598,2.5696933032134286,0.4632393774581939,0.48034842132485456,205.29016524335435,16.712129658752232
SUB00157,11,36.81813455802712,277.6244606856858,53.075019522246585,11.592864412200868,6.934054290700439,1.0,1.0,2.8528439490791175,0.3345385059573421,0.2555803406035614,103.09721245673062,26.908809744330565
SUB00157,12,44.497049950565085,393.68554989799276,49.142095717955286,12.95434605196425,6.680357545461946,2.0,1.607120683120901,2.873872309674744,0.18334321346860424,0.4121698178956894,136.82917556352697,26.237662574819257
SUB00158,1,2.1812341220916602,1669.223852700722,72.67537571832861,2.0462737618026323,1.015710734434112,1.0,1.0,1.1096191381972798,0.35528885624011475,0.5480190101467669,4.6354296334202685,10.533102380671671
SUB00158,2,6.724240072873453,1416.3077160694177,53.5010648914515,1.308649183992838,0.6263881309935293,1.0,1.0,1.2643821741076353,0.1867743720266816,0.585310455142978,36.03505204547593,27.316810752864033
SUB00158,3,9.168265420414006,1502.538268207092,46.640659820859284,0.9474284020663344,1.4831823231122907,1.0,1.0,1.0190108880042281,0.35630882296948385,0.3200458904599092,52.18306542422826,26.9167381690056
SUB00158,4,6.729812883438566,1421.6603852397611,51.27777237283168,1.2943090643618906,1.2130969267370793,1.0,1.0,1.8726672066825918,0.2698996364129286,0.4677320294041471,47.61261286718924,27.014651965906847
SUB00158,5,1.7582622837694717,1458.288851636572,46.30918032609278,1.001036450806078,1.0019155313061276,1.0,1.0,1.7672277833605254,0.21453087198320697,0.3383761760356221,5.999411118293117,14.84482031929932
SUB00158,6,4.3402140581566115,1595.8749356863875,47.34704200085946,1.6785762836320886,0.005355181460387326,1.0,1.0,1.3476141492180762,0.15292593971876375,0.5249513682695446,11.268025864155026,17.209358712767433
SUB00158,7,7.132754664413433,1443.780998538058,66.92651016006782,0.5446045024648852,0.6292638088447764,1.0,1.0,1.2564144511986437,0.27642055324801773,0.4172185489552783,30.619811977174507,19.710760240826374
SUB00158,8,2.8058731005470277,1561.9625013061093,43.92127158640615,1.3788416559372272,1.299837132337602,1.0,1.0,1.9286751119163794,0.41865635076939234,0.5086897781756254,13.56405746275767,15.095871640836888
SUB00158,9,4.9938503673696495,1518.8626537609416,50.18539331006313,1.1317591489908587,1.3335650006979118,1.0,1.0,1.945117297392915,0.3649638410924352,0.4788585771318936,35.99755675407388,23.273902923658504
SUB00158,10,3.9644604995608366,1526.328980343013,68.02185561589286,0.541829672920632,0.37261745615768377,1.0,1.0,1.4234873811625492,0.20885640847716241,0.3011813515963426,27.98628047534378,18.844999905229805
SUB00158,11,3.870560129896302,1380.3818696636306,40.135285818255255,0.0,0.13623308297783637,1.0,1.0,1.2453530613495298,0.48546285759681485,0.42837318250625966,15.887852886554377,19.35901293690857
SUB00158,12,1.6440351516131182,1792.2090288789582,56.397976419804635,1.1678931172768903,1.449400123978161,1.0,1.0,1.634718316700135,0.31243376368656384,0.2946759667339583,7.3038945471655925,13.629715607520776
SUB00159,1,52.141777925431,587.1753874748895,67.17378478050838,3.5197250970217784,2.1275726075924073,5.0,2.8693054075321798,3.907288300317923,0.26002335626194084,0.3454882018704217,397.02594013774427,10.94085636951972
SUB00159,2,63.14973836251364,694.1296390691913,97.60574062530819,4.91717137191044,2.47962566719269,3.0,2.6281524998061987,3.948211723915995,0.6293121647612372,0.5837162347952307,151.69668713270394,19.551326629849846
SUB00159,3,76.29984732325082,656.5084769429851,67.77680687269378,5.072730167812777,1.639492821372166,3.0,2.586311274008773,3.631165361647567,0.5377942975020237,0.39512030251955865,498.80712362586667,10.272580422575611
SUB00159,4,60.49633942706499,490.56198697909673,97.26976837020001,3.3503005026288513,3.1743830632498007,4.0,2.935850846359291,3.018252361224962,0.5333477908684667,0.3742707229485749,433.17324655861665,9.771231017651758
SUB00159,5,75.42990652063857,742.570999887567,74.26735795240135,3.790680544736392,1.9820761645263578,4.0,2.978726776000101,3.9744643899553775,0.5335033767368701,0.40494468594393995,333.6826895206328,19.67213248946231
SUB00159,6,63.06621666466594,645.6580444164625,81.50669672388844,3.175781915965139,2.225643593129745,5.0,3.2630987230690964,3.6387142393637784,0.364772892537907,0.5971409468991783,370.4530257452655,10.849458639458167
SUB00159,7,76.58079760466079,601.5676853551281,108.65257521261536,3.1233531429729826,3.1346451890959846,4.0,2.5077422525003854,3.3331223098073286,0.5912791677328832,0.5024780446458408,525.6178073496234,9.259625022368247
SUB00159,8,79.46315169073866,576.8852533111353,84.37314979211297,4.900764463109787,3.232152606852193,4.0,2.597791173869896,3.632353748448102,0.5878566825573307,0.5730855679409765,349.6024150373312,22.69713202372575
SUB00159,9,64.82027018748887,462.54985480843163,70.21033595009685,3.7618119773073246,3.217818941876641,4.0,3.359342383604916,3.463776250183828,0.5398062265785832,0.3615126691979211,136.55203996160503,22.19303045727183
SUB00159,10,69.98600579054792,751.8350712913266,85.53487288008779,3.3428901277774474,3.469285613616411,5.0,3.2682006058929556,3.5060248395635347,0.34465713388328917,0.5692236218418063,429.0214778198038,18.971261204235475
SUB00159,11,73.08569385057955,484.77220238966447,60.31301310869714,4.001411745038222,2.1802445108259434,5.0,2.8574062544128562,3.759561950994832,0.5952366475591826,0.5076451979609649,569.4303583997391,21.918348512198968
SUB00159,12,75.54306985675491,613.3877765641236,99.01578344855088,5.753231466964358,2.9662026954733793,3.0,2.823658533273435,3.561191767034815,0.2566189654073441,0.5693040294449823,259.6369205220258,9.770043956903674
SUB00160,1,4.27911663325366,133.3468994900456,32.23314640626543,0.5838958793956917,0.4212304348811168,1.0,0.7761821681967636,1.0,0.473179986411878,0.44989172420619206,9.663775607233376,23.0383721079838
SUB00160,2,6.32029582491819,120.74063906998263,39.447363340173666,1.8117509829825647,0.6838234656247824,2.0,0.7949585469829488,1.0,0.24982741224327487,0.25460596272256025,20.5496372982967,26.302520704797015
SUB00160,3,4.164035007730547,151.08649292293396,15.313111899131297,0.0,0.5274268002608454,2.0,0.9053856142591739,1.0,0.3597969993571052,0.3800999240351892,25.875894593560748,8.447766937344067
SUB00160,4,11.841978639824703,62.337111584669884,16.911829071801183,0.91796724425303,0.49820636127845364,1.0,0.6068859782155863,1.0,0.35779255299757307,0.4503954651000893,36.92777636936223,24.15338270293838
SUB00160,5,2.859368748550305,85.08026977725146,17.31261488447356,0.39954297503385083,0.34665706362442616,1.0,0.820715707316134,1.0,0.24192053524207932,0.37774276150312713,22.704072460912446,23.371811279768114
SUB00160,6,7.29374200773144,105.70291735100406,43.328573577162835,1.4348041780512073,0.6006965578790154,2.0,0.5764507749822565,1.0,0.31840654841792493,0.5946447840330722,18.27202385320656,10.2330225416517
SUB00160,7,8.363333762967313,114.27701909599469,40.38622393683855,1.797091111117559,0.8449793915603385,1.0,0.8025664834049065,1.0,0.1698485305961115,0.43731963686220643,42.502983197006635,21.072235187009852
SUB00160,8,6.853701417514941,141.85086624839113,44.98225758063937,1.5840512741659662,0.3397834954859773,2.0,0.9550308061451044,1.0,0.4339554316710684,0.4226041214945085,16.90814439735244,27.980580880891953
SUB00160,9,5.886644128398279,103.68588590426477,37.07341091425839,1.6939427745861875,0.23684944774097727,1.0,0.5638914478943213,1.0,0.19508486897723137,0.5517806204430884,32.06914832293417,24.63451317206134
SUB00160,10,10.607371571092909,131.97097083249693,43.05144877511128,1.7616417006104028,0.3060420302873389,2.0,0.9409133672470771,1.0,0.27081920268400034,0.49097020929592805,21.32019081563649,14.652820949818976
SUB00160,11,12.696332559186544,92.74634633440255,15.69398178618891,0.16130357529166933,0.4897293437319945,2.0,0.9349184347581709,1.0,0.217557950171343,0.3514077729712257,40.18517355055636,23.785969135111884
SUB00160,12,12.76304318362677,63.02122850864724,33.89629083978553,0.2727127690345521,0.6129290121755426,1.0,0.5626778725077912,1.0,0.3353586487691895,0.5423489089388152,61.41961898164189,16.13591520819925
SUB00161,1,131.79704228961864,519.5133046324605,37.69208144219664,3.6015600481508336,3.426079811165876,2.0,1.9622433565929096,4.122718793903384,0.486145824805267,0.4238573569131799,265.68564155236805,11.857974293578973
SUB00161,2,114.4454299778364,533.1920647815512,52.293749915167965,6.836887640465168,3.8643621402033874,1.0,1.0,4.862066099197136,0.4417854915850429,0.5009403495492055,614.7384257859604,14.112774802047657
SUB00161,3,118.11171995928245,466.92203774311565,45.42599246309916,4.927913284133674,3.355819402696151,1.0,1.0,4.961822820522445,0.5890752618709788,0.5618245766360679,777.1340119285888,20.090512819281095
SUB00161,4,123.84907059983753,366.4973604204536,30.854045706118743,6.075665069651463,2.1330934629071683,2.0,1.8730958927892019,4.356014435103406,0.6176910035250621,0.2536074983596918,593.7862011742416,10.935288821705115
SUB00161,5,117.14093430834805,328.4374902176912,46.36350193829655,3.937138193306428,3.375953872063974,2.0,1.2925557969315191,4.830598211703899,0.4475839737191728,0.2973576558193386,376.05548836372157,13.931581467753785
SUB00161,6,120.36045323791758,548.0480251215422,38.21008914268943,3.4835062196883633,3.350154932469385,1.0,1.0,4.11799651266278,0.6060154409070533,0.5435376951081969,377.22586863682994,26.686857529694315
SUB00161,7,127.55971048537357,412.9757597937658,49.9776303634692,4.92582151654311,2.30666903815672,1.0,1.0,4.433275073741163,0.530644214869291,0.5066728716606291,696.959990863842,14.38206796838038
SUB00161,8,123.92048454467682,509.6684640784455,42.41929368705289,3.378861399340915,2.673188584505451,2.0,1.7923587519466777,4.959954117927159,0.4899221576616104,0.5050953983834592,709.8967404998606,16.60555445440198
SUB00161,9,123.21721184219638,424.0437078747351,44.09649155070616,3.721031034879475,3.9065204297967027,2.0,1.9876403503981415,4.560713166264139,0.382975491784488,0.2530221358432625,257.897327915938,15.761908029225502
SUB00161,10,128.33598443323078,364.17067858308434,42.543140867080254,4.965066824638819,3.8500444636157973,2.0,1.1377797280913735,4.665449567456673,0.2625498098133606,0.5790403425720791,980.4004144724229,9.842852071658612
SUB00161,11,120.60380119826422,442.64663264439525,54.25500008764077,4.344201321716215,2.2299363229350995,1.0,1.0,4.612003786895667,0.2955554259792242,0.5477444923379564,456.9262888984607,18.69965687901636
SUB00161,12,110.1403785438041,469.8988452427066,42.64804117398977,4.931537921491073,3.0877826663229255,2.0,1.049641957520394,4.026638658667018,0.3254197410782208,0.29150180157468863,567.8149140298261,12.002681031719694
SUB00162,1,1.4230609668254723,55.45371672180778,15.281239686847899,0.2769946127930797,0.09387923053606323,1.0,1.0,1.0,0.3629392282670837,0.3768645825643247,3.0256501267011338,26.30247531839942
SUB00162,2,1.3757168950521275,20.782356716810423,15.063300603735488,0.3527861220915095,0.46185227408816304,1.0,1.0,1.0,0.44315741409608234,0.4288733469097673,9.874202629433677,9.225246134315404
SUB00162,3,0.0,17.37260667335692,15.648352582321934,0.2770013564740326,0.15858029918087285,1.0,1.0,1.0,0.3396342860686199,0.5920017763739622,1.0,23.81907716898492
SUB00162,4,0.0,52.941549084575634,12.450730135715792,0.18808880421298768,0.18556864994650424,1.0,1.0,1.0,0.28629650843205,0.3095324750318093,1.0,21.080369242325354
SUB00162,5,0.0,41.1379823262388,5.470228812811193,0.06562802779318944,0.13903117156598638,1.0,1.0,1.0,0.45096377585544545,0.39486441900651936,1.0,22.910165030558133
SUB00162,6,0.0,29.123243834452893,13.40900575368861,0.5174807675407403,0.15497971056735466,1.0,1.0,1.0,0.4981967905661925,0.3271129498590084,1.0,25.78471129913266
SUB00162,7,0.0,66.26850253601174,15.262581405820315,0.06898790501960322,0.10804548448140017,1.0,1.0,1.0,0.2408183981380879,0.28077584639649616,1.0,8.978231790341537
SUB00162,8,0.0,37.70920855414154,13.094674702514821,0.6845153396965917,0.0678891205042419,1.0,1.0,1.0,0.21999236367836916,0.487997163873654,1.0,9.135081671726194
SUB00162,9,0.0,39.33435757176572,7.730843585402651,0.0,0.23626882439210745,1.0,1.0,1.0,0.17858864318063436,0.3289277109025075,1.0,18.316949869443413
SUB00162,10,0.0,59.54024878830525,17.534561902291113,0.3834362996642625,0.2142424245469874,1.0,1.0,1.0,0.5278916613352008,0.44818948583447515,1.0,10.41675589524532
SUB00162,11,0.0,85.1117054672036,23.40110826029242,0.0,0.1118253181116669,1.0,1.0,1.0,0.5357593326755952,0.34256237228175995,1.0,17.209493423830487
SUB00162,12,0.0,69.40071041816766,5.791266787360117,0.0,0.3075166778286399,1.0,1.0,1.0,0.19477125290575464,0.3152703707742855,1.0,18.933642569565087
SUB00163,1,106.12642649426894,290.5559166397888,22.8631995503058,0.5047534085338968,1.0056296696313836,2.0,1.376618993890999,3.9802013262726756,0.4340393627765502,0.38208137436258005,511.544006914111,22.38407009693692
SUB00163,2,119.99315482368775,253.81153563850097,24.909347507800675,1.5156494119705064,0.5450467703591964,1.0,1.0,3.6939936486309772,0.3508494188454109,0.37234112415789583,289.0288900432503,12.397408758997631
SUB00163,3,99.41877406108469,260.05251194751395,26.611695344092848,1.850476677178099,0.9042527597984749,2.0,1.7227749586212375,3.2249014821875805,0.4513442806784629,0.30316006629560344,681.6434613374078,21.071537276981882
SUB00163,4,123.05202419290214,278.7465158528306,41.02026997607554,1.6894650564730533,1.4734814079898029,2.0,1.9690586478315735,3.6136128096955984,0.5827741033895355,0.27661176269528154,434.7135766483784,9.839918009337818
SUB00163,5,109.11190076099442,287.7076852687937,38.78507207798107,1.2979537279664473,0.9439922715275428,1.0,1.0,3.462418511545613,0.416008499483986,0.44553293804146743,810.5401339515079,16.4596456751782
SUB00163,6,119.54599207225966,179.10622914094967,21.31606283866646,0.05602875255740852,1.0686290207292597,2.0,1.5368531283320515,3.4952685404199473,0.4056712023307618,0.5602987633833385,907.9189858542296,23.288755950756606
SUB00163,7,101.18079692130046,282.0999235553585,36.901403435106836,1.1697655107350575,0.34619192538262145,1.0,1.0,3.2610335093193363,0.49799402838655016,0.5996193077006708,309.61450410103896,18.567991513686856
SUB00163,8,102.05694139028243,299.201774463788,25.50587347633555,0.7470236339704488,0.9266298237329422,2.0,1.4962104186333234,3.152814532679462,0.5189273138611685,0.5751185329455201,258.4792205537073,23.554809616192845
SUB00163,9,116.00616969281218,271.13186963296585,31.04810824508729,1.4391808069588221,0.03811630009683009,2.0,1.9186503926223129,3.4301038172980367,0.35545907664069776,0.29595342597297625,883.15102666405,12.618901517572402
SUB00163,10,118.93556941218604,189.32568395570928,29.783686106408947,0.9552848809513712,0.8176268050922422,2.0,1.625331986625738,3.388946851309538,0.5215765381609799,0.5251618437978061,941.1738725770233,19.532921175611406
SUB00163,11,102.09919449818648,217.71076942188716,15.901760057849266,1.0631244840735352,1.3920217906905052,1.0,1.0,3.002747126137561,0.6153854220855408,0.5861292309598447,589.3725120703994,23.76658003555448
SUB00163,12,99.28327746082816,298.688674233288,24.138152208768567,1.858106589728957,1.2540123222789432,2.0,1.4454207961818366,3.0387392230181023,0.5031066577747579,0.33475677519445174,752.7786200552554,20.36511885488819
SUB00164,1,31.109004519718972,319.1049133341802,37.79653366736661,14.588827257790362,6.413360292790629,2.0,1.943191780428856,2.6325703649591,0.33506969302487954,0.27122273720627793,113.66875238803794,26.462236116437687
SUB00164,2,40.90865695126759,225.1711705955194,56.30617424793958,12.200973567981189,6.81756684478262,2.0,1.1302376232438105,2.1509076272767143,0.2592847658968513,0.316932130801179,321.5601875893634,24.16283501312253
SUB00164,3,36.83136723674651,303.2124340564666,33.62658617415089,11.8616898124114,8.676260874681102,2.0,1.9208264095042291,2.309437326075413,0.1851396781642713,0.36767568571720777,221.94306596446515,17.99594933005286
SUB00164,4,29.530396320697836,366.2860914540222,33.83277233303436,14.707805031043426,5.272836552549535,2.0,1.7304751087964345,2.655778239082237,0.34258835095938156,0.3478784379915628,133.11083339685064,15.632213610457567
SUB00164,5,38.28642925131661,282.3197390336896,40.155934816340505,10.182012472790285,6.691260068399629,2.0,1.344909072776173,2.1803517370002417,0.18683508580518318,0.5207063726869061,106.65143263650832,11.498298361465142
SUB00164,6,36.958836146447545,412.28981362721305,44.784024548277415,10.957892832489181,5.08134491541282,1.0,1.0,2.351761101570504,0.3823151475591222,0.5572452345452124,123.44758073327858,23.424001156204156
SUB00164,7,33.728832745999945,362.9694898053133,62.18792529192044,14.885415489733136,5.77887472050251,1.0,1.0,2.751168037389795,0.26508185079542396,0.453852096491435,103.33476677149856,24.130593153146663
SUB00164,8,42.53574320976492,277.4749536955357,48.59114081123707,14.377454191040401,8.707377625227334,2.0,1.8577129827876893,2.904299530025514,0.4006747867477529,0.5886333329794036,189.8593012187975,21.9856632686688
SUB00164,9,28.865351992583896,318.59766992113566,63.35239853894173,12.722456652563672,8.196929636318067,2.0,1.4786389948397074,2.4862594730010095,0.46498329345507916,0.4551376293361087,199.72272458560613,27.12901159241455
SUB00164,10,39.42655418343219,318.1568824680207,46.66022145237173,15.138106297115634,8.007765528100464,1.0,1.0,2.862908974726518,0.5245532948423828,0.5991425036591962,252.58919370722475,22.61677104737848
SUB00164,11,30.307740339433643,258.21990576421524,30.393777268462717,14.491385248564828,5.511823020614861,2.0,1.7797983167435651,2.701847522760907,0.3713501176544918,0.27868040884340317,217.53048009075312,27.668089887137914
SUB00164,12,43.901815033337584,362.85956393734114,63.67350646892017,9.185877270566198,5.725481349497379,2.0,1.6514049622081317,2.727236705498378,0.29155369765684147,0.5578515148957341,205.35234035990388,10.682288841017524
SUB00165,1,5.764216925141426,1205.5467805949947,57.086343078746324,2.230605082438343,0.35056714782903275,1.0,1.0,1.2098773989437428,0.4236828054233779,0.3660639411157522,26.107079400696392,19.151868541728412
SUB00165,2,6.251376854251662,1595.9128215796316,60.92018311129891,1.2799808736945044,0.6553291688488965,1.0,1.0,1.2154017560629093,0.4160983234619293,0.45123309377568704,46.86727966318354,8.580665429108063
SUB00165,3,10.159311840707915,1665.202664407207,52.293008940622116,0.06773006255731198,0.2423298230796801,1.0,1.0,1.8696743240191283,0.26516015886204886,0.3989891316833178,65.87366006641062,25.845420015466743
SUB00165,4,9.061134426171764,1206.4014344676937,50.14411076830173,1.6185478501055859,0.7716095148135707,1.0,1.0,1.052230708609315,0.5478912703491641,0.5450705983880478,36.33333685315134,15.936042165438371
SUB00165,5,10.634913088437491,1418.5444721529275,79.51865467070644,2.1898672363469194,0.4118931916224765,1.0,1.0,1.4702423338220347,0.4464807963758699,0.38016481655518475,48.66992368361046,21.046536560148454
SUB00165,6,10.154673747916402,1559.8687776685742,51.497555098789434,1.6210204006927826,0.8821483623630734,1.0,1.0,1.1924773540107778,0.3481653449740264,0.26317152942741306,57.30387552774277,13.710981685546257
SUB00165,7,11.863851331218651,1692.9284361647292,75.15932727284161,2.5475868332010414,0.4549733260176613,1.0,1.0,1.6093322878257499,0.4210917259954843,0.2899884152417792,35.708278102371594,20.75672450099353
SUB00165,8,9.259620469119874,1611.632071013823,42.8028946808497,1.5731343016800285,1.1511240520382566,1.0,1.0,1.504261779426816,0.26547963160385757,0.42648763109230065,30.492042017918397,9.21061215066738
SUB00165,9,8.563081094905035,1236.3874116509928,65.77404496183476,0.5905898716870924,0.12423344303334244,1.0,1.0,1.4989855495469682,0.4489623448515594,0.38494831767906623,28.06749712256638,17.728159640635813
SUB00165,10,7.709669839623978,1467.1544975108002,58.81184805438491,2.1401854369451105,1.2797489767079595,1.0,1.0,1.5577891901639889,0.4341729025673078,0.5196269121639083,53.57507892997681,23.03702899891584
SUB00165,11,13.891440718036527,1775.4463423963962,42.807617928898885,0.9250100444655742,0.021881861611377507,1.0,1.0,1.6242971135048265,0.2162200483639472,0.45120246823310595,83.05517104210396,23.27318863148302
SUB00165,12,11.652029723256572,1796.4177702769532,54.940758478102836,0.3279146814834797,1.29778452137692,1.0,1.0,1.9695162570585896,0.435211256426039,0.30683913969280824,25.84978119837645,11.028145642622718
SUB00166,1,73.46363549124713,742.6568313935105,69.11915742095239,2.5216770281170438,3.2370604211541254,5.0,3.173264414638717,3.817744924453266,0.35841985942953714,0.47869467329694726,364.65098888561664,12.112581330951935
SUB00166,2,75.40410553620384,729.3471883189362,73.25454068597088,4.101761728359864,1.9725431589901452,3.0,3.0,3.915387489530481,0.3583968259413599,0.41613049910334143,594.9188392083922,21.319550590733815
SUB00166,3,51.18615343997543,608.2126291094312,91.19479222985876,4.344823520053654,2.203096338793363,4.0,3.2695132165131477,3.1138890126515832,0.41190400405135275,0.38812740891039343,210.4169036491924,21.960677546188883
SUB00166,4,65.41353504433864,654.7203919386063,100.5076468384028,4.020093423763293,2.978783739498707,4.0,3.346578880344703,3.3320232300865347,0.5163902114011295,0.5968394084239241,246.46854203207894,13.404218645137817
SUB00166,5,53.07181274188,587.6465795260837,62.95437022878797,2.53099061739658,3.131270056689859,3.0,3.0,3.9095379113639916,0.4135434594280898,0.4339802462281051,114.92349151500756,17.318118210469805
SUB00166,6,63.70150412970999,787.1521421038154,76.0470366509211,3.3788209961306905,1.978397369705138,5.0,2.6888774035053,3.568351897115219,0.2963536312172387,0.26964891185714246,313.87199855213186,24.094001317023164
SUB00166,7,63.521715731918945,454.9012283396654,72.71307561392271,3.6452605360506465,1.6944091289291674,3.0,3.0,3.3970534149808045,0.5705140067660881,0.29067146042987485,291.3365096788276,16.56501854548277
SUB00166,8,52.687446116360945,448.4505327174058,83.91750194789964,2.0884358965463856,2.3748190733924126,3.0,2.6916554713466674,3.4987152922523093,0.4069269129674882,0.5963344429875563,119.71715838628757,9.077570153216973
SUB00166,9,70.66118860930298,521.3658083238267,96.94737978495519,1.9019307664744591,2.0184059596916297,5.0,3.0774352817243305,3.9319035835168368,0.6438708595805085,0.29456526976079134,376.99175982666856,21.98283886638678
SUB00166,10,69.72907872735111,703.2082864955065,63.24586037623817,3.8022467408222873,2.8929951933963647,4.0,2.9094501009066334,3.487457469337406,0.6369278358195902,0.36518634514858617,467.65492662755145,20.148802363913216
SUB00166,11,58.36623773001524,634.1666948946981,67.32900925687409,4.608239654916556,2.1980565342280602,5.0,2.6443953427357845,3.1035800276782686,0.2911115917970425,0.5860508126018561,347.3234789509651,24.412774533527568
SUB00166,12,60.65016331079059,742.9674442731658,101.67147850744027,4.3939396611119,2.388096478919083,3.0,3.0,3.257885979060725,0.3503836285020263,0.4081182801817617,215.14621337229147,8.599572865687241
SUB00167,1,10.14761867707408,177.53952900911983,28.876341519381214,0.9577569853339531,0.6135033689360965,1.0,0.5859906981019133,1.0,0.29045592777090196,0.3254424694464685,80.68805430102161,19.171565193237264
SUB00167,2,5.167757091674241,148.58488070690166,26.835579218837392,0.7115918492262601,0.8165686017896044,2.0,0.8106633360940932,1.0,0.2980043264983362,0.42063747659924283,21.461178656280726,15.45809936591475
SUB00167,3,4.36932635415783,115.7682675766956,26.82893189052577,2.242700471633809,0.4495047487658813,1.0,0.9734703349074784,1.0,0.3010528893360145,0.45848854933656774,24.372982219490726,23.74881944960979
SUB00167,4,7.941640099158735,159.03115304639786,32.57310540121615,0.9457478774634134,0.7382196262987627,2.0,0.6526100999694274,1.0,0.5170617275051069,0.4216894124249456,57.77700529432502,15.642289799498833
SUB00167,5,3.0143775300139755,80.14977963754416,36.85275031079341,1.0862567222653479,0.08905272438837686,1.0,0.6705806531461719,1.0,0.40784740269056863,0.49265975940681705,8.429677632404506,11.853333771840175
SUB00167,6,7.896834208819419,142.12808764459575,32.31620619539342,1.6742054393996866,0.8247695110482386,1.0,0.7334437275379673,1.0,0.40534267827744974,0.5268974052808926,35.23827896462499,27.56264020113602
SUB00167,7,3.0688352627175424,143.5478912751067,37.219446403317704,1.7541900630123775,0.8293994867616422,1.0,0.8510621632924894,1.0,0.237348522672678,0.2674931676241872,18.174355296621503,21.384260652950616
SUB00167,8,3.770752002670073,119.5861464382858,16.97114474746178,1.0950670077694786,0.7680713455398002,2.0,0.5419583807197106,1.0,0.38896791145572573,0.3554607353014373,23.962210688528458,27.78708066167866
SUB00167,9,0.704773742898416,88.46518121643707,19.473938307322996,1.1571852145106123,0.14595896390761898,2.0,0.9232998142504876,1.0,0.19976247852453902,0.40507256912817424,2.1761547298977453,15.470157947679718
SUB00167,10,1.8687154424164314,112.06923562108591,40.97902293764113,2.960378679566655,0.5568232021975047,2.0,0.5643102369883997,1.0,0.23343826766783188,0.4843882133632995,6.226230952091769,22.11583066662505
SUB00167,11,5.025364503048645,127.89309508917941,32.93965923441985,2.9011510834599203,0.5072937105556317,2.0,0.8262399154533727,1.0,0.4399340064520746,0.3861195902623923,35.3659840242951,9.768237532871588
SUB00167,12,0.016036971303492464,159.75321906825806,29.555858397291367,1.5962125645609309,0.28203957577506344,1.0,0.5850718488247268,1.0,0.1954788691353914,0.44279086853126537,1.0,27.86142982649088
SUB00168,1,118.43478742717818,484.18383403246673,48.80762269815105,3.5520938012931773,2.9094909802572317,2.0,1.285921254772048,4.569316899147171,0.6366583193089697,0.26298084834811103,539.9312130441256,20.410791938298942
SUB00168,2,119.32598654318909,499.1559037113195,43.44070830245468,6.570012062310283,2.4549407425480196,2.0,1.4355342850246995,4.626714719316423,0.33018876822157706,0.4069885386689737,728.6483344977268,20.78974550493428
SUB00168,3,127.68700173875305,571.4100593174883,52.69182501087795,6.9867038564172,2.1903361825608254,2.0,1.0970684575971759,4.564208962345606,0.33512981116734597,0.4536080256024244,881.5936225035,15.876761327581699
SUB00168,4,138.3487633440985,510.11323757559427,53.54682708510778,3.1446880754400586,2.0593013258396073,1.0,1.0,4.73776056750512,0.6097681664091262,0.4832745671934955,880.8128009112587,13.7954565146418
SUB00168,5,138.1529851493083,523.7792274364233,39.1816638822782,4.028141465423247,3.880942600074131,2.0,1.9662828163785178,4.330002628937785,0.4653966100174567,0.4631878481827985,456.3275900161128,23.950975343108666
SUB00168,6,118.66215534065172,447.12202438003806,42.788876539743214,4.986394309922823,3.6163735214997024,2.0,1.579744478645932,4.846058766130517,0.4417556604420376,0.3460626254998946,426.2872132286848,19.326520139703838
SUB00168,7,119.03473426698562,352.04410328447847,41.65205478472521,4.567496900241197,3.175809993415726,2.0,1.5116565260050223,4.83211612985777,0.47295147630905787,0.379714618918802,765.6181042282628,11.53920164937048
SUB00168,8,139.64486108244802,321.375667951627,47.813456242445135,2.7877252491088003,3.8487483320239657,2.0,1.1591626283725445,4.0983826958534815,0.49762506162993125,0.445346595854032,822.0124616126234,27.16073516734278
SUB00168,9,111.95656534782927,367.7321616221694,33.02565849778565,4.239048037319494,2.327315654834562,1.0,1.0,4.8601575580695755,0.5346003259562467,0.3748584592303816,601.2637407280755,10.332331110478904
SUB00168,10,124.36391041978332,448.8370523072417,46.58899102341361,6.4871720846572245,2.6607286448294256,2.0,1.956947517472705,4.545901867639844,0.3018676536322784,0.4642595204696556,622.1330909074335,9.186409385782488
SUB00168,11,133.98935429279967,328.67328820264663,33.98170340729605,2.4217373479649438,2.281564930778745,1.0,1.0,4.985344973461872,0.3830916064679548,0.3951566426536224,504.5289857929451,24.739739622493012
SUB00168,12,114.40357011410985,528.2037765122684,51.44845021038857,4.368486211326296,2.1403161401477115,1.0,1.0,4.058626946996162,0.5559543173585743,0.31245880893335265,469.81785210702003,19.8931252219558
SUB00169,1,2.2626157116541012,76.80740696274955,13.088113888878908,0.0,0.025514586505866965,1.0,1.0,1.0,0.16687738649518738,0.27095657866746176,8.3900881215221,16.768084901929647
SUB00169,2,2.0720358742247718,54.85844886855587,6.187019334376853,0.6623782047453268,0.03406096324957719,1.0,1.0,1.0,0.38854881876641467,0.3267063200518953,16.07078223894456,18.24270099550076
SUB00169,3,0.6334420040124227,31.903145023279368,5.459812646881359,0.0,0.2391943988224166,1.0,1.0,1.0,0.2346731407830586,0.5413819752111956,3.6004543869081247,9.386042347213351
SUB00169,4,0.6428002665171639,3.7072600745293194,5.260474131187884,0.019380944898163256,0.440139371260411,1.0,1.0,1.0,0.28666440513518127,0.351707415063091,4.7099456248625025,23.37411111306745
SUB00169,5,0.0,25.57063580858854,15.595589607879717,0.20480823473271992,0.019466296055344168,1.0,1.0,1.0,0.5414455823069165,0.32545140561367947,1.0,12.196277216714648
SUB00169,6,0.0,95.1693351269459,19.29912890853126,0.4171280087095014,0.46398457028714074,1.0,1.0,1.0,0.35261036619221575,0.30442925120862474,1.0,12.675802130186472
SUB00169,7,0.0,35.20249152947001,5.816269475201585,0.0,0.2557236709773492,1.0,1.0,1.0,0.26259371136334997,0.4196578212657071,1.0,12.372053971942167
SUB00169,8,0.0,68.34502403825188,18.40310705028969,0.1853718613303443,0.2092058485775417,1.0,1.0,1.0,0.36512542825484506,0.3411929400862971,1.0,8.073657268977236
SUB00169,9,0.0,70.6991268588762,17.017357233872257,0.0,0.48375481200305054,1.0,1.0,1.0,0.2526710927461419,0.490067387930959,1.0,24.994500347764976
SUB00169,10,0.0,28.990724158632396,23.319148448091667,0.056463988747343985,0.31519412760253207,1.0,1.0,1.0,0.3184397900726751,0.48881055015712027,1.0,21.799349616473933
SUB00169,11,0.0,43.58332071874186,17.67654236054164,0.26174643398391334,0.23902582985754667,1.0,1.0,1.0,0.39696153369459397,0.4284435743143296,1.0,25.8550192613383
SUB00169,12,0.0,34.87087429730239,21.790598770794077,0.5196949588246471,0.31195577998199503,1.0,1.0,1.0,0.2138145323825555,0.44764241404412697,1.0,21.2058198615189
SUB00170,1,116.40400814275674,143.3837828841035,36.17200020807371,1.1553390318378045,1.3007813439546763,1.0,1.0,3.945995979544203,0.5706574930902828,0.42678168789330095,925.6432695718544,12.404372589678761
SUB00170,2,117.24002902876842,305.037567319035,20.717718074738904,0.023383422012520916,1.2874777834735154,1.0,1.0,3.025372995069434,0.4465714115793604,0.3932442439166372,610.5112092113825,15.505468702379696
SUB00170,3,96.44097182916593,321.9226070673926,34.3018881584385,1.7037534869514428,0.9233292554673795,2.0,1.3115109075252604,3.8843399115892776,0.42754573192458023,0.3214523373453926,672.0240660022705,9.746097760047114
SUB00170,4,114.13939615977408,210.4262739652601,28.448782991969644,1.3575642490306423,1.223005347699487,1.0,1.0,3.6169857350779164,0.5339640444520485,0.2530583829228194,325.91846825778333,9.880338159417274
SUB00170,5,104.19028253918903,287.82988770827166,30.182740318261004,0.5226568612455544,0.10206947753749995,2.0,1.7182986448167552,3.641858332232048,0.5045241788643787,0.4317403885290102,422.2322793993082,12.875840974608728
SUB00170,6,94.7626999401448,200.286044804989,44.113549690884525,1.5119398501755434,1.0032126064475557,1.0,1.0,3.2192369085628574,0.6406807666556374,0.5148234818074837,322.7108085588008,18.272958792324836
SUB00170,7,118.26248306189522,225.51275926180628,24.2964807726781,0.4485718769659505,0.04486755773613138,1.0,1.0,3.5226215627945967,0.38055888973906404,0.412134989579738,801.4408210167161,17.619019007808898
SUB00170,8,111.19100380990116,128.59198055813778,23.038946198377587,0.4937826846832501,0.7694969573076897,1.0,1.0,3.8556021147933808,0.36462803730330784,0.36013214808366856,866.5605565910239,17.131995959011228
SUB00170,9,120.25111863462114,149.88733656240314,24.73328371756324,0.9562289478782393,0.8635021654943431,2.0,1.988770884361972,3.1406835197791807,0.42720501690497525,0.2609821208754568,733.0911594243425,17.242071812058583
SUB00170,10,110.92043013587246,248.16984274983395,40.919883454765156,0.4896197610295293,0.11394663473614319,1.0,1.0,3.459624544121189,0.45230026114272903,0.41631895299155897,648.6928541259955,27.08690894597162
SUB00170,11,97.34372414880546,144.6649319443103,44.619152990881446,0.0,0.6397564780977703,1.0,1.0,3.703933277747456,0.4123441379118349,0.4890278586325971,704.1396943398047,12.580056107571497
SUB00170,12,113.48766523966576,273.7806739390473,36.98824823511917,1.2301504201908195,0.2958607904176608,2.0,1.7383766557905131,3.647708402704766,0.6434541923061106,0.40916086134599533,383.1228719620151,23.394441521085323
SUB00171,1,37.64952606436591,220.30686702715224,52.909828780523554,11.537895646039088,5.999052476461128,1.0,1.0,2.5561970269765126,0.531893245701402,0.5804621363987237,141.16931927627306,18.72977095158098
SUB00171,2,34.180997468595905,256.7249819286236,52.14385706496827,10.86693352394955,7.7767018604108005,2.0,1.7995516928300583,2.5575583893329865,0.31010450519103056,0.3187110265313678,125.36107075627592,11.345154003192173
SUB00171,3,46.68532024047019,315.4375372096965,64.80950236628948,14.954593752471508,8.779387623222089,2.0,1.0603109063227107,2.208369903257432,0.3278197071833102,0.34289355774799524,185.57862345119742,9.178615355537758
SUB00171,4,42.76488758694494,228.34326791515088,39.68720188080949,13.388456822971204,7.722056645414408,1.0,1.0,2.8198503055499295,0.4906792657590826,0.5877247270468162,297.9441481925037,19.047816539020552
SUB00171,5,32.43870500620113,229.43798637090669,63.440387335490215,11.367750343785758,8.992283539639331,1.0,1.0,2.225148236673816,0.3494405691884522,0.39715820084887715,178.47322375913984,10.941548360048625
SUB00171,6,44.631559741061956,298.12687535740804,57.925120082516045,14.061280190543792,7.407006194669918,1.0,1.0,2.983720456028499,0.1998081796027355,0.4215373139538236,158.3589304629707,22.993643391872542
SUB00171,7,32.64674258457518,369.739408169905,59.326392768857914,11.279820999211337,8.165809744790234,2.0,1.5204226865241564,2.6704262815715207,0.2015706162988009,0.5766110164387735,214.69184873414864,27.032626851646857
SUB00171,8,38.958851347248405,247.88431188601348,34.38325940487179,14.434428289090178,5.533740483431957,1.0,1.0,2.7780384635750055,0.38209561538835146,0.32054649528837,211.91202228693535,20.515946740506905
SUB00171,9,38.053217240418434,367.44772077777196,39.70134927174981,11.95977221358016,7.007837356874967,2.0,1.7548711402443828,2.176779490178156,0.2877415057333482,0.5370946342912992,300.665497556488,25.558415835553685
SUB00171,10,52.6586247835313,300.133598125057,46.04721313270559,11.418847151848745,5.361496357537819,2.0,1.3118344947084515,2.666125850031701,0.4954840268072064,0.445812071908255,341.94371182100605,16.453831972895145
SUB00171,11,42.76223133953871,232.73445256261766,56.25837787600429,12.180271669851729,6.064865458154347,1.0,1.0,2.576127428539531,0.3990925670522276,0.28811029065613414,264.9517077008573,20.2385155487889
SUB00171,12,35.2171273624108,384.3716238251983,43.86425105423911,14.14574640691379,6.991116370351124,2.0,1.4986873837147086,2.700687357544874,0.3085932308241166,0.4408360768647654,150.5546106872998,14.598535425812912
SUB00172,1,9.450969383133089,1306.4688355094947,53.67100799850269,1.238427099902744,0.5290277830618868,1.0,1.0,1.5647838105382963,0.41675215367123464,0.3259793193697576,33.72780763166358,25.83115154124904
SUB00172,2,8.729461793121372,1291.6384836515638,40.76910907486898,1.9792390199052856,0.6396039477611085,1.0,1.0,1.8948766531832422,0.22573511809084143,0.2984696439676752,50.45587405544135,12.615191963881616
SUB00172,3,1.4374455740469307,1338.9718829323563,78.57559777212343,2.5404101248888833,0.12174787947360094,1.0,1.0,1.7783599333536542,0.34758293909853266,0.48389580841873336,4.600253036935721,24.66430866357704
SUB00172,4,8.032450534787401,1767.3292799536405,40.80053033838886,2.7384902822725716,0.16638246182821315,1.0,1.0,1.1668531535170756,0.3345629245870193,0.26783680460721787,41.09657947911626,20.107467699473155
SUB00172,5,6.910900259644219,1238.4848040410702,45.56554480728905,1.3865188732472444,0.006428842001074575,1.0,1.0,1.2497789240175772,0.15351881568909692,0.5136358686086004,45.75224624844229,8.870187775032203
SUB00172,6,4.356221369805017,1553.3178513927276,48.90972858272113,1.1284821920290056,1.3292500947113628,1.0,1.0,1.7320070814796156,0.4162799997998754,0.3171205422470429,15.93576615293012,19.335389661437866
SUB00172,7,0.01134670896011336,1232.4468147162224,67.55514225666136,2.8338524777279748,1.0514537032194986,1.0,1.0,1.7460272007545221,0.4971588996899089,0.5403656437786599,1.0,23.470180734744645
SUB00172,8,2.912080294982662,1385.8847040145997,48.04650155318365,2.6116662078820685,1.3517655833488957,1.0,1.0,1.4810824805444498,0.23906557834965309,0.2860335290455773,6.870202196396966,18.54593062169644
SUB00172,9,0.21208445967714606,1283.4530043475327,41.090368685187045,0.9306551040061759,0.6727710127944476,1.0,1.0,1.2126048682787958,0.49853944121996485,0.5109724135636109,1.3518493920755348,25.414734802040815
SUB00172,10,0.0,1488.784041944924,49.5195546253795,1.1758948139977279,0.6985222867373743,1.0,1.0,1.5935982756155183,0.20910490691266864,0.31406492236781747,1.0,8.583313253928937
SUB00172,11,0.0,1330.3672494984783,62.26001019125646,3.019407369394334,1.1719317838098413,1.0,1.0,1.5778190277699455,0.4765220439643453,0.25526047939091645,1.0,10.574651460733026
SUB00172,12,0.0,1180.6478333630012,46.174440499860886,2.50029705566486,0.5863331865723619,1.0,1.0,1.9090439506404486,0.48877798521652116,0.3125868262554681,1.0,11.851281690637073
SUB00173,1,79.70777692324634,615.5437925890863,81.58221106472493,2.2722517386053043,1.5243507218734342,5.0,2.7843804312842866,3.3554996655390474,0.37741165075044214,0.33520121375947376,211.1515415578949,8.063601426962496
SUB00173,2,72.97043929399521,514.1918082117852,76.70626803622076,3.2272529148227918,1.702107023151089,3.0,2.7687463108700534,3.441295894422968,0.5336061722365796,0.35856660480197117,182.05991554023473,15.530809111475993
SUB00173,3,65.81985119302432,572.4735675744619,92.76452126760508,4.164823973507197,3.2914546455347864,5.0,3.0236552764571476,3.9598298832589807,0.3882700438836326,0.3271756093196112,511.04922784145435,24.16928674971436
SUB00173,4,69.42911375170839,582.7385632455072,64.13750997738622,4.3190158980579,3.436870480660728,3.0,2.780540029504874,3.7799187772335667,0.6442514314660834,0.5676087793669132,261.63912355453255,14.927005826986692
SUB00173,5,71.31013475791319,456.1976416162963,65.1295232136148,2.320596510145447,3.434399094551157,5.0,3.107365130794635,3.4366642972312444,0.5516158570790521,0.5593748194083188,170.52245316202098,27.59865036118948
SUB00173,6,50.39172419963093,761.3891163164524,69.04736410015593,2.5212540889196227,1.7621438415457584,3.0,2.5536387606168356,3.5621118657200714,0.2806800713310649,0.39877157443059874,315.35029459200325,8.302695142775939
SUB00173,7,69.01907612931716,657.1577596366493,103.8504518347225,3.398784510797725,3.1036327534369628,4.0,2.9154790931220047,3.8007602293118015,0.4679472355291521,0.4903846982480464,169.16922172290236,9.90737479117139
SUB00173,8,66.31193749010609,525.39828890704,105.61951958181209,3.8476427675537455,2.008976398303231,4.0,2.6184317944643936,3.3803558221250736,0.2643328653782567,0.5130206220816845,451.9385802887591,12.272449517432374
SUB00173,9,65.17225493381187,683.8641870684804,72.03919773571147,2.2079755709704383,1.6944264328534404,3.0,2.964470712080427,3.59224315269629,0.5571510307022098,0.2900853851422497,452.57885420824124,25.0111508761033
SUB00173,10,74.8060724801266,744.9239080317452,94.76014917864896,3.970991436515567,2.774638497581126,3.0,2.747845869918528,3.7959872427431964,0.6457799825306124,0.3236091420769888,585.0215017204494,13.365783053143321
SUB00173,11,61.890111346817555,759.458580596028,117.00542816774436,4.063364717875321,3.2364966722731308,5.0,2.6646522667964034,3.0744683676247533,0.3469592781946941,0.2693528659839403,226.61958097958785,19.779201495268595
SUB00173,12,54.80073581447527,529.4907336454204,100.56591530099821,4.49111062552057,2.868428539265107,3.0,3.0,3.0471026122491423,0.3372985802314548,0.47311174095503133,319.7220713642654,24.651968343435065
SUB00174,1,11.023453293142087,91.77293136893144,21.63498959016753,0.4824957596537895,0.3773945933302577,2.0,0.8086288234958479,1.0,0.17039242025126952,0.5552420116714065,37.869110922472224,26.727257264810525
SUB00174,2,1.6972019096624371,124.97587203248347,34.956961557023696,0.7746836412507638,0.877479505270697,1.0,0.5850569662293876,1.0,0.21188406228770645,0.2622501788421876,4.917108039566523,20.693117042174173
SUB00174,3,8.250305687827915,154.7755761668963,19.848546710747,0.6581412800886604,0.33330060358211056,2.0,0.7040494921185806,1.0,0.41132749830521353,0.5170989370737693,64.45595242190674,24.777306274520342
SUB00174,4,4.12780016353739,100.34091079629316,31.063287969884712,0.6057154501899342,0.48789032396847487,1.0,0.5373552933970988,1.0,0.5267407578093004,0.41141997681640513,15.977753157606584,20.097444228193094
SUB00174,5,7.185002130659866,114.9388594854438,22.374315970237227,0.9874974260732091,0.7314216478290219,1.0,0.6000020111456008,1.0,0.2221936106808856,0.5832510505713766,21.86138769938228,25.173547346089137
SUB00174,6,5.816987875155473,154.75866661506933,32.67884688392234,0.47883940030161504,0.004843550906892924,1.0,0.9289818439655373,1.0,0.25424947857131813,0.5622632907416693,12.166895370251906,25.658501558834836
SUB00174,7,6.538767059703767,88.56473240707759,17.01099549071295,1.9206038052024175,0.3535043234222145,2.0,0.6950238988558013,1.0,0.29002661398060403,0.2620237947029902,45.43028325284983,18.292787003005195
SUB00174,8,6.062717001232462,163.49244715333498,43.039818832938565,0.9779202430420971,0.8069180221918136,1.0,0.7300589308818283,1.0,0.27608485983930964,0.48270015739621863,24.15337972176342,9.982547385510555
SUB00174,9,2.644150119964431,109.30514003825466,18.488394870030085,0.0451282549090726,0.5918056771446413,1.0,0.8599118559053773,1.0,0.40420599346132535,0.29820178294502175,18.700187198400226,22.850179716228432
SUB00174,10,3.6710803737495006,154.193989081125,31.004670458730235,1.5887763987010857,0.8190247337193742,1.0,0.8780380627239563,1.0,0.3016423251083171,0.4255085257293313,20.253219997013883,21.833420263631343
SUB00174,11,1.2387635864679796,101.44913131304395,42.39916333015046,0.5382356318312795,0.7448078382521905,2.0,0.8559158498975554,1.0,0.510604389964924,0.5573519581300311,6.2157482495330125,27.216987291280788
SUB00174,12,0.0,124.72384132075824,22.53320723339109,1.1502677227288336,0.23697714578537554,1.0,0.96210984250405,1.0,0.3549672740542451,0.4172193298571627,1.0,17.245923303564815
SUB00175,1,138.42516208624204,315.6800318310452,35.5707319420417,6.683677004306776,2.823840491185093,1.0,1.0,4.836922517033682,0.4159612227616496,0.5471595337858348,668.8322653665277,16.351018553652892
SUB00175,2,116.89856090929403,465.01647411943196,46.55941633696368,6.236710294774856,2.784884138000634,2.0,1.076021859849409,4.334068254576978,0.5547172016850649,0.3386690490331075,802.5659277584373,27.10507128810974
SUB00175,3,117.70991012190669,314.8233048840054,42.05499950739104,5.19019964308567,3.552358218006829,1.0,1.0,4.630713307535354,0.2653625607497265,0.5215879978313689,865.3447881661298,19.132772716855495
SUB00175,4,130.6948726517886,420.17697143429245,51.89902907290414,3.3850918843058526,2.7471837645109725,2.0,1.7733303754037117,4.008597228154158,0.5556013001442971,0.43771425533015346,808.6029472886598,18.18517184851791
SUB00175,5,135.3376165577482,392.1568426459291,41.11112398153291,3.981045642890589,3.4465472114231672,2.0,1.2523968148557105,4.431273313394913,0.3369688156832279,0.2896542458753766,594.725177305991,19.101627904888502
SUB00175,6,121.07846053131989,383.2010882874807,44.76880523387976,3.8606845783709733,2.940679262275337,2.0,1.7412171754625083,4.667591220716383,0.5221091852516598,0.4017534152814932,472.15490995509623,19.814819814058986
SUB00175,7,139.47796663475694,456.6691074880097,53.31504150849969,3.7076669234715456,2.9873045439973764,2.0,1.7394418998846741,4.732940245260588,0.43790330625599916,0.30444757410147394,1007.3975599918564,14.4966640841703
SUB00175,8,114.65173048610501,443.83009841509926,46.58816610629154,4.974797580770651,2.5934975129899938,2.0,1.7666826426836946,4.870541202594369,0.2587950490574409,0.5692310434662078,821.6479703898754,17.04554247673859
SUB00175,9,132.02560846058213,453.9007905516631,42.08889674007082,2.8116941801084305,3.449960495867921,2.0,1.9857090754071995,4.117045869516475,0.3133152741693497,0.34041457223195626,900.5822627926553,23.25636585794304
SUB00175,10,135.03703788103684,404.4751653767921,45.009552593185575,4.13875025836697,2.2804346424615165,1.0,1.0,4.087440434476988,0.6477981026341337,0.26322507405454104,1015.0860651582004,9.603963303901494
SUB00175,11,137.3185207099438,388.40430516281344,38.790209060436155,5.802201065726355,2.4844628485326794,1.0,1.0,4.060536228785776,0.4733995157039096,0.33022744230471435,778.9533099651181,13.490318199876539
SUB00175,12,142.62278664010594,466.88670501484285,54.82911959053132,5.819023012499637,3.7270495835255097,2.0,1.7642293713073771,4.679898873931812,0.47530043221621754,0.5533646562535552,892.5252450198195,22.334669210998914
SUB00176,1,0.9923685068766545,17.600950640752274,21.85419169595637,0.1018808552186811,0.37345181365579583,1.0,1.0,1.0,0.40612316654939185,0.5170211431565827,7.4145766869058445,25.82540063858141
SUB00176,2,1.3486549781609436,63.64755973883391,24.18730476873397,0.5918367685326107,0.4537221927254304,1.0,1.0,1.0,0.4789844494611689,0.508301543002861,3.680731094200532,20.91343913220293
SUB00176,3,1.9711067326402358,73.46974210226946,7.087610684634251,0.0,0.08110413605714306,1.0,1.0,1.0,0.2118770039117627,0.5316060971586463,13.946556499859762,18.451918517249815
SUB00176,4,2.3874346453809503,4.884129557993866,20.194744567330353,0.0,0.0667245417566964,1.0,1.0,1.0,0.4618833922565386,0.260614530040141,9.802665614886637,26.588880428754248
SUB00176,5,4.65959348008093,64.62381416006701,8.738782262788957,0.0,0.23377090623025082,1.0,1.0,1.0,0.18820393706958605,0.597160826566308,10.493785703103146,14.979381145914363
SUB00176,6,5.5869159753143665,75.72560635395939,22.491179195345026,0.0,0.2641518908953958,1.0,1.0,1.0,0.3106688023670898,0.28302016413286435,39.272700356001984,26.304301978783414
SUB00176,7,6.415755315049288,62.34879625378628,6.031103049657549,0.0,0.42389953936456054,1.0,1.0,1.0,0.5217240548920845,0.5963008061445653,14.437974296164208,16.749413966495226
SUB00176,8,5.737361300335103,12.267538694899631,22.969051324135485,0.0,0.19742397610234352,1.0,1.0,1.0,0.4616759097409281,0.29300697781412505,39.47244789110589,8.34188722636154
SUB00176,9,6.106545404598079,43.0538422262201,15.740192431732572,0.0,0.362570507413268,1.0,1.0,1.0,0.15066972655115518,0.5807230466336024,17.078188938458293,24.678823609974863
SUB00176,10,7.183489512043462,61.59860695317865,18.60116012746838,0.0,0.08035200412442783,1.0,1.0,1.0,0.544290716846042,0.589542696983099,46.50697090095501,24.491609114146932
SUB00176,11,9.077495010342595,39.49922726426387,7.831856990885533,0.0,0.13324588792854886,1.0,1.0,1.0,0.5301647269921947,0.4630758266705237,56.94098161429438,8.742988677553369
SUB00176,12,8.514998185165336,16.63196020215447,12.076813221431843,0.0,0.03259480861674857,1.0,1.0,1.0,0.2646135339512762,0.30678551177973945,55.568012275146145,8.542129165948548
SUB00177,1,122.54991679029378,275.42078834792574,19.65920725402654,0.9088460467869603,0.9570260436893725,1.0,1.0,3.501981722906682,0.31473024312227227,0.3396968898275158,576.1403162061841,17.163625782834828
SUB00177,2,125.36870918905747,167.51683435890806,24.654772146813023,1.7555622567635418,1.2834946219869943,2.0,1.187989459481043,3.4052471608665984,0.4469730080320178,0.432629669960083,549.437076952825,19.692556229901534
SUB00177,3,115.87687964917296,317.0619767739307,27.48897676355893,0.1935731677193645,0.43838560955279116,1.0,1.0,3.7021460709565384,0.2816135602701738,0.305436931421222,458.6373649266205,17.396439271651698
SUB00177,4,98.13038307295352,252.6406492806661,27.476769884082145,0.3403422007592888,0.27611189457496804,2.0,1.5422729174299503,3.5222918499207765,0.6123709658917522,0.5413889715357676,200.44196190212014,12.59527829146948
SUB00177,5,121.20648013614695,245.15147737534872,31.300714381418306,0.0,0.1506595101159215,1.0,1.0,3.4065646328184878,0.2766205129081769,0.2788016490160451,933.5490853499866,11.095239399775561
SUB00177,6,99.56432915104897,202.2910180145924,17.17762975756581,1.020079790169112,0.7946159518699937,1.0,1.0,3.26308326412689,0.43890332080544103,0.4171525372802691,436.9358210010034,23.072609811454186
SUB00177,7,96.14882950872921,225.19177515579196,44.62186624438731,0.1607760471381734,0.9118442920539971,1.0,1.0,3.7006000025545203,0.3435271152842004,0.45918236044990396,556.2855864191383,24.09287328329573
SUB00177,8,120.3485766541907,176.36800479138373,35.26292325817104,0.0,1.2901755231798515,1.0,1.0,3.1770068292225333,0.617331674243128,0.5937827476834241,440.9359990222455,13.547740089028784
SUB00177,9,111.66601492542387,240.79095089558578,23.90858612528274,0.36980051829983496,0.43096699733264054,1.0,1.0,3.5407949943862342,0.620056114428498,0.29093204768497133,864.9857279662998,19.01302828673593
SUB00177,10,105.13346048042871,208.62640453838543,43.11200134084903,0.2883716553056803,0.4918401760729799,2.0,1.8500851722171872,3.77642748804424,0.336455086845714,0.26766084730913725,293.769421186505,18.06579359720841
SUB00177,11,94.87637193742778,321.59517054556994,22.947548055790655,0.0,1.0587836635598875,1.0,1.0,3.5202691227337204,0.2575695654359095,0.3683864181926612,471.19864543889264,13.004686828239798
SUB00177,12,116.3758626325043,181.2428227768174,33.248513436038145,0.0,1.041781856145398,2.0,1.3023820452521218,3.6896686806811916,0.5249064342320765,0.2559280999962845,396.2309340691142,20.926321117175565
SUB00178,1,46.709982916321074,259.90461786234124,33.69991894280103,13.445535400027003,8.891436677188237,2.0,1.8265997022268219,2.3272666222898484,0.4790990544882331,0.3068416034324047,367.7605491121741,25.283401412042792
SUB00178,2,39.65010176687761,382.15359171194865,47.443634894123676,12.80947893304432,5.450510317159416,2.0,1.9831182441654887,2.8079513885249994,0.48531326282029885,0.428336058309475,236.74887769647265,18.1001186146915
SUB00178,3,41.40682743595992,245.53846625415298,61.97641358574432,12.112364152644572,8.53009659191635,2.0,1.707284579180163,2.783671968264605,0.24947476788441403,0.4245578271001579,216.78505164100346,16.911915212651255
SUB00178,4,29.301455700323125,382.5803326233444,51.77492282434312,13.40738256115609,8.949804959258019,1.0,1.0,2.04177572221328,0.2609202447760495,0.41642344023228245,65.48052134943433,8.741946646122651
SUB00178,5,34.845559293694066,309.33433315977453,43.69119264024623,10.01269761684085,6.431849791108358,1.0,1.0,2.723880256700617,0.3473011792456224,0.44428467793973414,101.48436343690159,15.503854145743983
SUB00178,6,28.784891011374473,240.75118662753442,50.63292107761836,12.885999635395041,8.849404711771694,1.0,1.0,2.300595683308474,0.37072122371102073,0.39473225510118864,128.94767945223657,8.955346439171521
SUB00178,7,30.80366757766649,388.6973986726641,30.635181669257346,9.97975806971326,5.959291622938783,1.0,1.0,2.886390774666986,0.16792258979057476,0.5535882285097605,231.24968962157345,18.71680300067798
SUB00178,8,33.41162357605066,281.6200004669496,49.027111126639454,14.280464953626934,6.153628987266446,1.0,1.0,2.382872950365532,0.286532734465264,0.5847506636816528,133.79236395101054,25.190021534309288
SUB00178,9,29.720632193855792,344.2701052486601,32.23808079588168,11.034850404199082,6.440454908204468,2.0,1.9525547848764815,2.121852732089822,0.4078325247198975,0.5693407540603244,155.93235082112827,27.28372560130534
SUB00178,10,37.413383051961645,365.9960764298909,49.606723699372566,13.01543502404361,6.822047192832844,2.0,1.040706232902782,2.4134920072632546,0.2082870575325077,0.31151200914157734,189.88964604723182,8.589636376903563
SUB00178,11,34.140684167344915,400.6872592124291,37.40733792193152,9.382452437405075,5.113567641625992,2.0,1.5438395625105263,2.8519722187513374,0.47372498350990033,0.3931085524637863,193.3052827320978,16.83615866486889
SUB00178,12,37.80609665062103,275.74794945987617,35.861345486577505,11.231367366244209,6.584226691371173,2.0,1.302090677631323,2.9481297820427548,0.2274214741482171,0.362271105131712,112.83187255065783,12.758203012767549
SUB00179,1,1.5653399925202183,1612.2807201168935,46.24632337564952,0.007361062468237783,1.0561644948010809,1.0,1.0,1.2404928605110515,0.34413473123550087,0.505012315019677,10.376945153950569,14.809897427610315
SUB00179,2,5.833786397147712,1624.150646179617,70.01426795580689,0.318006330223844,0.3974756161873255,1.0,1.0,1.6673071985541632,0.37784285360574354,0.45295620555088734,33.82376288850735,13.457794114972387
SUB00179,3,4.212560199815572,1398.5249372795092,63.677030159115375,2.6022431377321924,0.15808098217850364,1.0,1.0,1.7924061734480112,0.2998872829220617,0.3252026751203799,20.660971319877586,16.702066456033034
SUB00179,4,7.497229480705516,1759.5299193880905,45.80128645638925,2.036722316815954,1.3434711114938065,1.0,1.0,1.206161878586848,0.5299095149484655,0.4825715764181254,42.055051476467945,23.80111496676812
SUB00179,5,0.0,1515.6454637822176,68.50523281271707,1.0405233967144225,1.0810367113378958,1.0,1.0,1.5087886985712657,0.48578834211319255,0.5333755613955543,1.0,8.435173352567752
SUB00179,6,0.0,1739.6072627985832,72.82350781041764,1.3228733935424115,1.4555460354086995,1.0,1.0,1.2780572327088646,0.19882038972790772,0.46195194915936005,1.0,17.259290923743105
SUB00179,7,0.0,1317.3019761827998,60.89584637096358,1.6620104051355304,0.06357646642241849,1.0,1.0,1.3950404285906908,0.36877574186358864,0.522939910422044,1.0,12.096275621208736
SUB00179,8,3.981641477913916,1677.3727426883281,61.318684565036,0.2932093960515382,0.7901038207880153,1.0,1.0,1.9371229536058292,0.15701464752093724,0.5086355902448356,16.242022407464756,21.37240748236204
SUB00179,9,4.794116577409402,1646.1052851823072,46.82072187430794,0.9228147967486448,0.16672581596533642,1.0,1.0,1.091575779761889,0.1694627147933711,0.3825846627082445,27.79439495522692,25.87135036089605
SUB00179,10,0.0,1759.694620021966,40.00570384195271,0.40160726291749504,0.4252972523703448,1.0,1.0,1.798381684704768,0.18457129401895878,0.4043861785817653,1.0,16.643604734949612
SUB00179,11,0.0,1633.218548216698,78.68372285561787,0.0,0.6410437278737682,1.0,1.0,1.150082534193827,0.4269475785789574,0.3974439776310898,1.0,13.007685762254344
SUB00179,12,1.6625238743525896,1218.8951125624562,45.82079725802676,1.1827416907439698,1.002216021352373,1.0,1.0,1.0756366615707993,0.5227276008576172,0.2730892737645196,8.265969245830417,26.464659610244585
SUB00180,1,75.33706621556631,630.4790452330906,61.0841127396356,4.283327953836391,3.099883653565092,3.0,3.0,3.666460578307248,0.33000254650861743,0.40235261766628444,233.02025482097326,23.578067528880204
SUB00180,2,56.28216968937261,696.0422173625772,85.98855315969502,4.707386109487934,1.5168967630318673,4.0,2.894118108016129,3.1196251500375007,0.4248359847050984,0.2907608642345426,394.66784881079354,15.23794423434769
SUB00180,3,53.40297530271382,735.2674523069405,113.65714316551377,4.82385602365407,2.510842875553579,3.0,2.5928261753665973,3.5543196746533963,0.34876231262587587,0.5476309866438216,215.49755886820708,25.273684443862003
SUB00180,4,77.00023328739532,742.5123199494847,84.19657023337507,2.650773493178971,2.186334254325927,5.0,3.2784920263437733,3.395132280940182,0.25189761165774416,0.27312846369111715,280.502097711987,27.077463534342925
SUB00180,5,60.87968373236451,805.5189178149335,93.67739712754044,4.9613889448958615,1.7244412170469117,3.0,3.0,3.7525387781208366,0.5522785286401645,0.4643886070635933,212.27890900419305,26.216774931539376
SUB00180,6,53.492146521518315,593.8754128403837,108.30582665567034,4.599218678758783,2.7218361654155143,5.0,2.6121042834489723,3.5135613107741968,0.6450108204538161,0.5935823772706683,291.0190531208385,23.44348327823227
SUB00180,7,56.57222492093136,699.0663586988247,104.51022742857066,2.6616452082995172,1.5883603318687165,4.0,2.9297348147268583,3.5788883442561596,0.2502210038574726,0.37394207353992975,360.00859231835193,13.721305693038545
SUB00180,8,66.18073900503846,501.97640817745815,101.03799098028588,3.771251522307877,1.5692053148916434,3.0,2.9885450535543057,3.226899003208825,0.45134570865455226,0.39426867041376057,203.57252228129676,12.387914707382283
SUB00180,9,55.14146814061579,458.8746482527285,79.90476931429046,4.502512153611873,1.5240065594611076,5.0,3.400985846561201,3.536338357911891,0.43517571919798026,0.5248058909984626,292.6173160607698,25.947309905584735
SUB00180,10,73.2906422185684,639.3261624304714,101.36437199266622,4.276399232964141,1.6246998297885231,5.0,2.835602248036079,3.2462165935327136,0.3344197671648278,0.2742492614310372,347.5615306979424,8.83133262853298
SUB00180,11,51.09928171834968,542.6513067941594,92.48722351728748,2.379875480752838,2.7015825937146603,3.0,3.0,3.1426091931486493,0.33782517662147526,0.5981522146686735,229.6160030494826,10.955836950265969
SUB00180,12,51.312045646539715,486.90085475377714,79.70379142638521,2.8530197454641337,1.7202558802488852,4.0,2.532620342952164,3.970341918718483,0.49194952757201804,0.276274557227341,161.34304116203114,22.72899192530399
SUB00181,1,7.083625703259164,101.62692451413533,37.53037729330685,0.6669561615548785,0.12039728513740589,1.0,0.8374313547615928,1.0,0.3488915052676609,0.4162920561568465,55.034291334760894,25.245803940654614
SUB00181,2,5.808590682257939,76.99446718108601,24.55716554306325,1.459165210302637,0.6829758681307833,2.0,0.5160591867190306,1.0,0.18471737271625194,0.5814178550453293,16.555864673009847,8.66769032547457
SUB00181,3,9.474510832095923,61.742272175259465,37.14772901290108,0.49893399738490823,0.5860451657600089,1.0,0.8184844665117108,1.0,0.31754478454763746,0.4947667152933969,47.46809943610848,22.14170339165267
SUB00181,4,11.325021772637356,74.18811070427056,33.02981316110896,0.9084303604371897,0.17397118704423853,1.0,0.7684117496164495,1.0,0.20964118766629047,0.5167829184556892,53.67535792948896,22.013237993944845
SUB00181,5,3.8642914329064904,100.13151960278984,32.42883433562456,0.5584945884862034,0.3260165957085158,2.0,0.7625256492778167,1.0,0.5405119605101832,0.4934868983971705,11.2228771076524,12.18694343277201
SUB00181,6,12.017957476947949,122.01657798319054,38.28683416567718,0.0,0.3820684470575636,2.0,0.7863977959039263,1.0,0.15348455462627233,0.3373796527547809,53.798695337776614,22.4783633867778
SUB00181,7,10.477026483871926,77.31285892291666,32.92768777150842,0.6885949087649931,0.39885255166007727,1.0,0.9518631241620129,1.0,0.4304919985561988,0.4719563120894742,69.48619954520258,23.534633395109125
SUB00181,8,5.922053192107052,121.66053226125024,36.298662741176486,0.042160239576181535,0.23155473823854256,2.0,0.7678667887768341,1.0,0.2905312752421411,0.46132132109793633,37.04050790551348,11.604357059007935
SUB00181,9,7.251569961673709,152.07678715490582,18.88941478210832,0.1801223539524075,0.2373265526225431,1.0,0.8313656803141809,1.0,0.27518119501942084,0.3575646590152827,32.71936740408475,10.290759877849487
SUB00181,10,9.346154166006368,77.76388822554856,20.318735880803008,1.0056734252211168,0.6274154415704354,1.0,0.6436656348066582,1.0,0.41563487185720605,0.4671056906788332,23.944337590309317,13.179386010002844
SUB00181,11,9.188535800346761,150.28580638144817,24.840630350002442,0.0,0.05235756763634902,1.0,0.7780303766530924,1.0,0.269687928179334,0.4498849935056452,19.440301607318922,25.991423393205046
SUB00181,12,11.008420545337325,154.44368586601212,15.649302675270958,0.02362398161299728,0.012239958692540243,2.0,0.8942093964443305,1.0,0.5085403466001698,0.27365087120608866,75.05473571494547,16.289431474692062
SUB00182,1,137.33460016033794,507.41085009252845,34.3002092341914,3.2679829653627923,3.1817322585414005,1.0,1.0,4.51011162387824,0.3804583677481189,0.4778869291592449,1023.3039374261044,15.106005943343774
SUB00182,2,121.35182730946799,338.29917476027174,32.63937790956695,6.238300921745783,2.3478597772593233,2.0,1.3813471713810148,4.757645301862278,0.6140376532694238,0.4019982733745843,413.9091421394548,22.51309286902511
SUB00182,3,130.27104285121095,405.6491368685248,31.54917232035936,3.677828873801453,2.0835594309521612,2.0,1.1302389274547733,4.924351787051695,0.3003584227107826,0.4212799671597961,916.7247436862311,8.07744021269335
SUB00182,4,112.1571885676831,345.1658641578185,44.77889533275837,3.282091244696266,3.8310370295085203,1.0,1.0,4.011393591106674,0.25586655732129054,0.3888192963352136,553.411885815223,11.65621577202154
SUB00182,5,119.91842315985717,467.4405380124224,48.358352780120256,4.714906365745215,3.25273336455719,1.0,1.0,4.513576321414655,0.45936391222132833,0.4454443276859331,745.2113451213318,10.212922577317798
SUB00182,6,123.478189380128,375.9315807287802,44.96773356063139,4.683270731033816,3.0436743482617565,2.0,1.8890779804608524,4.133536411847998,0.5383877359861221,0.3647776340481431,452.96522946894606,27.25965276256614
SUB00182,7,115.9279924222541,508.44026474098047,44.64958684226082,4.7100270447744625,2.8018387785553007,1.0,1.0,4.996392854885773,0.3917255430354012,0.5379070892199886,424.6658407358406,8.501472593884081
SUB00182,8,127.13806257321541,499.9203466063195,31.76400969771017,5.772351964451374,3.0127468693590465,1.0,1.0,4.914420592166876,0.45667752605213896,0.32623824130036216,1003.9773243797317,25.849128211031168
SUB00182,9,125.89074697429157,396.6036621786241,47.03627105361114,4.592938238348928,3.6288919377188877,1.0,1.0,4.961805449823209,0.3320321060872685,0.30604169218371435,707.5544712223309,9.861598610458602
SUB00182,10,116.47753503472865,365.14686491197335,33.888820954856655,3.479305975955887,2.960793329518159,2.0,1.386785720410296,4.328437578048149,0.2560602548611083,0.46580663536772016,563.8617137829118,15.465652977734582
SUB00182,11,116.53883116794886,356.43337456096685,35.43159956436548,5.591898817020038,3.065434801605067,2.0,1.2825708478454843,4.7302118162937505,0.25819633372800155,0.4455515596959597,751.6117693204174,17.41746524329649
SUB00182,12,129.53032445963896,469.1463645248242,39.919300307883006,4.569264562874593,3.264069250400491,2.0,1.9302932331895932,4.602983125190404,0.437308236242819,0.5340330627318968,878.6075991642756,9.94646079501916
SUB00183,1,0.22700520697508375,53.53174309654562,10.206215975590622,0.040406587050581096,0.07656813377825317,1.0,1.0,1.0,0.5093440109297158,0.5941874692408018,1.2624186746423587,23.919546439598804
SUB00183,2,0.0,59.03124125993354,7.09448394798282,0.29792301672706417,0.38789964357469303,1.0,1.0,1.0,0.31079048371633805,0.47702893937942503,1.0,16.206009189661028
SUB00183,3,1.6230173011242561,34.12277284538383,18.514991283242598,0.24510116570570367,0.37132961809918047,1.0,1.0,1.0,0.2889892636667827,0.25483929199793803,9.345403315877421,8.518507726077404
SUB00183,4,0.7007478488661467,26.568943384551982,6.598611895659636,0.0,0.49301923383864055,1.0,1.0,1.0,0.44437337893007534,0.28493567218933286,2.390054384556055,25.779646820732534
SUB00183,5,0.0,43.702624945255906,8.930613982628993,0.0,0.49508569390416346,1.0,1.0,1.0,0.27145049637375174,0.5278966015858628,1.0,20.509005715063736
SUB00183,6,1.9173516857634927,35.3649353182357,20.002235893694486,0.08600012167631538,0.4816088015093264,1.0,1.0,1.0,0.4958651717300392,0.57044407106484,4.95705795724555,19.086454386802345
SUB00183,7,0.0,27.289013888718298,19.31997874131401,0.0,0.29070726449044854,1.0,1.0,1.0,0.42884136954464736,0.4990904874730179,1.0,17.235388666215925
SUB00183,8,0.0,10.04980547503645,21.19216286522327,0.0,0.1261507078879313,1.0,1.0,1.0,0.5212291628078362,0.5332787755523816,1.0,22.111379142137366
SUB00183,9,0.0,45.23540181899341,24.482919413467876,0.0,0.29908286610276724,1.0,1.0,1.0,0.1761316267450593,0.5644653006496176,1.0,12.531383438321804
SUB00183,10,0.0,0.0,19.347008308975646,0.0,0.008476902486102667,1.0,1.0,1.0,0.5354979508235117,0.5062565229961138,1.0,22.230589316037186
SUB00183,11,0.0,16.80998554957985,23.496827767512926,0.0,0.3816603196232563,1.0,1.0,1.0,0.2502018273280457,0.4571123794191724,1.0,24.715769112174435
SUB00183,12,0.0,33.93892621362237,13.911774899084875,0.0,0.03373648212656599,1.0,1.0,1.0,0.40401304920696657,0.34440183230097743,1.0,22.01957784272371
SUB00184,1,104.72547053489218,285.9333968524591,17.48053777249079,0.6862399669476189,0.3936681149976462,2.0,1.1465542611694666,3.741637243915247,0.4986859520790574,0.48346129025333556,740.525677211011,15.509077213506474
SUB00184,2,111.56555531831614,196.47835277364402,15.219004495476144,0.5179104692348998,0.1798018917953489,2.0,1.104361809164216,3.1542892815400645,0.5174862650859909,0.4779697433165184,855.7200123217265,26.405464771467475
SUB00184,3,119.74390008222407,204.7918429808322,43.48253463890609,2.031907920722945,0.8226205172228837,2.0,1.5459942985038033,3.1817931155438837,0.44149173675549924,0.5282205311982762,814.8174575517362,25.233166241904016
SUB00184,4,100.2948706267885,276.22730496686046,44.972195429671885,0.792333433351827,0.5817930169235405,1.0,1.0,3.319364165804457,0.35290376626260134,0.39961952619260066,615.3303596392475,10.97731340641079
SUB00184,5,119.1670933201925,167.84869968129954,16.540712320245245,0.45113764712603416,1.4112847646868663,2.0,1.8658507610402255,3.5056734194325188,0.42085307433740116,0.415630894707813,310.63554485898413,12.391792086576993
SUB00184,6,121.70334019321365,194.47968606829602,26.924858017465738,0.4004600640340549,0.9988973444030232,1.0,1.0,3.2831454347861464,0.6281710691623865,0.3044339267144265,881.237602353048,23.40935911230376
SUB00184,7,103.3564245500776,297.10233603074704,27.22440291430671,1.3586301789220903,0.19492976347198454,1.0,1.0,3.687737533846741,0.6296994616289417,0.46277120038621156,235.91869958673917,8.298276453758248
SUB00184,8,105.87217766868024,175.94855782890494,38.87982284058913,1.9142595318267854,1.2580078324841384,2.0,1.9387546002316554,3.6144180746409695,0.4906316668753823,0.25542588925388227,501.06583591418826,8.859023555039332
SUB00184,9,117.99303577793326,269.2583005714737,36.386421795699334,0.5986941517663273,1.1976801069795904,1.0,1.0,3.2358953346598756,0.46922555483972817,0.352020393906334,251.09162887275733,15.81499772657625
SUB00184,10,107.3545573491089,204.13033216573933,23.51630251860123,1.6934968037470328,1.375279224576584,1.0,1.0,3.319731045770296,0.503896255555508,0.4946555039383934,327.0277574240068,15.599320842323433
SUB00184,11,93.99887101507603,334.1515654966986,36.04980385621465,0.8603460930315745,1.111168155551944,1.0,1.0,3.236799564758664,0.6349591735660209,0.305512950520573,247.30434000912754,10.753650232725724
SUB00184,12,95.17216299212518,200.00068674872867,19.098547417958173,2.1255110866191145,1.1188216449267974,1.0,1.0,3.9823054493384538,0.28426727187566025,0.40353463433857484,359.2391031773884,8.14668941917292
SUB00185,1,39.548602934851765,267.72713177292576,54.98906575219618,11.894366248533892,7.900870610979736,2.0,1.8328164938698006,2.252519047561003,0.470600101172292,0.31697163046963106,84.99651581143277,27.22241211113066
SUB00185,2,45.85756028194873,351.0154069107384,55.888885329160146,15.807130581568549,6.726702842633093,2.0,1.8924159132333744,2.2915070500357597,0.5249792726492054,0.3619473235331955,126.11236627580868,12.717797441286923
SUB00185,3,40.63595193867424,268.8592966394391,33.28606749262241,13.59363832200473,7.5898194096399685,2.0,1.402498262043019,2.5084285081477704,0.20205482143686354,0.42160730688007886,109.24508687599631,19.66259744021544
SUB00185,4,39.005116425045536,283.08707727938696,32.06473295142824,13.991580917823622,6.791114927130435,2.0,1.6036466558076576,2.1451772747875064,0.33718738798735803,0.26135947825496975,181.64175024901468,25.489717109390334
SUB00185,5,31.99044397994066,247.918475638963,52.51560801326856,14.114273357756627,6.112984817334498,1.0,1.0,2.739580587289377,0.4524286749406675,0.5522660285849774,69.9626397061309,27.619961206795658
SUB00185,6,50.08684750298424,258.96867823432257,46.74786330388959,9.927027384655121,7.3157557760161085,1.0,1.0,2.94631940873201,0.43717127419687707,0.5293958319884926,130.44686470074888,18.36915742311342
SUB00185,7,49.562991949341395,330.93256343354017,36.37284409520641,13.6186591714687,6.317791789488763,2.0,1.392517873015999,2.2382204896009306,0.160840110789895,0.3258005957596098,153.9171264119305,18.08948489424973
SUB00185,8,38.42005401665697,356.2653743456594,52.365164657890425,13.489994561324917,6.219097127066846,1.0,1.0,2.571127982816141,0.3736577298815721,0.5396733146120507,200.0810761827261,17.138057653839837
SUB00185,9,40.21310117567931,271.83980598123253,59.631138514871665,10.556136388566737,8.622479463538363,2.0,1.2174559853588658,2.054394053363826,0.3413824510358654,0.5141985555319546,239.6694578037348,8.55249944381458
SUB00185,10,42.0049442662694,322.09503137309554,64.31855298548683,14.388847000371197,7.062668245279656,1.0,1.0,2.794657170849548,0.5132936548747584,0.5996832896984243,234.93288839759967,21.637708594718614
SUB00185,11,38.943861147465626,348.65721938790625,60.086859294302315,14.787132975750005,7.8542061215690016,1.0,1.0,2.575442057343674,0.2694363689698621,0.49625620943435467,298.6649328538228,22.55315605208425
SUB00185,12,35.331537836307895,326.5037805517083,35.174662871822434,12.398250686476555,5.110352208002701,2.0,1.8804364963645592,2.7957637065184864,0.5227356476142673,0.5239486707946862,180.47840647192933,17.538685741581645
SUB00186,1,2.7615074080200777,1697.197356787315,51.35338513008527,2.081275970448529,0.7796838258792935,1.0,1.0,1.6345824456654288,0.3934207785758914,0.32744976948821614,17.530579785639727,14.033583092606795
SUB00186,2,6.554571119759334,1223.831218406743,48.640202454693764,0.343214332015296,1.3185465043595415,1.0,1.0,1.287821764510575,0.17219494773117788,0.5888958068495007,15.233930015949781,24.452530809013208
SUB00186,3,5.3659859479888485,1643.9525469656517,75.131670574031,1.9877803707819182,0.8588681756397465,1.0,1.0,1.6103665427010858,0.2507548495986906,0.5527789621015138,42.156854815431515,9.518201404272439
SUB00186,4,1.480542151049757,1228.9708750570253,76.02560494439709,0.45720962805337206,0.6354490602083062,1.0,1.0,1.8300077680991134,0.3078680961389012,0.32062438364482415,10.888126420961283,21.57112170523031
SUB00186,5,3.002375519784355,1488.9821266280283,67.43590889545226,1.3392930655208766,1.108088348782792,1.0,1.0,1.184387979725032,0.430223877461245,0.5367483706039269,7.703294041309576,25.91931946651927
SUB00186,6,6.128921096948212,1252.979455182042,54.24273634566929,1.0527044940694816,1.0872511299049268,1.0,1.0,1.3886884093176057,0.3147408890363973,0.4085831292327934,29.81678239654507,9.95361202433411
SUB00186,7,0.0,1653.9285305581764,71.98060746402152,1.4906350088266713,0.44936331792647044,1.0,1.0,1.7889108527984579,0.19665322101339927,0.39003506112561204,1.0,15.829120336832553
SUB00186,8,1.7382495171697059,1246.4255272134992,56.29991033519132,1.1914985900657882,0.1271450259897518,1.0,1.0,1.3896447628429884,0.33748297586598597,0.3892004432372088,11.666055267136072,8.579878775642351
SUB00186,9,1.2813459716831757,1648.760079926743,51.15912934468501,1.5783003342119133,0.8265736121271834,1.0,1.0,1.7239125134789401,0.5276113936057704,0.5038830399990875,7.200961508523333,12.665015447063091
SUB00186,10,0.0,1549.2746214181386,57.84408312884876,0.699107774399695,0.714598356670685,1.0,1.0,1.107851272022148,0.31494036833578254,0.36813140227201824,1.0,25.12825510471959
SUB00186,11,0.0,1463.5427541232248,64.32820816503123,0.8790997973228771,1.4509487700439805,1.0,1.0,1.5639403770644629,0.3688391395363497,0.5172169710956962,1.0,10.452603005137783
SUB00186,12,0.0,1372.6883745499363,77.91620012475099,1.1480917185565662,1.073560254148029,1.0,1.0,1.4109502119095816,0.548141001950652,0.47692299226647206,1.0,8.712344500591263
SUB00187,1,74.79279094139827,554.8352066474318,68.26865498136206,2.305168631047297,3.033169138160112,4.0,3.4491531624721645,3.0754201491318724,0.534329149987088,0.27984306036597695,181.77407803050352,13.515385031074496
SUB00187,2,53.1198752051503,702.1942886411251,94.52141206627815,4.4194087738028935,3.2405120484367576,5.0,2.8558743639706616,3.5246805399571226,0.4462400094068335,0.28775339947495027,364.95790118773544,26.257077116585748
SUB00187,3,80.21041245760159,489.58094072121645,108.25781840034438,3.9579869895975555,3.3103928069773634,3.0,3.0,3.2593918966719,0.45241634275931275,0.40520773566294155,446.9188598115859,27.764057392390594
SUB00187,4,52.97801372020573,821.755495561061,104.4358386551028,4.528128176356258,1.662760507791029,4.0,2.5729936242021676,3.3505208527739767,0.3004858521944631,0.3917590415678047,345.66911440352123,13.964523949259856
SUB00187,5,63.194802462138185,706.39877329767,68.11354591968183,5.060514388954478,2.8046554062879547,5.0,2.798331099065467,3.4999866613568127,0.5801032067131356,0.5873274406004019,355.89339966454975,15.527192618014059
SUB00187,6,71.2802427801756,555.5556890580041,68.04081705444747,3.45299286334772,2.1278054872223304,4.0,2.8276496746696176,3.147103672538621,0.5465550220944015,0.45625928529640847,495.593421186395,21.579082145500667
SUB00187,7,72.7028653941579,676.7854608166531,104.79038816590615,4.156244489471673,2.5670919524000073,3.0,3.0,3.8409257698780794,0.27606701749734214,0.4523078298489951,532.5925024086216,10.52839779098692
SUB00187,8,56.06813198305832,648.1140294288459,97.74317250553501,4.128837785251433,1.6564985636364942,3.0,2.6566258310504742,3.9958494909970064,0.2814000328226868,0.27650070631000584,377.00080703301666,10.02330512980362
SUB00187,9,60.30564661551958,696.5472703557324,75.06179196253295,4.218502163484175,1.733492722309774,3.0,2.8447907623691364,3.799012251877289,0.3259309179809311,0.4598013849928019,303.37674396316055,14.527709535992274
SUB00187,10,64.55571991940803,531.5768377734654,114.13013425860126,3.473468780464446,3.0978942381159174,5.0,3.1863732360937016,3.2158060612160666,0.5276987977118216,0.4032653515744256,136.97247702333544,25.4851970165564
SUB00187,11,63.03174598120002,677.0539041347851,62.09691569958712,4.219860987554419,1.9439588607522718,4.0,2.5778983859996565,3.7299749788915344,0.4265960617522623,0.5278068914237222,366.4964083631504,8.05569329253083
SUB00187,12,51.734010825129815,629.8315227818695,109.31833247438196,4.948506714872278,1.6857274103466993,4.0,2.5865483221594396,3.091447714884608,0.35203438481128857,0.5728973072840261,336.2458609413345,9.53305102438959
SUB00188,1,2.9233123975618023,101.62981177102998,32.63608864367023,0.687534369173125,0.5184417153224824,1.0,0.8628690356639417,1.0,0.449893152028476,0.4045498902962903,18.680104839337353,25.21372942819716
SUB00188,2,10.265762796836304,76.723542702629,15.954778368229439,1.4747463314382732,0.7219566065664371,1.0,0.7618055770508485,1.0,0.2721224890783861,0.25949016225272187,76.58383721383926,14.172672323316577
SUB00188,3,4.265701282050435,109.05382176540184,44.84775877931001,0.746104816495637,0.7793823551010405,1.0,0.9538671694159806,1.0,0.31013985934963795,0.5826951977701582,15.321319649420394,8.429558237181451
SUB00188,4,6.686753629182854,121.43349999601726,44.255387209615236,1.403466370057856,0.40853203110617886,1.0,0.5771126142860485,1.0,0.28077522227087504,0.2876381938524035,50.76242539308651,10.474076122204334
SUB00188,5,12.633122941347253,127.86904345175316,22.036034448616896,0.02523166580444064,0.6029068967194756,1.0,0.5228028826754461,1.0,0.5030409900180672,0.3099530785144317,60.74398863159941,21.536524423300396
SUB00188,6,12.143614749154226,127.84872919720287,20.92144075189539,0.37279227545811955,0.4400698320737513,1.0,0.7890143543626504,1.0,0.182080524069487,0.3504889313115551,48.10069699523821,19.498099626580814
SUB00188,7,9.169092334588239,113.24125019650889,30.2190891674197,0.49260823629938477,0.9446458792797889,2.0,0.843756857896478,1.0,0.5144075681142444,0.3883150141715761,72.92868672513632,10.077810642217637
SUB00188,8,14.645850277875176,181.47826606052584,37.868118207893616,1.2269748735690202,0.4619253605327107,1.0,0.8547017868984185,1.0,0.25331529341874387,0.3357673570781346,98.5327687948749,16.012956202173942
SUB00188,9,11.022843066738393,104.31195849786131,20.826116685074517,1.756212742887318,0.9836504167458601,2.0,0.9623314413427364,1.0,0.343667918931715,0.2932577471859272,49.08128408476411,19.746612436052736
SUB00188,10,9.892867550553586,135.55650999582048,41.23604213486273,0.5534476227822789,0.5379430100127969,1.0,0.875758025299851,1.0,0.24097501112099695,0.2874314163466923,63.06220047425005,11.37316945743491
SUB00188,11,14.53215347875934,119.75225590666008,41.85587345259573,1.8080504018698134,0.2925122339376035,1.0,0.7529619017316367,1.0,0.3312668264515815,0.3415844471963011,41.84493009790051,26.021950060529797
SUB00188,12,12.548272989654944,141.77300015969774,26.569946742363925,1.5787473115330446,0.06840251816600695,1.0,0.8604933080238811,1.0,0.5490637390529748,0.33238477133981764,62.46763337523918,21.47858561044758
SUB00189,1,138.56026369713666,333.5572818365956,40.306620476477015,3.9272151891149143,3.904514947239572,1.0,1.0,4.315079728048611,0.30162098263614767,0.4456635808165247,431.9244207452621,9.188163950939039
SUB00189,2,136.04900589151606,557.0704243271555,51.76801363393436,4.452334430258064,2.9156822097412607,1.0,1.0,4.785435866280276,0.39073111054417353,0.5723713558688639,332.63713079449036,22.40814676972129
SUB00189,3,137.60804931185433,506.3128927684385,30.36323336963014,5.674716841257732,2.0000549296673196,1.0,1.0,4.986582478939358,0.6261136732843493,0.48970074514489503,578.1068987053324,15.929038599767066
SUB00189,4,112.21320392003773,488.7871841944528,41.91694440147202,3.2730704934387362,2.5661464388090716,1.0,1.0,4.32873410250501,0.4897295819004239,0.4694613201388259,627.4258375033911,9.369962540601502
SUB00189,5,137.5996558020225,523.860175572415,53.30270175409488,5.9018150386142345,2.0462650247613103,2.0,1.3791816996700585,4.678276727381912,0.5423172119899226,0.5214773977739104,590.8685667922563,26.196667564340704
SUB00189,6,119.65013384153654,425.5791980463755,38.58623378781415,6.011770468650335,2.273357418395447,2.0,1.687200806805604,4.239492273662128,0.3334637939670414,0.5123256184229709,470.9335985618225,9.366105198562344
SUB00189,7,123.81893392353696,435.686909455066,41.338982741497865,4.437457212482941,2.0833946049154575,1.0,1.0,4.959220388823102,0.6475643000433705,0.3761548050721193,753.5289248993621,20.706870457344145
SUB00189,8,115.36521275112412,534.7832516046467,44.37941929739897,5.277733486680276,3.070496292687406,2.0,1.1156562117766522,4.189742994495628,0.3522514324958066,0.5128428546102264,630.2988213079087,18.070940546285136
SUB00189,9,136.56895072349292,331.08510570477273,39.25220926783453,3.625455857652202,2.7985929661829383,2.0,1.614303062600772,4.0332344652727485,0.2756026846861288,0.5784164218846157,960.0670058803714,17.792813013594994
SUB00189,10,116.46489967937558,531.8941079656206,35.941194633221414,5.833972759997434,2.23411861830225,1.0,1.0,4.679718426479818,0.28865329215923397,0.5526858894142026,727.1303864760595,27.11203678905261
SUB00189,11,125.90194521875001,424.42429467049425,32.365260530398366,6.268175351821389,3.2000500886805687,1.0,1.0,4.619910548230996,0.4583018658401683,0.46488310304878055,587.3796718508768,23.528230299828977
SUB00189,12,134.97038749743945,362.3629412435297,50.99846674119793,6.748293154787209,3.882205200509053,2.0,1.9188768427465392,4.935435526037511,0.45193276352729894,0.5826932539836226,714.7537993687819,15.577805760561171
SUB00190,1,1.5117161460095665,44.54033518703849,22.997239291926327,0.5481609997157688,0.4574133387300484,1.0,1.0,1.0,0.2000913698959664,0.3291427504185406,3.9547408276439318,27.31331693210685
SUB00190,2,2.05699612193359,32.13145350660251,11.434295918810658,0.32346278502347425,0.34870229061048585,1.0,1.0,1.0,0.2696652079841467,0.4081467965404388,5.794734117988074,15.528111307553292
SUB00190,3,1.712571090858995,61.113402054240076,21.205951873058872,0.17619409807372224,0.3604077308044265,1.0,1.0,1.0,0.2991748529944117,0.3512793311798089,3.750816726747296,22.02913746817324
SUB00190,4,2.4746672462765913,47.21050576108196,22.79788961725944,0.0,0.07640689367021258,1.0,1.0,1.0,0.5448631084093996,0.5313926443601021,18.167574876008246,10.719953137303548
SUB00190,5,5.296857398667771,10.117566004341029,22.0756360203402,0.0,0.05390528457002014,1.0,1.0,1.0,0.22354053437116972,0.39029318491470644,13.45752149816151,8.084928909592215
SUB00190,6,3.1666266669886394,69.31029209499088,17.422218609997685,0.0,0.2141669109655031,1.0,1.0,1.0,0.1638442701731672,0.3941825584912596,17.694696856352454,21.174430210705374
SUB00190,7,4.99543648761035,10.951192652327157,15.132384836299789,0.0,0.3749049861533968,1.0,1.0,1.0,0.3300284908267078,0.4638645245536261,27.24542564478852,8.525599498203063
SUB00190,8,5.368529945763215,62.61419495692793,22.97077802725475,0.0,0.3318637071683461,1.0,1.0,1.0,0.23292706769329086,0.30776815010386865,18.60102657826515,20.072926626655978
SUB00190,9,5.771791864347806,42.17221370254426,23.19214043635015,0.0,0.14294692070820536,1.0,1.0,1.0,0.1804885829633589,0.4105574724744674,38.95442415259076,18.891541816885123
SUB00190,10,6.340239792758956,29.244001801015173,23.51342827302688,0.0,0.06979710921613369,1.0,1.0,1.0,0.16477514762742027,0.3419380376129194,23.29591370706664,9.896138650205792
SUB00190,11,5.926679382002677,40.19176136159686,9.766415629198073,0.0,0.15056728308774758,1.0,1.0,1.0,0.422805634449245,0.36241313118747404,39.65372714173064,22.525128498101488
SUB00190,12,4.012289479836188,0.0,18.96691197164957,0.0,0.17696032761388747,1.0,1.0,1.0,0.35164519533907834,0.46294571640156335,23.745233130497667,9.376731575453299
SUB00191,1,116.0366732822478,258.4260387393472,40.041001995620604,1.7939956172630844,1.3078814907983554,1.0,1.0,3.534540297732996,0.44416996164258893,0.5469709818492161,458.3719655647259,11.226274125716436
SUB00191,2,102.67227390705432,238.90860538824683,17.627272899562502,1.227648820901691,0.9114628187689618,1.0,1.0,3.1217462886972944,0.5141853857053412,0.5610241738788064,750.3901963194699,18.242579324522843
SUB00191,3,101.96216924136137,251.33938135841186,26.999761014978056,2.0117855987665494,1.1060206435673186,1.0,1.0,3.65590404661313,0.5113460357769622,0.42196270898811694,363.36374195500906,20.48685905456417
SUB00191,4,99.55015272060345,314.1128847198426,39.60813916074782,0.6038528969401126,1.393869175476235,1.0,1.0,3.958723483541724,0.3135397421518048,0.36971667005519504,473.25784235233283,8.133919582785635
SUB00191,5,100.79865143297853,234.17188305395248,35.459090331864864,0.812997523743951,1.4905895287761293,1.0,1.0,3.8442719589977306,0.4903467797492229,0.3687475291594803,454.2743464158493,11.667793903719986
SUB00191,6,122.70625394315317,199.76929089230416,42.20976942345109,1.068329047816936,1.2531394863179435,2.0,1.3730518543489931,3.7653269033059322,0.38075270673439887,0.5804066938657637,253.62903768857603,19.40380899065764
SUB00191,7,108.73023397379693,210.66671566148474,40.393186876045675,0.8873568431638237,0.15796570119689057,2.0,1.6921837765192858,3.897937998030379,0.5875418108211088,0.4081348547771938,321.69277670270054,21.44627805304432
SUB00191,8,112.34273747803395,320.9478834720167,27.86339242476088,1.4832012865613802,0.25573480584473435,2.0,1.5013405061694296,3.9918987264530283,0.42590041884962404,0.38948823426404044,854.946304074234,21.22989722586355
SUB00191,9,98.26815817368666,265.0297123918718,15.269041701704397,1.5467196276191477,1.1210683280703106,1.0,1.0,3.9966392831370743,0.5136214652221396,0.34670065197254973,631.6623183154682,9.827297426409345
SUB00191,10,102.18914450707344,268.81335580239903,29.924995869068045,1.3355438494469523,0.2931475359233746,1.0,1.0,3.85649611947205,0.3472305725392817,0.31834933915846697,646.6368663590265,10.867703439429587
SUB00191,11,111.672180394169,253.00083593166408,39.48533152178899,2.381118115089785,0.6284268793839224,2.0,1.1162634256740902,3.18258222623896,0.38917777484142346,0.3098908329617588,744.826042406316,8.282113976528715
SUB00191,12,104.21474626232964,158.71436548516212,43.015469531233805,1.1550441649971002,0.05649265000105763,1.0,1.0,3.94732138494558,0.5265159739168833,0.4606792004001482,777.6435520160212,10.593245541700446
SUB00192,1,41.44040313538267,362.54640531618475,60.66315304947151,13.167827428922779,5.436805521608136,1.0,1.0,2.553609889274472,0.26211815857146437,0.4908481727323533,317.92957219433964,23.385129286546913
SUB00192,2,36.99635957910071,344.6897874090163,37.16621662704815,14.32078705587409,5.941237653780435,1.0,1.0,2.0209462218697336,0.3296707105147243,0.47710357372875556,141.6950706122417,15.345608865519345
SUB00192,3,48.096565710177245,386.93824566809377,47.104338235174446,15.538745672365613,5.838197559080715,2.0,1.4042998762787633,2.862670275269787,0.3830113054702911,0.5720936427352995,202.43370642664922,16.88151004381266
SUB00192,4,34.04419852552424,231.15908496757737,38.95166671064349,12.895927169353046,5.436354423001581,2.0,1.1478473208770024,2.0859932126314975,0.534073062123062,0.4165846950034341,231.9759454240126,11.415681157346434
SUB00192,5,41.85524670739392,278.57909386529747,61.246166983653765,13.424678105574117,7.933876788853805,2.0,1.4753635363598714,2.493214197724348,0.28569690830308603,0.43163977597978953,98.11888771227993,19.403676495928448
SUB00192,6,42.79629552595342,306.08893961554554,46.97413543754414,11.17312389571263,6.516677652019395,1.0,1.0,2.341630020792212,0.262459716836968,0.38362037620493883,103.39003806216652,27.8780150528736
SUB00192,7,43.98052331134369,249.4084116307757,49.99074108135886,12.69361568175617,6.217401553358962,1.0,1.0,2.966608315866461,0.3466970362441475,0.5568309648228087,106.84527453883243,20.411778317628368
SUB00192,8,42.822703566364396,308.8827531521166,51.56047271034837,12.013212579194354,5.998105023120628,1.0,1.0,2.4235744822586236,0.5413949508803682,0.5960724117273934,218.7289282885559,12.94920019538667
SUB00192,9,44.12839769333665,237.1270065565536,41.45085377412556,12.843274292416615,8.521479790688716,1.0,1.0,2.874564711377626,0.43570556642816727,0.2987145132637114,230.94116002507965,24.771158699841596
SUB00192,10,38.35766335475313,342.62407094363766,33.7311413504266,12.221000427752506,5.835052811025431,1.0,1.0,2.0136240013022895,0.354169179059058,0.598164797112498,170.67652924541989,13.48596783260685
SUB00192,11,39.414972405670724,279.17819792205376,52.37356596465436,12.939329313667569,7.188762362687329,1.0,1.0,2.5154662027485144,0.3686409495595626,0.5463832411420303,138.23078937792914,26.09449861182411
SUB00192,12,46.54589935545588,309.4706647681125,53.209888644017376,10.680774755313065,8.753456906151673,1.0,1.0,2.8689598012714415,0.2830311842256849,0.5502036481623864,198.5001066334124,8.507208580199476
SUB00193,1,1.255525937241132,1635.1621202809022,54.23170560512688,1.1504516905579232,0.29009051314356893,1.0,1.0,1.4865496794901696,0.4937756097837871,0.43529629896158417,8.243402533015095,12.791550792147024
SUB00193,2,4.711364610014699,1731.6016013050591,49.7106602021296,0.24281810276398808,0.831053832938389,1.0,1.0,1.126322649088881,0.19206865948703103,0.5719919235779829,24.81835232545683,12.97825257355262
SUB00193,3,8.220644869749908,1710.5514192076666,78.48267633737495,0.5668116104421007,0.5381092110664563,1.0,1.0,1.187834350701881,0.4617955445330778,0.5638351219025726,22.75288531981598,24.907652165574937
SUB00193,4,8.502532252092168,1640.1700926214119,50.503321251676745,1.5008292612570244,0.15802768150430702,1.0,1.0,1.740205253790424,0.5161554566831328,0.41409754118296715,59.90371312172863,20.340433927347476
SUB00193,5,3.2778195100188228,1413.4584347852656,51.3816350930937,0.9819626687027921,1.3630491696493419,1.0,1.0,1.9820625157660183,0.18545004779662735,0.4621578373498676,11.541154048206614,24.000300783228624
SUB00193,6,4.249852248375062,1336.0423822635537,72.55283123691814,0.22260949736232222,0.3260225427327124,1.0,1.0,1.1234970952079169,0.39349825356677837,0.4304486030348254,23.43795798260005,21.24990627361322
SUB00193,7,7.105972602468993,1340.278007184098,56.05503156322189,0.8504428528409835,1.1268096345656797,1.0,1.0,1.893373841019668,0.5235122458618782,0.5582367089100788,38.129414176365565,15.465595091042541
SUB00193,8,4.660839641600577,1552.2874972620746,58.55850887587968,1.7714522492248046,0.13702667450394523,1.0,1.0,1.5819310495576577,0.5261267125800819,0.30879254968403197,34.056364353126796,24.088608490717565
SUB00193,9,12.609605572569762,1286.766327083195,71.7038355216588,0.2661969263134777,1.4809725563293425,1.0,1.0,1.7532335579371465,0.2586214737040805,0.43585765637307267,37.12257697873464,17.2166584876464
SUB00193,10,5.145594090607556,1448.1754138384051,79.75143220748055,2.26908065924533,1.4163183551165612,1.0,1.0,1.9290572538560298,0.3778826119550085,0.35779642396828015,35.349902468458204,10.776202537121655
SUB00193,11,3.7848825379179662,1244.8246904568764,55.162988859083164,0.9412019146988901,1.1110982316644442,1.0,1.0,1.049894546695185,0.276281301251018,0.5882424193815982,17.28401247956996,12.44983342398137
SUB00193,12,13.029344978515502,1519.724898693096,66.25412295532989,0.5472995427402264,1.1361588674555827,1.0,1.0,1.079774096382752,0.4869406189694533,0.5665956856186658,36.664084397556735,15.509203745171892
SUB00194,1,71.2378020122815,696.4572337038732,81.07835821771965,3.382780200218062,2.109038999289033,4.0,3.2624231229009553,3.097637074064012,0.36704816620282077,0.45384434203441626,143.89183457287777,21.507449848137068
SUB00194,2,57.77409888216202,784.7627201016863,61.79975367141628,4.623485445768919,1.7972329682675277,3.0,2.732529703189211,3.6052852917484213,0.3515934581231063,0.4993603682441693,340.43269635363606,18.183364266749912
SUB00194,3,66.26198938610484,473.289302296297,113.3580770902906,4.74628321210484,2.4438482563939194,4.0,2.526228166852574,3.423670534189068,0.33987460286401927,0.3775571822512259,430.397481162022,15.267726996155453
SUB00194,4,72.16178530193173,788.45788477979,111.17944856279067,3.168923671127151,2.8340273143314865,5.0,3.0748985079279683,3.4297660894329565,0.5849067360636215,0.5123506720709778,198.38503345486163,19.925603782412878
SUB00194,5,68.66772632262045,758.5160961147631,112.20113132068818,3.68928767970481,2.250445478388022,5.0,3.1318488086449,3.4422020690235806,0.4347490430994332,0.5988300475217077,195.5700125934701,12.110321556855176
SUB00194,6,68.57576866358674,596.8856352597803,91.32071669446569,3.1866834984443244,2.1895192665788157,5.0,2.9389969627969745,3.7616944636614016,0.26881841466309975,0.42496202838397995,341.6364201871162,8.03550736971446
SUB00194,7,74.28138195808481,776.3123560800699,77.26896790602098,5.4563350343093004,2.0205211647887635,4.0,3.223596987009108,3.661822027574418,0.6184946781997533,0.5846599374443056,236.39135072563397,26.250848027465466
SUB00194,8,55.96851000735885,549.0678559195467,85.29273306305984,3.6589525524173245,1.7494749602876503,4.0,3.4071560107627623,3.6353890985942536,0.492865937831241,0.5981254783751053,119.50925127759838,14.395873702103888
SUB00194,9,54.75789837519003,534.0247749487108,76.32642142762305,4.6255420985613025,2.3038256043845173,5.0,3.25263936496988,3.41911828374851,0.5838540818547566,0.4341768318936327,338.43600195695905,15.171653869042842
SUB00194,10,63.92582926351367,681.8943270834872,108.25658695348079,3.2337047103194863,3.352073332555591,3.0,2.600776350241799,3.5718562267871268,0.2756680682329125,0.3304004766301607,322.5311343916305,20.276228635235448
SUB00194,11,58.05524565047321,519.7073346714225,69.73919907155451,6.01968813169008,1.5660817285113204,4.0,2.575310543869295,3.0760202021374092,0.5818483913262434,0.39960247140601557,310.14139391692487,8.61627333612103
SUB00194,12,78.76492192807963,538.261855579118,100.72817732894197,6.481342882450164,1.9758291909039172,3.0,3.0,3.4724871180663746,0.2817629720351813,0.5325781810667451,565.9742145226809,17.566643347377912
SUB00195,1,3.5494764618960515,133.41917760663273,16.459595206341387,0.7296085112730026,0.8472353454022968,2.0,0.7676341060032934,1.0,0.369328588983011,0.49145109059723135,18.402949767994045,20.192704323197713
SUB00195,2,1.9276823464406885,167.2286019561782,39.081246968819045,1.2568101579965731,0.309912154570389,1.0,0.6075724912068987,1.0,0.16820975682262487,0.43941669684989926,11.01363084836535,20.990439460573143
SUB00195,3,3.938624656687398,86.2926868666399,23.257337802712122,0.7533890315680977,0.36772304537987255,2.0,0.7636648757731584,1.0,0.26747964511273686,0.46856738018191935,18.53949732974218,23.456717368398316
SUB00195,4,8.276050307341063,152.892279720366,35.6846407384449,1.14536731597553,0.09269545187965322,2.0,0.5738865752218649,1.0,0.27437119452193975,0.3703450012561699,49.33143884141708,12.403277648234074
SUB00195,5,2.8648183539470833,122.38166529615211,28.73975114987003,1.5450309470119008,0.36550556253757394,1.0,0.7401304279462999,1.0,0.33637623132978534,0.2820172497385283,8.115961494330419,13.869599204666361
SUB00195,6,5.036900045561328,144.89155148420502,33.57661309366574,0.9749471835438623,0.24369671111440916,1.0,0.803438578971756,1.0,0.24819146401073958,0.4467752311212789,24.462366489817036,24.97030348303624
SUB00195,7,9.461399213012122,172.64148522650348,43.637741663766725,0.45167502087088063,0.5504638143627701,1.0,0.5523551822318239,1.0,0.2660968815021386,0.5862612030474469,74.1650481439586,17.78632884501409
SUB00195,8,7.804570266658878,90.10664748677456,38.723762220572866,1.441456040225283,0.7630592490875737,2.0,0.9939766274395052,1.0,0.2142928191136863,0.5874245199020619,40.96051146856519,8.766811529187235
SUB00195,9,2.202606400039884,168.39799694262922,43.33308332790119,1.1068532824135557,0.1495960941212373,1.0,0.8870660537806536,1.0,0.4859334831907762,0.5788726666841053,11.648279322150376,23.260828846965516
SUB00195,10,5.616521813826058,123.70856558763055,16.312969487376826,0.6359960269822027,0.5872666587938467,1.0,0.9736976647281104,1.0,0.28123317174668716,0.5196736075420361,23.20650085367695,16.92466444025665
SUB00195,11,10.148921417375028,100.51409288562246,40.81708994783123,1.3496850474248605,0.6178421260483786,2.0,0.7086290880214501,1.0,0.3692692769832634,0.47277622731204205,66.15555159599985,13.47722649511553
SUB00195,12,10.605448420167376,150.13829988567957,22.001170799657707,1.4247462536839746,0.8759577677491623,1.0,0.8327144590586761,1.0,0.5110681279064049,0.5806238126705554,37.62426528562128,18.291251416432672
SUB00196,1,137.60430273756472,536.3486025241464,43.18749098652823,5.010972993037954,3.835425854900309,1.0,1.0,4.993893888510355,0.5330657804212267,0.2959585723067182,616.1450943672207,12.97335598151228
SUB00196,2,118.20404704018482,536.3752639845052,33.450918468758054,3.7939346490151924,3.2222114971543823,2.0,1.5982743571038243,4.950587020029274,0.36031617549801687,0.29316273820066724,667.4855123039615,27.377381561081243
SUB00196,3,132.7802784055904,517.4122030830198,47.139961392529656,5.975479612481603,3.3029565859683014,1.0,1.0,4.373420499091435,0.5206970365386291,0.4445391557798075,361.1432516706601,12.505902805946347
SUB00196,4,139.75261988521413,471.42030899171,48.585016446207746,5.465317780774724,2.456091625027165,2.0,1.0835368621881236,4.639270375506938,0.38490982943213803,0.431304640686967,719.9007122389272,20.146049675816116
SUB00196,5,130.60690403190293,328.3748304900993,44.40462002628604,4.375743655623359,2.8601313140574214,2.0,1.662154436189485,4.5137814736237525,0.4938649323249126,0.29526921795412625,899.2073405910295,15.452794510983587
SUB00196,6,129.82127009847548,416.93946963494665,32.758721662663504,2.8035466877971094,3.9906002770036686,1.0,1.0,4.447545811936386,0.2840284842760886,0.5373134921224392,407.2046134769894,13.456840973395003
SUB00196,7,139.1766335454162,509.5459297204636,50.93225601926896,5.367877983685646,3.658215432193718,1.0,1.0,4.690145267370211,0.6212508821618921,0.34512223178883006,1091.2695712049906,26.20649133128635
SUB00196,8,114.81765970649603,426.1737554036665,33.15850334248729,4.68957668911583,2.79107805853107,2.0,1.5395463960782039,4.41324440412909,0.5925613534896986,0.2986690401266322,427.7387016098961,13.577838410716165
SUB00196,9,143.28353673530205,451.38429835891793,41.70259429782811,4.727514466109087,2.51187068930461,2.0,1.6408473429464796,4.145092383426941,0.6459373922214839,0.3939470606505336,916.7023785212842,11.534294422874325
SUB00196,10,144.1475055169734,545.4419014494902,35.6811144084645,2.932716335358272,2.079847902702106,2.0,1.672856079524145,4.077366992677125,0.4664981580237194,0.45091848642520815,303.7517980417607,15.543263615978404
SUB00196,11,116.63827467322623,350.02693409302736,46.84414062645217,5.714312796757436,2.3687960136573687,2.0,1.7553013388756566,4.04891540221495,0.551063898692458,0.2893512890153383,600.4392497124221,19.108221115517384
SUB00196,12,121.78297128561752,436.68300708459265,31.272441943382407,5.468894097988128,2.1812601303968884,2.0,1.6423778799888642,4.418977135772164,0.3870049154164815,0.3985579496700521,612.7908777836052,11.6932517834589
SUB00197,1,2.2513812479609157,15.069452173732786,24.52073620548376,0.3832376269004515,0.3197658349257874,1.0,1.0,1.0,0.3063010924133833,0.34663392332311704,13.34415295949801,14.872030305946737
SUB00197,2,1.3446257169866,55.60099643857774,18.86895680437015,0.0,0.10225778677899383,1.0,1.0,1.0,0.2097457388750362,0.3547780019528789,3.3351553642980996,20.36412807093575
SUB00197,3,1.7764753345844482,57.027089183351485,13.383715006627966,0.013791711760945347,0.35192471195726865,1.0,1.0,1.0,0.3305287375557183,0.5670553634931165,9.269753527737668,17.516662105725764
SUB00197,4,0.0,47.08152280998298,22.741723478775302,0.05687624438803801,0.4271953678300862,1.0,1.0,1.0,0.5275697953368527,0.4547014715848234,1.0,16.229165793845198
SUB00197,5,0.0,18.26122612366096,15.334233832565161,0.0,0.004886597607531407,1.0,1.0,1.0,0.32236502795266875,0.3731973162603083,1.0,20.572037034360157
SUB00197,6,0.0,14.11699807104769,12.137352404816015,0.0,0.4004092180014409,1.0,1.0,1.0,0.34151980600937426,0.4561266636722461,1.0,16.325879809070734
SUB00197,7,0.9321963787774841,77.92350141016067,14.526236461547795,0.0,0.10269991780032062,1.0,1.0,1.0,0.28043108796662786,0.2605859548544425,4.307926119176377,23.686276912346646
SUB00197,8,0.0,60.16732685361537,18.35579807706624,0.0,0.34660951534121803,1.0,1.0,1.0,0.3695268314074657,0.2750871477426623,1.0,17.226788429255606
SUB00197,9,0.5247813644733581,0.0,7.433763718897925,0.0,0.3689455589679906,1.0,1.0,1.0,0.28262061032270214,0.49769375426655127,2.9288636250812896,26.936471340236437
SUB00197,10,0.0,0.0,5.691584978217645,0.0,0.10862558043367365,1.0,1.0,1.0,0.4816591112330638,0.5059675882306913,1.0,8.369467650353357
SUB00197,11,1.2028993556306753,22.704020859794984,5.170465403516776,0.0,0.3847586628695987,1.0,1.0,1.0,0.3929481545015827,0.3763440680893235,4.555955740015387,15.66641773742666
SUB00197,12,0.9191705426427657,5.336321014771979,15.533398349670009,0.0,0.44049575968980254,1.0,1.0,1.0,0.5425411693162743,0.43088934985149285,6.261910734374993,25.161989228081897
SUB00198,1,112.74775675055315,261.9156005529808,42.19985577492787,1.4177209632904006,0.8824104940283527,2.0,1.6335343046021957,3.9811237479197743,0.6164549958014361,0.32345074616462693,795.6093570459695,8.42215417658422
SUB00198,2,113.18742057896559,302.91214651699295,33.92442816887758,0.4269437897984143,0.3685628968427018,1.0,1.0,3.060362229759651,0.5158831087248472,0.402925806428747,255.75167906946103,11.196317022248875
SUB00198,3,100.14701631221124,243.44910527556692,27.988080705694138,1.5664510568590766,1.0240605231519755,2.0,1.2265938742443767,3.25982172318905,0.3692461230825024,0.5093719543897893,460.0401519145606,27.19007632235919
SUB00198,4,98.62722251801453,164.19620543711463,29.38826273098043,1.4841941854023588,0.11859930561096316,2.0,1.8219767874385513,3.6074392956013943,0.3623789373640096,0.5034321389085243,611.8827687910292,26.25077813209107
SUB00198,5,102.13852694413245,319.6567873389254,36.48593298732965,0.5005001172619035,0.9623024039958126,2.0,1.6601436229856383,3.9518691910755592,0.2636155109733054,0.2580214540987032,250.09947418715416,8.033289085967787
SUB00198,6,125.34629016466155,284.1553150253054,44.9173503457812,0.5470302491314916,0.9744156766502243,1.0,1.0,3.8788800944340145,0.3835546908223415,0.4814194317588783,714.8635258641333,17.736723094642546
SUB00198,7,115.2302080023088,315.8906532424599,19.54407451051975,1.1311917864528174,0.06767582081572043,2.0,1.821582568620336,3.310605171543229,0.36986198030838946,0.5077987879214817,382.01423166255955,25.919973974595294
SUB00198,8,124.36606941059654,211.56567022009898,32.551732451575575,0.0,0.6008514039260229,2.0,1.322413312547348,3.2847199381084122,0.34869078241582263,0.4915475657975049,476.9775226294123,21.887956269683382
SUB00198,9,124.68863228676706,305.8464141923257,19.40581816901359,0.05183822989472309,1.172704721987118,1.0,1.0,3.89920417215746,0.3317539180124992,0.42532198785685993,578.9608988490746,15.205973923124954
SUB00198,10,109.25318271429848,305.50112145409645,33.024798630211976,0.13181224401103103,1.4045649734022536,2.0,1.3205529831468383,3.2328441707447153,0.4881085291127517,0.54150768246615,852.3827122711419,9.363808095586643
SUB00198,11,113.10243792927261,209.63335660988253,31.416194566218063,1.4589297167926398,0.5989976832245376,2.0,1.823239651586755,3.859372229008431,0.4576538911089594,0.33455979626600385,719.0524929891845,27.093470499566408
SUB00198,12,113.25321581967268,175.4544279964303,31.350452506549907,0.0,0.9933338733506927,2.0,1.233230911412738,3.6058232203637264,0.27106630886690947,0.25567098489292833,403.7778862578837,13.79037501289677
SUB00199,1,44.925026600860534,230.6477046790477,38.1778375870204,15.335113868213611,5.519085651493477,1.0,1.0,2.339062829230883,0.414288207930126,0.29089893807999806,166.431683173255,25.167292562065978
SUB00199,2,34.23684019010496,310.18379450593443,58.13829082991761,11.247880696381857,8.232811052744722,1.0,1.0,2.2345968696987137,0.3607955617213,0.5891731026180826,166.6168898413059,26.992794533220952
SUB00199,3,42.654520487841985,249.6204357278673,59.867056603160904,14.637879645868711,8.155515424160402,2.0,1.8208942693185128,2.7491579183179664,0.386716616490529,0.4593277696979084,310.59711140837,8.198232284980644
SUB00199,4,41.6673420930159,338.5529946880348,48.38702480088576,10.533044069774489,8.055071435271902,2.0,1.5547712797466968,2.343378959619197,0.4059137134708448,0.5648269026820815,263.69217825062674,8.459060819566979
SUB00199,5,39.179632082350544,276.23302569023605,61.90545431297333,14.94137190400294,7.042212829018402,1.0,1.0,2.13985393976737,0.3888618414717007,0.4136642449339935,138.9400340283805,26.858562829305463
SUB00199,6,33.38037331747842,223.056361735168,34.08575387054763,11.68034304947984,7.244660807977384,2.0,1.597925158783164,2.989236546924025,0.5467606376011438,0.39596016457066374,140.27513064029597,21.631057640998087
SUB00199,7,33.74428614854409,323.2607629625294,44.519183695770685,14.781413237003454,7.839674900285457,1.0,1.0,2.5963388398078466,0.19522322513271634,0.45907971692584615,88.28962380057345,26.035960604703362
SUB00199,8,39.499108780406345,374.8047922567933,55.495566422057436,11.34232235572248,7.343099220367332,1.0,1.0,2.2440164060664984,0.4999538751810666,0.586117785223761,156.43217976220802,14.847951750802824
SUB00199,9,29.470338616824833,352.65503051823373,57.187705790338086,11.983164416884044,8.5735136850485,2.0,1.6345214009056577,2.6580023254565166,0.4038601943746356,0.37611159392216464,178.93472869033357,13.821886393658389
SUB00199,10,34.54777442807127,337.2939551046082,33.41832970338711,9.231584778304327,6.291519263370661,1.0,1.0,2.486737564702099,0.19862401207919977,0.5161522959895153,105.63427222012444,24.520564476336233
SUB00199,11,38.62577356176099,332.5881978713361,64.36370429872929,13.297756429030422,7.480230572412953,1.0,1.0,2.8276944308676666,0.264776709642454,0.587169107025689,149.19528808360016,8.750923132135927
SUB00199,12,26.684398548085934,339.09091020584896,61.68043534647627,10.658898097797413,5.515833211279016,2.0,1.514125606277737,2.145141185778021,0.19584219835324204,0.3866581599386799,90.61256507527744,19.485279977852315
SUB00200,1,7.232895430966103,1479.9061876687074,78.46845719588781,2.5210201919759103,1.2754525107936991,1.0,1.0,1.6918719228842254,0.3217939915880298,0.5582703876605022,21.72549560955012,16.43826584388762
SUB00200,2,2.73192783914757,1355.045295246491,75.45448824691539,0.40655982459803464,0.8671797005158071,1.0,1.0,1.2962456738633734,0.24564240889225997,0.34121634617253227,18.407659568106766,14.09499608494382
SUB00200,3,5.750762743757032,1769.5702845991868,56.931304528359156,1.7320574223389273,0.12334483233973553,1.0,1.0,1.34935466918903,0.31061535527996,0.5000500883449914,42.39855814996921,25.882120859099025
SUB00200,4,6.341575116843708,1484.966995461673,69.52638784149033,0.0,0.42557920368596874,1.0,1.0,1.8117169346276452,0.25755780457519784,0.4633385044054643,25.740114808486197,21.12807429425006
SUB00200,5,7.469993743137359,1368.9546724958368,47.95070204184203,0.6727589233361057,0.31649705344050155,1.0,1.0,1.8051487301469051,0.4266502967189446,0.56683871589963,38.3276046613379,21.619287328127776
SUB00200,6,1.8642912546108956,1677.791778191895,71.2958961183591,0.0,0.9710622869060475,1.0,1.0,1.9137239250720532,0.18750571111253073,0.3385490532786234,3.881620188821938,18.35979994281938
SUB00200,7,8.199099037155573,1417.7805794790283,41.16338262771314,0.07578852163420524,1.3511601043720396,1.0,1.0,1.4809198482258616,0.4970140063722762,0.5520728023794701,58.59213552521468,16.026904499413067
SUB00200,8,2.9767535292276404,1311.2684607673195,78.4776471351506,0.6856325294123602,0.3636330091521356,1.0,1.0,1.093376065116655,0.18741599580163082,0.5476607799558373,12.780791600762413,26.80680202049016
SUB00200,9,6.458923792934048,1676.218729944098,48.66693669640822,0.0,0.23255181438011002,1.0,1.0,1.9640715200591847,0.4766348744912313,0.503498039073346,39.60790382097416,8.792104363347097
SUB00200,10,1.2684788139853875,1719.577200346114,56.80557892511509,1.1536205528528023,1.3940735832077242,1.0,1.0,1.6164030372427944,0.2082288416229971,0.40435375361983095,9.370033051011449,9.467341142380302
SUB00200,11,11.041220124757581,1575.2664496946513,50.04050643551179,0.0,0.030084746138679452,1.0,1.0,1.0207555153494903,0.2705847016263834,0.4867362859348171,33.661006932400426,14.645540330397502
SUB00200,12,1.1723245093635561,1324.1374398863602,58.88239770643539,0.0,1.085352472041819,1.0,1.0,1.931088057325205,0.46488901959244777,0.4625117951798752,5.416927284519616,9.200723581713916
SUB00201,1,77.73458577249684,792.052839290243,100.91613940064335,4.892296175379522,2.2986056469931264,5.0,3.209159847219847,3.809822190492638,0.604025181217549,0.32671047696290506,472.2748393337457,9.714359311756757
SUB00201,2,76.9298129540522,693.6993761286827,90.3614243689558,3.8276163028975074,2.7013862472403343,3.0,3.0,3.029803488891015,0.38923090781795433,0.40138463337761887,199.41441274566438,23.032426457672955
SUB00201,3,65.3983742901695,688.0170072096281,103.61126071881884,2.8354739789401573,1.6736478403457038,3.0,3.0,3.0149666005124667,0.48664331695265295,0.4187607329583247,443.3532457209804,13.133321888363282
SUB00201,4,71.08538240279886,675.1653276591557,60.770898547338426,3.1433967490906864,2.733688421777492,5.0,3.0256910991971697,3.0769315212640667,0.3890677233203087,0.46670243600604866,195.71942235698955,26.419882102622356
SUB00201,5,50.79202327079584,539.4565977415936,109.61022075266794,3.3243712271659023,3.418222796439082,3.0,3.0,3.361313976660747,0.3603362942954996,0.5412493168420008,396.44002078674725,9.240801499149445
SUB00201,6,60.7330579765493,791.5344216113157,114.06702809714858,2.7912575674228264,2.602800769382295,3.0,2.612658577165147,3.2603583548543265,0.5337602419245866,0.4850789261172098,407.5888286374378,9.255055599132351
SUB00201,7,73.31200059152486,542.8856837926038,107.97180830422194,3.169666509550906,2.638879767271475,3.0,3.0,3.5835241641873905,0.3844090601078477,0.4286085565401368,514.6062225952667,27.912144498479634
SUB00201,8,71.31734918223437,699.1085454459844,74.59077916048257,4.214802930160582,2.5989282606746635,5.0,3.4735347929297427,3.855270535921441,0.5811332767225759,0.540629550444129,482.10522428718946,21.584070194771446
SUB00201,9,57.61090833344618,514.3014252188539,66.65902275853009,4.93705643047659,2.9089144911692624,4.0,2.614321916516139,3.9255168239556864,0.34570839848469564,0.5057762948108206,396.0911392833901,22.81100661727448
SUB00201,10,48.1847583513883,770.8066687194258,102.61530705199723,4.43477080523005,1.9166800799852466,3.0,2.667905587979225,3.95517727446507,0.3785705508753395,0.33644473603878394,135.25625471242284,25.496136306240857
SUB00201,11,50.213758486755935,673.3365745205723,100.91077336126166,5.901404294313058,2.360582674395002,4.0,3.0608257491744144,3.593774866377737,0.6199073157694812,0.5726027402825662,193.7608131662409,21.981374448199972
SUB00201,12,68.62537180214409,456.52490090892934,84.43581414818328,4.796793696572463,2.0590739741081014,4.0,3.2777926568142477,3.08679758845098,0.381279303464338,0.458224066031199,394.0754049014943,21.325301493517582
SUB00202,1,3.4322214536556923,107.74533172928545,30.327954086867585,0.6714017924892287,0.7961083429526311,1.0,0.6173360645518271,1.0,0.19630606824885982,0.43788434581031577,24.398450442235156,18.30025822854802
SUB00202,2,2.983057645846657,132.060742209292,30.77097050051295,1.439841699664239,0.73744618205427,2.0,0.8743066446359994,1.0,0.2608558261123387,0.33984647850498145,21.920968409097792,18.689600133736974
SUB00202,3,12.814533052672932,147.52451182380173,28.497406116661764,1.0667207655676172,0.9187371533984565,2.0,0.9583939550891516,1.0,0.42250921104736583,0.5380865332560957,44.17722527182089,10.253106405640883
SUB00202,4,12.29981992704057,114.45278356973279,22.6138796850409,0.0,0.6996591466802623,1.0,0.6664710982114905,1.0,0.23901765294998886,0.3123345950423963,48.08865110265332,22.779090807476294
SUB00202,5,7.09765188468325,119.12529960800505,19.476483788109924,0.8803357954777525,0.3461552388082477,2.0,0.8465602733036051,1.0,0.2964947234763935,0.2780237683810675,37.25694157025085,22.002928288679296
SUB00202,6,6.7405450820357755,71.20536128274873,18.89568057633805,0.0,0.4800497743524085,2.0,0.6135390548793552,1.0,0.315045907783601,0.40908134474239066,17.43156044963296,8.900052665859256
SUB00202,7,16.294369349095934,70.57205232165474,25.83341894389067,1.1747726267980265,0.026573210325476437,1.0,0.6486162838003843,1.0,0.43637141973695104,0.3095809685262599,45.96571342940813,13.7309218612948
SUB00202,8,11.063783269147404,105.41617254882948,38.9421619791774,0.8928805686643098,0.07557790363446637,1.0,0.8072339388192644,1.0,0.1873028225492988,0.545328541590558,54.63607805857388,15.362778878109207
SUB00202,9,13.242113431900135,100.73774238570181,31.57677412767922,0.0,0.18477473695564717,1.0,0.7734517843240187,1.0,0.2991477815070063,0.5527386950711061,63.63169277149514,24.97263935941885
SUB00202,10,16.538530922878266,93.54059888818824,23.665888924631165,0.0,0.5066811264305489,2.0,0.9548216093472605,1.0,0.20531613832621579,0.2529435966134684,130.97143029291746,16.213005639254963
SUB00202,11,11.022969191094193,122.63481457454904,31.461753924804484,0.0,0.11733655009969512,2.0,0.8644255942810471,1.0,0.20493502334483743,0.453511229675033,71.12069087846636,17.9500052140641
SUB00202,12,17.806317417394126,149.92303054443406,42.1303566991856,0.2570535336098887,0.5603304823292007,1.0,0.9941838116294863,1.0,0.5460631340910368,0.3098810226046306,137.98471261298542,19.793102115458243
SUB00203,1,111.63782219537092,510.0233738440137,44.23985031458267,5.192250237500223,3.836505893392743,2.0,1.5476879871671922,4.662786347910524,0.3301511274312017,0.34543568646530926,591.5775911364918,8.058911594153168
SUB00203,2,131.2405865152303,541.4359117398775,45.58377865971697,6.529389492859035,3.5499129905962095,2.0,1.4492817495099786,4.813562300308048,0.5317743175785612,0.4154239966310601,656.2302390633133,12.578719195849983
SUB00203,3,134.22150851733304,272.5936002353512,54.780893573322615,3.6466365145784714,2.9616854474277208,1.0,1.0,4.577910517269984,0.40105190206984265,0.529111731062721,1051.205214670596,24.246337113574715
SUB00203,4,124.15586957794748,325.3915745049346,41.183960947633,6.817567419742309,2.341086482306962,1.0,1.0,4.857922285405919,0.39032259743156406,0.4843229906596013,377.62715061724316,26.09425431492627
SUB00203,5,128.1070848111917,383.4729966874454,48.00267044993868,4.071487252404013,2.5435039436554074,1.0,1.0,4.301926624699918,0.5910747863058948,0.5476695149605583,644.5599522762824,22.345138203903375
SUB00203,6,118.91988566397069,564.6771485616366,31.803013324505052,5.518325663337503,2.461978514790685,2.0,1.1357910007822065,4.314266981515626,0.5894874373846185,0.2962961337968724,506.2221358938131,20.683851210668955
SUB00203,7,121.52756188104729,448.2822982711673,51.77267270565114,4.423051073039315,3.3065934849715983,1.0,1.0,4.414978137659596,0.6120259560102734,0.3072440542793147,273.01205370302415,25.992325985645305
SUB00203,8,139.02643450591734,519.2994586686058,36.37225617598103,6.786169108422999,2.7149844776300007,1.0,1.0,4.486727875581792,0.280399956718709,0.5716390213178668,714.2964858139686,10.776542648345613
SUB00203,9,133.24536225784965,332.03152901037225,51.60653283032139,8.056409308768801,2.2691724494505507,1.0,1.0,4.611300254738806,0.2531694133492591,0.535766746116058,941.7698280536512,23.670101966980514
SUB00203,10,121.33373549932573,390.98487399488647,47.727506608295954,7.782921295410314,2.462175153854691,2.0,1.267069496697323,4.628440690331886,0.39688193731070487,0.5264855483507358,925.1466370033581,13.799622274675354
SUB00203,11,137.1537126269556,445.51734697860013,37.98263549124995,5.088390318851584,3.4248979607848584,2.0,1.8898149116692462,4.6711063872699015,0.31769391752338016,0.5070588413199197,451.0990114799756,23.59818880781361
SUB00203,12,115.04633696933617,534.758919643375,33.76589507543459,5.350147734642901,3.6752317673179964,1.0,1.0,4.86499147844015,0.36986347426309474,0.2769209995736802,249.25942631697401,25.99154622721119
SUB00204,1,1.7055203278888225,69.4626375772736,21.8776828034466,0.0,0.30202378681284386,1.0,1.0,1.0,0.2639280344873275,0.5381938738290438,3.6939737827085555,20.048555525760705
SUB00204,2,0.0,27.991144868572352,14.316655469354494,0.15620413944954745,0.31652533795128535,1.0,1.0,1.0,0.3728000342508815,0.4152325442198618,1.0,19.40354806556617
SUB00204,3,2.034014381028886,59.659876700026025,17.86104333150317,0.3824468377714416,0.1260658182745628,1.0,1.0,1.0,0.3591021222954651,0.35688560562635685,13.724185463873658,14.494553960743232
SUB00204,4,2.574919208714037,54.15065749108835,10.20583627870492,0.5567058605575441,0.016695238997732953,1.0,1.0,1.0,0.18351941577706818,0.5675705902598205,12.943239820698743,9.791391789231325
SUB00204,5,0.8843865667060873,34.89847623074889,15.162466516568987,0.4309264483478191,0.377183148287113,1.0,1.0,1.0,0.32872962013983825,0.4465428784406855,5.2039772538950295,23.820707897939847
SUB00204,6,1.830699990393471,100.55329161985816,11.391229439644563,0.045546272354715034,0.1259488490642861,1.0,1.0,1.0,0.1780576267434673,0.5577714612287696,10.815544184334225,11.2342430426682
SUB00204,7,1.682304922096335,68.16873786370078,16.0095384415972,0.2052096416013832,0.025149101078702607,1.0,1.0,1.0,0.4624267522141259,0.3263533553559581,6.282494338561583,13.560224632885804
SUB00204,8,1.3637636763358805,69.77243611423687,16.823681101479075,0.7116495767237238,0.21805144432768142,1.0,1.0,1.0,0.21506295616895726,0.4956710660658864,7.2145915362697295,9.633546375195658
SUB00204,9,1.1239716511313156,52.84970060416322,17.163614200626757,0.22509468431555943,0.20045435195281552,1.0,1.0,1.0,0.15798797689142544,0.45575338545315824,4.031891063300922,21.730584586218647
SUB00204,10,4.080614905090863,84.06543534531798,20.455006645926744,0.5437620697506041,0.19530095088250493,1.0,1.0,1.0,0.29985718202063316,0.5957516857110308,22.924985986002067,14.714017108481471
SUB00204,11,2.3110827572350345,69.83968282381491,5.046610396497735,0.8285613515173939,0.435824554070774,1.0,1.0,1.0,0.17712300824583133,0.3023194855016056,13.328953959488617,17.236187385707076
SUB00204,12,2.2956362316106267,26.2926653091777,22.164398668613916,0.7360164599022768,0.173680789364901,1.0,1.0,1.0,0.343773455107821,0.35491563832366185,15.432618849462147,23.828668398335697
SUB00205,1,122.67560020291307,290.4962888498128,25.294904935298202,0.04381787977490634,0.25442025290520104,2.0,1.8357516876409097,3.3827281205468323,0.3349353447934411,0.27948220401475266,431.2572608953558,21.947266267698573
SUB00205,2,114.20833367789456,294.45550240269887,29.123777843472965,0.42940206170926254,0.5563776989235729,1.0,1.0,3.30721399711559,0.40910571899464565,0.5606812317705474,763.0761958538903,21.806700759498206
SUB00205,3,106.07714987121537,283.25357802338266,31.30398902367857,0.2432162976180622,0.8526171466631469,2.0,1.1924499205741168,3.798122214388,0.6153131097426904,0.36013724761929916,230.81472118339795,25.953091200522454
SUB00205,4,119.62667428732925,192.38904684744756,44.2461300402214,1.1908052951818964,1.165815866990887,1.0,1.0,3.9583976789737636,0.47242549054955385,0.3158834990987039,250.71573230875129,19.04475134326496
SUB00205,5,111.82878032447137,228.77590010264137,28.128808014784582,1.8144023111760867,1.3262408504643808,2.0,1.1522659888195101,3.940638054607634,0.25931677948297105,0.32670622355414863,452.10629759832796,21.135998241166128
SUB00205,6,106.16607428730424,233.12596779753997,41.597131009131985,2.1935761835289176,0.18369420072981785,1.0,1.0,3.748213789844812,0.5010294762421864,0.4238661224099923,503.65652465526824,17.879037860348657
SUB00205,7,104.20443350050064,188.52772060432596,21.33885494492616,1.697175760550075,1.1272672027804584,1.0,1.0,3.092654641273481,0.27527826716298986,0.5115695589776366,243.6735680181569,26.98081127504732
SUB00205,8,114.90213609916748,268.5241362509858,31.91666347639327,0.0636044265106625,0.8228059689169891,1.0,1.0,3.8731571484673233,0.35029518840358587,0.5993694717788063,309.12487283997746,24.65899199250361
SUB00205,9,98.9964065694783,278.8058725420388,18.040017815065887,2.0743188362432656,1.1352316380853804,2.0,1.4180502918111748,3.7203425775353183,0.31094558772427133,0.2558801313661584,734.9702653403593,21.99979709825928
SUB00205,10,115.16145397175676,211.90654694487074,42.28276935954791,1.8339165764209486,0.4960093169449652,1.0,1.0,3.221573252920933,0.25978303871367203,0.49374565494655237,304.1910231556023,25.752551583025667
SUB00205,11,113.90505219854109,270.5075671695326,37.590684141457686,1.7378358683180894,1.168713874869665,1.0,1.0,3.565698883325134,0.635378354601729,0.42532743670575407,379.40712671255244,17.15456709139361
SUB00205,12,106.57197750369177,249.9538235680323,23.43240985647156,1.9016466001849388,0.27438139015044505,1.0,1.0,3.8013430815993856,0.30734431973953014,0.4545990052669511,390.2622703159866,20.59500686150693
SUB00206,1,39.675254439211244,336.25296181514483,52.39963918069835,15.49983302175836,5.176057699892222,2.0,1.7218754803528913,2.9679049408789626,0.1513330170899862,0.3329361782797132,277.3500931283802,25.83067146499068
SUB00206,2,37.998271552778405,383.5384247732487,57.5599909621417,15.678571431669026,6.097599644449099,2.0,1.4242992922856252,2.0157271363497054,0.35099589320186425,0.4658660519419208,131.7942156785016,22.548207705799356
SUB00206,3,35.065084272193786,255.0947480785962,59.95258614851073,13.339136538626795,5.256745556588028,1.0,1.0,2.610646813775358,0.4640146529123821,0.3684948607954137,266.6417958390889,24.273130474644123
SUB00206,4,46.59987131283023,177.9475334584248,47.240262249433286,14.691714396315728,7.381786479031361,1.0,1.0,2.1583213365120546,0.5149370200591159,0.3141469967635244,253.99073708225418,8.112193216973765
SUB00206,5,32.900129512549505,317.95367508723535,55.42887310011547,15.090283044009249,5.253561393012964,1.0,1.0,2.8395470265053575,0.16646412830267993,0.3380782015404974,228.96582460632825,16.118551176357585
SUB00206,6,33.16028413931783,242.33307531757256,36.23271616949949,15.670883981433,6.105713994967422,1.0,1.0,2.859596882730051,0.4297717548096305,0.3108595261496041,175.02755269223206,8.238496231863968
SUB00206,7,37.39830066358672,288.4901512239522,62.5761458760359,12.925931644080944,5.58342349918459,2.0,1.9490277536470448,2.7780642313393686,0.2791657642265518,0.3275885074723409,189.47047315249722,9.651986525712879
SUB00206,8,36.48886295081735,342.3522401798982,38.6282040654946,14.004360744410116,5.994368996254267,2.0,1.1578534155355542,2.325160065368194,0.2539394441578716,0.25760547064746975,138.84952777222483,17.33666817180872
SUB00206,9,43.24672218237834,271.6556574352431,32.62878742492192,11.886493876865629,8.655914892482308,2.0,1.1120524998709929,2.4967913017534817,0.3857894737122145,0.4592615883556914,212.67255744885932,27.623985968785455
SUB00206,10,36.127575450233365,384.31682634934543,34.68174799124281,11.425111946760232,8.553311861051883,1.0,1.0,2.020073632624624,0.48226522518506165,0.4455261418975599,235.08334293933123,14.633422214500149
SUB00206,11,27.784528967600167,203.8363237697042,33.47294074530965,12.587986696905281,5.1905212448726825,2.0,1.6559808213235563,2.240535745211918,0.48796729543834394,0.2536232075553785,125.81732592347194,27.238041937705987
SUB00206,12,26.449143883472708,345.2895967737976,32.11591085962447,14.57639506658373,5.511322763546636,1.0,1.0,2.5770228783159483,0.4634126990788473,0.2638176083457681,131.6390268553406,27.33983665750835
SUB00207,1,4.764458983556411,1324.5329603089235,59.97164239556366,0.9743815281872056,1.341167613925109,1.0,1.0,1.9979990839683237,0.16881289529134177,0.44237541504798683,15.807974917737274,26.753151818459727
SUB00207,2,4.9233802119742,1775.6359176718126,71.70899189365713,2.161940157073738,0.3355049189928967,1.0,1.0,1.361877965975307,0.3107327465990124,0.5983642480375398,19.328501397170175,19.09467148007152
SUB00207,3,7.203932433548428,1282.7283340076576,65.38886688803262,2.7629087054296906,0.3157782890922459,1.0,1.0,1.7435668711104535,0.4893887778987006,0.2537396282464353,52.38975581539743,13.308696279513148
SUB00207,4,10.097570607450287,1730.1617996321763,61.0062794191204,0.03332357110572817,1.0205296116916514,1.0,1.0,1.3439624506018495,0.4031091430780689,0.34554303063408537,70.3188036761388,15.568406330290534
SUB00207,5,6.298618999390662,1542.2350006727117,76.87398305420936,2.21765324374211,0.5846179372401921,1.0,1.0,1.9093374558660052,0.2797044700576372,0.36498399435188617,26.426870905586455,17.9557843592259
SUB00207,6,10.26546308317725,1595.901788835632,43.30644957803438,3.084559474932852,1.428028238122179,1.0,1.0,1.6511448219625322,0.39760688192680116,0.26409462526161465,24.948921972082207,11.905255866242932
SUB00207,7,9.877632735097539,1571.0835943554418,71.10469053923964,0.5310825578760825,0.5771611707710765,1.0,1.0,1.3142825272171867,0.34810926562207345,0.4237242456989462,25.51588620198069,18.966378337597575
SUB00207,8,4.521547530922332,1471.0952159948415,63.07974108342374,2.4677114179414112,1.0544670681182817,1.0,1.0,1.0132653587664224,0.2489474092533101,0.5793660954388895,12.244881052537343,8.272271611051721
SUB00207,9,14.241508045189626,1469.6896119812504,63.35082126933329,2.850460123715026,0.25910318850208963,1.0,1.0,1.448081231052452,0.5120059099507971,0.4628545926358867,109.15448793325855,10.063220119546003
SUB00207,10,8.289927268084757,1459.12316412583,67.81695513586902,2.078513601648816,0.6660028755046679,1.0,1.0,1.4530263106995638,0.2540019140768679,0.2901060276612626,58.36979961836624,24.40627146010219
SUB00207,11,11.40637904004788,1292.1989280364714,59.354611525740644,1.6418784639957162,0.1857175372328831,1.0,1.0,1.862569396986145,0.4187940358487988,0.5371080629259274,37.59526066168878,10.120683882967857
SUB00207,12,10.780566716637285,1267.321259780957,47.27596505179402,0.6141846019910728,0.8335745350053674,1.0,1.0,1.9167224517342913,0.5270316690897945,0.3399343702746558,49.700034951043236,20.910951530166397
SUB00208,1,56.24170693345891,566.0952231955698,75.73855187116564,3.580499935569957,2.4694507082938966,3.0,3.0,3.6817390853753276,0.262250118247255,0.29128394128430857,307.49178022823844,23.2036176385383
SUB00208,2,52.860337396185585,668.2413816139641,101.61043003269559,2.7435546413193133,3.031420655298052,4.0,3.1388951609227536,3.3515794317392604,0.538496254845484,0.5315678407528683,237.22755834597595,15.2513404042321
SUB00208,3,53.885754800378386,607.1082694573776,93.68743518852719,4.842367754991876,2.531036747557799,3.0,2.8417220640332226,3.171606108129894,0.41829073064032807,0.36148514557740014,263.79852706506324,19.91920254524044
SUB00208,4,71.28012577679435,776.5090453501001,91.11884603252685,1.922590589467327,2.928331935736142,5.0,2.73195726863732,3.658079546553733,0.28369028011179825,0.5255378323401731,239.59446956063422,19.869504353539227
SUB00208,5,57.71358538948734,738.0072248243163,61.98544141743942,2.087213597572643,2.418039663573113,5.0,3.197855303177525,3.879868655144735,0.33857270878101137,0.556833766330068,454.1195991852129,20.514155534635798
SUB00208,6,68.16843158254184,468.66444481935844,116.71599641613335,2.603545839004123,1.6309693529580402,4.0,3.42476893457576,3.0409413706580577,0.49461913437322,0.5424467009433014,291.63920741678623,20.23953551915045
SUB00208,7,58.95864263864861,632.8896850424471,101.09816815329542,2.524892347596067,2.67407214672272,3.0,3.0,3.3046128010847458,0.42676671486866913,0.5109490359093056,373.3290829518951,21.84579875026578
SUB00208,8,46.078756707332374,480.31161316529983,106.3709435195224,3.0395280602773265,1.6711988284984272,5.0,2.5928443451339063,3.2218137169743715,0.47756368428585017,0.49240200458452166,117.7625343188906,9.47788032747072
SUB00208,9,58.087140907052046,528.3276647147441,81.56418228509179,2.8745369701163845,3.186324246362042,3.0,2.6183801689758734,3.1653798931879984,0.379741830140949,0.26002244265522445,406.33302510983975,24.981102476111808
SUB00208,10,66.64898499171477,673.3733938998647,99.74073135698093,1.7368159075830025,2.038450579915759,3.0,2.7472980754959377,3.9941693083465517,0.5084858728249806,0.5637439762151639,513.6075831617632,19.624811969041588
SUB00208,11,67.50689164921525,499.8446204713567,84.09686928158627,2.9815549300988744,2.190008508698268,3.0,2.8720220888011534,3.6807138123930327,0.5908138109673987,0.3675829903585656,291.75748473955224,21.836678372681845
SUB00208,12,56.53681716563874,757.7510993862729,74.78056734343188,3.627393393767688,2.363216216856064,4.0,2.6832363764840483,3.0679162008808416,0.6137687806886974,0.26565566135635804,133.99644969753012,23.04203205650372
SUB00209,1,3.781114739708143,151.4952689120061,28.391030420753715,1.4810365865524098,0.3567201163922272,2.0,0.868511265481151,1.0,0.25156449149438564,0.4712025199082628,24.323799814048883,16.149523828387995
SUB00209,2,11.79084078898553,131.27514589723816,33.52143945476925,1.2146319443349802,0.7917025811158368,1.0,0.9887254057980317,1.0,0.35797100563462936,0.4970816490822204,52.05151530614452,21.012954346976382
SUB00209,3,1.9974696285887654,145.0389824643254,15.518393203879995,0.4932884683866463,0.8087754392412768,2.0,0.8560350932403161,1.0,0.25977402776553415,0.5276166293932487,13.506023200505275,15.218592769832997
SUB00209,4,6.902128817969175,122.24902492125938,28.51675477223325,0.5069048895433594,0.9528190490490244,2.0,0.5441172081139887,1.0,0.22584546695610985,0.4821427667485478,38.57492532735484,27.649082516107168
SUB00209,5,9.938061289175042,96.9949765789832,20.339518049242745,0.8036235001420796,0.19721252370500486,1.0,0.9428323369160528,1.0,0.3293631790822509,0.5450120256446022,78.82933926008558,24.998641602359868
SUB00209,6,10.950135968185435,161.8888714481246,17.52424585486315,1.3742090299999625,0.4583656327893073,2.0,0.6523959872533209,1.0,0.3284737325935778,0.3719689249472134,50.8483378423847,17.111082028942665
SUB00209,7,15.131518657609561,98.63848689837545,23.981244580071102,0.0,0.48269162196681914,2.0,0.8806426306729787,1.0,0.4321325512155696,0.36922175680415137,87.71870751096881,17.40981799884087
SUB00209,8,6.980826592820487,124.61937027173605,33.79746707913168,1.3826683286619408,0.888203918523471,2.0,0.5647252911215176,1.0,0.5481368750172285,0.44689017342056536,54.349897666927596,21.256289898875014
SUB00209,9,8.735804199451934,143.75209906086016,37.3171994660846,0.19864604074473002,0.41323937737948757,1.0,0.5269347274964797,1.0,0.1829649838768544,0.4582253127548687,39.11409483315337,18.00120695817168
SUB00209,10,12.257327249222502,129.07665381146995,35.63703090413982,0.0,0.50045777600843,2.0,0.548435746434836,1.0,0.5346752729383029,0.5478452527405449,90.27550151118821,9.516018011142425
SUB00209,11,14.051542950101343,103.68539667517234,44.74787904819337,1.3210578671536284,0.9156152924906126,2.0,0.6288288132453033,1.0,0.324242942048354,0.26367021177004096,52.03987551998024,9.467693323305276
SUB00209,12,12.136651570286183,118.37257371261327,17.903988356020882,0.0,0.5821219399115322,2.0,0.8565419939745175,1.0,0.2510761311868503,0.40861175932086935,32.533447365714224,27.3231634825197
SUB00210,1,131.12791797325556,546.0474002025181,35.31878819784785,6.322555375199954,2.524746162231505,1.0,1.0,4.260854808065825,0.6354624221239695,0.308673038885089,892.5798831147611,25.526202797166455
SUB00210,2,115.18745953385385,303.26734869250737,43.66198223364617,6.204762768584046,2.707768523988659,2.0,1.0510736173102635,4.528832026842636,0.6175536254324291,0.5181016901417067,502.0703508840834,27.67451783762459
SUB00210,3,114.6438499762593,362.03663622769983,51.45830752366373,5.021583800026155,3.496080493132321,2.0,1.4467665655966888,4.5615448384582225,0.4192856499851152,0.3241960658359312,378.91884049349386,18.198180335592838
SUB00210,4,110.096025562001,326.7938798278757,45.50278989997755,3.9716960850490977,2.9852326725401284,1.0,1.0,4.3937564298799705,0.6012615705797482,0.3015201530480231,632.1980870899561,12.33798639622308
SUB00210,5,123.35451913085804,289.3318843032675,42.101481185798065,5.107103625538027,3.3959923894173265,2.0,1.0190655290153727,4.8798611429478065,0.6333903835332154,0.4084250384192143,717.4207255332008,14.919546475582512
SUB00210,6,113.23719750587367,337.34837265605586,46.33967428255406,3.1849021304904674,2.1475370481543665,2.0,1.8031112576101207,4.030989016450634,0.575595144824932,0.5395418146194846,773.5729568464894,25.568385531041756
SUB00210,7,125.70302033696655,489.8386715098238,36.86773419435744,6.051017259763384,2.975056929562747,2.0,1.4546438001760005,4.279871919135073,0.2509490648081999,0.431711184676556,526.4722266360039,16.624758617403163
SUB00210,8,113.8322587380755,359.9265442446675,49.50027500542288,6.072046170059662,3.244113930114065,1.0,1.0,4.35692701938796,0.5655514094928561,0.46289311092821084,768.0782133038547,26.045630228448523
SUB00210,9,117.63353770420663,466.59109572672816,42.58023800079464,5.701956303138112,2.1092808577979563,1.0,1.0,4.024437267977509,0.6413551601472107,0.3242328911370126,930.2624054105027,18.890033532040697
SUB00210,10,116.33689694911696,305.23421067352115,35.124788105979114,6.818880300147717,3.0538904435879433,1.0,1.0,4.997401460337594,0.42742516321025115,0.3629275366737498,912.6000131479327,27.952453055824705
SUB00210,11,134.01578068787933,399.067391582116,38.79527493155601,6.441248230691767,2.748132019161819,2.0,1.2088627809041195,4.610367140749824,0.5603031856252381,0.26825174931645457,472.0393066095223,8.505152241662305
SUB00210,12,112.32926156648014,462.301631047096,45.52718796051511,4.885503957973176,2.7251813329204087,2.0,1.1299420843530767,4.8181080599795045,0.4572240354189342,0.5895938339054423,497.86857593453243,25.459991375690112
SUB00211,1,0.46407738027718237,37.275637144347954,14.628805910423289,0.4633918017980392,0.33252788538340494,1.0,1.0,1.0,0.4728710981673664,0.35500703115633747,1.433713147244002,22.703201039706837
SUB00211,2,1.8015553932407626,62.33942025309537,15.951178919324791,0.2929155602398217,0.007380724296167374,1.0,1.0,1.0,0.4954388818980663,0.5585034975509913,7.06907383543398,8.34492487407759
SUB00211,3,1.243819959882722,23.09157331278469,21.330691169044808,0.36755829312568455,0.4143375894332538,1.0,1.0,1.0,0.3259686752403558,0.4079837991223072,2.6256917937831425,16.1103805891674
SUB00211,4,0.0,31.174962805676,8.80756543207858,0.7070143901500784,0.3304284595562531,1.0,1.0,1.0,0.24332395074567453,0.29653022851686467,1.0,16.486138208798543
SUB00211,5,1.1933987866348754,34.88610017493507,15.757172167643226,0.7703696351637693,0.3931452405742756,1.0,1.0,1.0,0.39793814348956646,0.47090396156864656,7.138409530423308,22.952036513877676
SUB00211,6,0.0,54.02374865512692,7.738714303234122,0.4643544131816491,0.25633860614808135,1.0,1.0,1.0,0.5375139195903978,0.33909908153564716,1.0,25.95002064348681
SUB00211,7,1.0807008240113647,30.438305784404413,24.07451608365553,0.5531883567019382,0.02369176887576585,1.0,1.0,1.0,0.5366399971516381,0.26582924922148393,4.547537667092654,22.31557027501266
SUB00211,8,0.029182428933743232,76.07388030944958,19.386236691176325,0.6523935789455926,0.3601733847129281,1.0,1.0,1.0,0.4840099080822615,0.4162764587950668,1.0,14.550693095486434
SUB00211,9,0.0,33.659591198692894,20.200282260489207,0.33931919659274423,0.4039526555710568,1.0,1.0,1.0,0.526007039327736,0.5055984281363002,1.0,21.306656316199824
SUB00211,10,0.0,35.43744017203468,12.460821304684197,0.8970121403568438,0.43194715097532743,1.0,1.0,1.0,0.3046812766470417,0.2946823102494244,1.0,10.123649026203092
SUB00211,11,1.6191609111233034,39.88051584831797,14.061413257555628,0.6743694591954076,0.26194600340062013,1.0,1.0,1.0,0.5231378911774865,0.42475976507561186,11.634393871539016,26.80920685010406
SUB00211,12,0.0,26.84974393522809,16.71141693897777,1.1260574700374284,0.3031957396198661,1.0,1.0,1.0,0.18155791239559665,0.5917066488524267,1.0,8.345017174390374
SUB00212,1,104.49477335992562,223.29737137210657,37.74580321647206,0.6458028598133967,0.36979770468366874,1.0,1.0,3.4188812180174972,0.5232898485862364,0.34977548563919036,751.5412798741854,20.49800697953789
SUB00212,2,123.19891592255932,249.91449745471317,19.076527061564946,1.3592821767712249,0.2996917430924551,1.0,1.0,3.482548831184456,0.5567647004179717,0.4578672560619217,946.0443943224275,23.274111906115095
SUB00212,3,120.02404881578309,276.2846395334763,19.903945114356368,1.1766882701309054,0.5949395503303214,1.0,1.0,3.199530483273815,0.4064439940242168,0.38807682216586775,350.1036104592331,9.823033110544907
SUB00212,4,118.03658830586403,311.4823935038552,44.84052491444029,0.56514546402911,0.1232341269111904,2.0,1.972391562464968,3.0366836482109574,0.4605318750215506,0.4366421658360967,351.70766135141514,24.669372076001025
SUB00212,5,107.41438919891196,301.59921467422305,26.5640405644549,1.802873879945194,0.9051299807743713,2.0,1.1627271567503168,3.850134153636681,0.36008507328173645,0.599078583102985,221.31508509826884,25.638945675349497
SUB00212,6,122.84691127457565,271.3211689625412,33.460902800932715,2.4727259291092505,1.4231354095300448,1.0,1.0,3.525184526233516,0.3857260257923353,0.40940508202233694,361.01867169889437,24.892947888164954
SUB00212,7,105.7599495840646,301.6361495658871,38.64246400135407,0.9511763321608164,0.28310373094201763,2.0,1.0950438141696028,3.133103041118014,0.480423071113224,0.413700321433844,458.7930452493859,24.19327399343707
SUB00212,8,123.01297755988631,166.73620090530375,41.14028398550349,1.7756524258150401,0.01075197743045253,2.0,1.1255642752994468,3.7075627526996366,0.4988996894918265,0.2635440346336295,685.6949165360461,9.36285585551628
SUB00212,9,100.76166986373356,233.8642671238286,24.42935006183461,1.3612479099958283,0.2457406086239684,1.0,1.0,3.927990051215861,0.6450682163501402,0.3013208206713811,338.5109375196357,20.78326068445675
SUB00212,10,99.8605869606725,227.35115079889007,42.54284422909611,1.9941333181417658,1.4866196999415255,2.0,1.1734348081836568,3.2521732790378737,0.3863416332485249,0.3017227028326832,392.7902595088478,8.440480647169288
SUB00212,11,119.17524881704396,305.61411964457375,29.416382902878354,3.432780509656391,0.267582287993154,2.0,1.2768160015875725,3.9077391398403667,0.6068634391493432,0.41300382482725173,580.338716470533,19.33567366554533
SUB00212,12,97.91705384541228,278.4843898920839,21.401723073340513,3.008753148946327,0.49060922702785387,1.0,1.0,3.5961416499806855,0.33378621680593945,0.47683381852508333,599.8820832633745,19.625330129655456
SUB00213,1,47.968393858834844,324.9225059779622,30.495452656516957,15.784169758461605,7.860261970181045,2.0,1.1709924877763958,2.6999344513473633,0.28737731666629474,0.5564735836163408,249.4349934753392,23.316333882357466
SUB00213,2,34.71638979030175,370.1847668462751,48.47386336536032,14.094004160565472,6.210095596683939,2.0,1.9166786649099725,2.1375887169126027,0.29852730649671055,0.5857608542567287,243.3348146880046,21.4092896168748
SUB00213,3,42.24233417017539,380.3277572591469,52.36934842743522,14.330933696364516,8.23738947443413,1.0,1.0,2.3903774544937173,0.22991938551311905,0.28588632033568695,145.3931925194844,18.154997295287274
SUB00213,4,35.430466053452086,395.78824980674455,34.57287550154828,11.416449421914233,6.08508173543318,1.0,1.0,2.149917821828604,0.4379275182530826,0.497842798716264,137.00215917275438,16.988843926370826
SUB00213,5,42.52385726208244,360.7980206824519,64.220529654879,12.119679541856572,7.987597592944849,2.0,1.7383737249969644,2.558354407039566,0.2968581524829291,0.4300234380269504,147.61533391056153,9.482773305830886
SUB00213,6,39.98887874307288,381.4414272003849,60.8828859026754,15.366061988268529,6.6814326963506865,1.0,1.0,2.4872034828741394,0.25744584861339237,0.5134654512285535,280.7353862351654,20.400037386699466
SUB00213,7,40.36740684995732,306.40398345895505,62.27675587966548,11.263261447294358,5.7609019345399615,2.0,1.326789395617677,2.4206741305975665,0.5372750006548571,0.3008482434488077,293.76690258413936,27.185704081087373
SUB00213,8,46.47374151400567,332.7593103658338,34.229277062773384,10.266430691994653,8.913425404009141,2.0,1.3212371192058079,2.579078597120049,0.39762957997255854,0.3140251358638504,173.49619423485663,18.94555507907565
SUB00213,9,48.6064731816752,373.65258682898167,47.13807704654494,10.337874345464538,6.414526431052004,1.0,1.0,2.079756032226929,0.27085547686083883,0.3135267080501374,371.13331605104247,12.861239424257278
SUB00213,10,43.04877841427518,233.18869922427893,52.86484909601036,14.909041959910894,5.32033539240231,2.0,1.3509322018649654,2.388273449229778,0.526647415690132,0.26249617325590313,164.14678663829304,17.849118426669687
SUB00213,11,35.513589609192564,229.7687793015832,39.45295371538792,12.850521053524767,6.22290246822846,2.0,1.8054346988451915,2.452691877015828,0.34635836973418993,0.45855272777806577,161.63188664582827,22.521567125526513
SUB00213,12,32.24392309530777,364.0755282954633,47.02399098557231,14.097641490150785,6.868982458893795,2.0,1.1242041509079448,2.025522724171355,0.4426035615421733,0.4138665399626216,246.21844982661003,11.536320993819333
SUB00214,1,6.947767041530463,1292.3612394763043,62.762832372496675,0.6750618301547711,0.4261613814506961,1.0,1.0,1.692199930858819,0.19433673257087375,0.37500606367263634,21.090758170335402,12.687722666498363
SUB00214,2,8.9615563881353,1745.3726863545787,69.74673007619135,1.3856057844612926,1.2464697985392577,1.0,1.0,1.047613386416168,0.22718447221453256,0.26962921082710606,27.59288400926588,18.168425615488204
SUB00214,3,7.635763322755943,1527.278309897539,65.5964589823407,1.2695718758619363,0.4652767056801402,1.0,1.0,1.6376798928642895,0.35020654121605466,0.3990165798368329,34.95880207766467,8.844150480780945
SUB00214,4,5.021063650057366,1516.4334229266017,63.08434004321468,2.1333322660325837,0.42272632454175785,1.0,1.0,1.7815571951471503,0.4836403427603593,0.44903924604203854,16.69249332045086,15.539967486741833
SUB00214,5,4.052349937026843,1565.35446983072,53.025413016541044,1.4103776662049923,0.0059662379512351316,1.0,1.0,1.7249084783746014,0.3108135069496393,0.3151858884313101,9.589068867887057,22.293842002012415
SUB00214,6,1.8916747108185676,1334.4161255611216,53.77544662799389,0.0,1.097169970913855,1.0,1.0,1.4564196071657545,0.39474934283017415,0.4450273246032118,9.839072197212383,10.29078230414137
SUB00214,7,5.038379112911381,1269.2808784050974,43.08199662221442,0.64497495613479,0.5370271367539303,1.0,1.0,1.2139235932656744,0.4531886780683776,0.5276507991345429,27.644572402257584,14.306423751038317
SUB00214,8,5.325181460339852,1232.322576833283,75.66360022577658,0.0,1.0379573412321974,1.0,1.0,1.348814664526176,0.4148944553754579,0.2531799512561086,19.06149459255574,10.471996870123006
SUB00214,9,1.9540564326223997,1511.8555767834268,56.57058699615071,0.0,1.2119749188601001,1.0,1.0,1.425986093241705,0.24368473265385884,0.35621750989563394,7.455642913804445,22.847578160226682
SUB00214,10,0.20417776286129996,1618.3101706055136,79.92016039181698,0.0,0.40640534637519826,1.0,1.0,1.846459136302377,0.2964607608417538,0.45457023680127157,1.5443399554878472,8.60493450768304
SUB00214,11,5.3320401532716755,1689.8022037443027,72.63631110667909,1.3180934259423602,1.083948345933697,1.0,1.0,1.956879827544563,0.44464689201375107,0.3654604281115026,37.12651596569323,21.326815294391103
SUB00214,12,0.0,1388.1799852100028,71.88530637186139,0.9120177904862756,0.10823502220816378,1.0,1.0,1.8421849088866902,0.4977502668416792,0.3226303601751486,1.0,20.815498654992584
SUB00215,1,73.70064957431876,719.6100986623974,111.31251542405175,2.4143712797871912,1.8381004369887437,5.0,2.535798114613964,3.626012647075664,0.5138366890224653,0.5353000158993888,192.8702069658217,26.188613589574427
SUB00215,2,80.15483922827826,598.8147937873795,63.28236698182243,4.407635803875002,2.1451819969445385,5.0,3.226041254656595,3.5944282600983284,0.5296815242620444,0.2725981457650085,338.44884069521885,16.123393324330017
SUB00215,3,70.85649636506375,674.263470038284,114.35519781189724,3.7732833158613293,1.7068040423545845,4.0,3.2966862038462046,3.7223885497171945,0.28066908788502687,0.548001917484805,182.58162173637578,23.712556269214954
SUB00215,4,55.38370470340184,714.3167014007631,66.79979649404774,4.506758227437278,3.2825358656497343,3.0,2.5739507199464344,3.6386346670237923,0.5790028287322013,0.2792874907686781,155.85859619389572,21.551345139727694
SUB00215,5,77.91602762907381,708.9089403071202,86.64031884538352,4.124513334556505,2.1977926910147496,3.0,3.0,3.95672611518929,0.5069158046066439,0.5238400837175261,579.7091916343968,22.037186751994497
SUB00215,6,77.45093540334702,741.1201592615811,64.24827144824425,3.4057973115660944,1.6596937215841712,4.0,2.5985523251069065,3.8872275296400582,0.6377089932574328,0.5083673156230744,288.58059375719677,19.250821054614686
SUB00215,7,53.669618646266464,539.9530049678805,70.7320841676731,5.129583546023535,2.333870216765872,3.0,3.0,3.1633884639084457,0.3063251523824345,0.2759227979756869,297.1207967734687,20.041539597807503
SUB00215,8,79.91174381797006,498.48548518460115,109.76298638896641,4.04553709696752,2.9911720356428697,4.0,2.853046447493604,3.0132557148796595,0.4869843906530835,0.45177185157046595,233.93906166517218,26.126523127979063
SUB00215,9,60.698176131158206,577.1381673299629,64.89840755153438,4.129841086076152,1.8658925104953696,5.0,2.9459827750270713,3.1373015333706133,0.4429863303810635,0.42585351108500147,478.6696474341166,22.266086063002252
SUB00215,10,57.81861426418673,463.01145864918226,80.2762262438165,4.676708134570626,3.1998085240307583,4.0,2.896513185398677,3.229706969804178,0.323262838399351,0.5280912036705324,421.9555833944233,14.481701400552172
SUB00215,11,71.82794293930033,636.764847718364,68.27847330009486,2.9784723962729256,1.6623123448553405,4.0,3.4840049346013386,3.8921429949766915,0.4747511342453442,0.5220665967280905,389.9057094499879,17.87794172006891
SUB00215,12,63.04196381339774,627.9119251119987,96.51374321390966,4.902524799621948,1.6379425146412265,5.0,2.8296242891822354,3.535306119139646,0.27845717787287705,0.5511370402283671,126.34117261502442,26.12023787339246
SUB00216,1,5.95235000871774,123.21245299134098,23.596422127100034,0.009890057071679614,0.12941910571057091,1.0,0.6427296373496301,1.0,0.3809507566054312,0.4832580932793208,26.866078040434687,21.050643429515297
SUB00216,2,2.3386601926665875,69.55680213829625,27.04228104859342,1.2723417207150358,0.02681756434188476,2.0,0.6322781237891155,1.0,0.40657386931029993,0.31578074693478,11.533522011555188,15.341224341253694
SUB00216,3,7.413896864076379,115.75860965526152,27.797335110204585,1.5552468466806912,0.437552710192457,2.0,0.6634371437844324,1.0,0.41145551353373644,0.3507073740338234,15.023225931069002,20.853451995811863
SUB00216,4,6.481598049183487,167.09871420055669,36.98698110101948,1.1233094441294151,0.3569931875673312,1.0,0.5980438030838477,1.0,0.2449704342673237,0.5263432655728253,41.27885617170478,13.391752347240665
SUB00216,5,1.0177717669671997,132.85903214930357,36.06943069868822,1.9507159637788538,0.4159663289514125,1.0,0.8539107055619801,1.0,0.5185698815586267,0.3795449587516474,6.248062990338294,19.96189938110645
SUB00216,6,8.81771298889064,133.31013031868991,41.52557814301034,2.111809899241467,0.480348608585745,1.0,0.7771688157003889,1.0,0.4777688618258854,0.42940162290354866,31.23864138063486,21.28701274182125
SUB00216,7,0.0,107.51951173881771,19.716529166148725,2.3213182112521875,0.7415905638072333,1.0,0.774627608852409,1.0,0.1592091472899,0.3947518933783784,1.0,14.444748784317415
SUB00216,8,5.631794731504266,95.08916337778976,27.930185726335953,1.4919909468564727,0.8187276410748112,2.0,0.5606214806590517,1.0,0.402998739646489,0.582801704387276,42.82414362408918,26.62688432699216
SUB00216,9,1.4293948106272376,111.90882256872628,36.13317500182359,1.7113241989487034,0.6211078160177004,1.0,0.6439684694115937,1.0,0.3490874904911665,0.3127883772528108,6.075092571162746,24.013152306931207
SUB00216,10,6.391658681106157,140.41116958695432,21.015908321232658,2.188843862012006,0.9459329315828608,1.0,0.9852615030583032,1.0,0.1589753696712322,0.4315843934127094,15.459541828385495,20.067895200647047
SUB00216,11,0.734492649627537,103.80940389667494,26.063583053369246,2.3353840406329898,0.6554387258604235,1.0,0.9088668143538838,1.0,0.15462049614029366,0.5391505862325845,2.428646545251201,18.16512478069152
SUB00216,12,2.7895707247121733,81.5186864938795,23.9929865118365,2.031503644617394,0.4083174917600999,2.0,0.9952607278765493,1.0,0.32035437857670546,0.5962243974844642,21.06770270503972,21.459335136417405
SUB00217,1,134.0178144304853,338.6594537513796,52.11064654970272,6.364068164728732,2.207462578623896,2.0,1.37125115995436,4.250686405527842,0.37719226240779236,0.4375275357173486,398.2606074939668,18.18610916988327
SUB00217,2,111.3924877689984,521.999298304321,31.71505188478885,5.878811349609797,2.9483287461551235,1.0,1.0,4.054440165021508,0.602383215665717,0.4954825340222542,465.25690388006313,25.592850976813782
SUB00217,3,122.09315152201414,500.53905563006526,31.8063940627025,6.631099487185838,3.86361400100592,1.0,1.0,4.467889195319421,0.635104982950406,0.33578039015337724,689.7828391115772,13.882623096607858
SUB00217,4,113.75168741967416,415.35948814946187,36.59303327670911,7.279579738705568,3.6640758658216486,1.0,1.0,4.303462573153534,0.4647556729311092,0.542811202106258,722.2171023846785,15.192671550186533
SUB00217,5,132.08292667155044,324.79006578547796,53.42040495264857,3.3991919529178145,3.6794679989943013,1.0,1.0,4.193851532166804,0.4085186235240006,0.4744507970460301,513.5427294171054,17.76811798397704
SUB00217,6,126.98183505717869,480.5003554826652,44.79584812729014,4.7289380673346235,3.0976270541323467,1.0,1.0,4.737711479298795,0.3337669954798358,0.5228896217393417,509.5112270098915,12.661638774628411
SUB00217,7,113.88350924559941,435.2232508467772,44.03539512370182,6.761439399416299,3.2916891430785116,1.0,1.0,4.242076204310646,0.2950935289363157,0.3715146822333957,268.88992688256536,20.016585098331024
SUB00217,8,126.43265730283237,445.1726770622873,46.59962689473755,5.921312099332869,2.8307001794820863,2.0,1.6504722163881376,4.302437832702503,0.4695170043064115,0.5725333065195353,770.9212180322762,13.353323455820977
SUB00217,9,126.53822856636246,516.9888364644224,37.88089196040023,6.923787117640962,2.5521764666933766,1.0,1.0,4.241308261664716,0.25504486410191574,0.2536799948538193,954.5786000830276,22.696126515002895
SUB00217,10,131.03418046257366,470.9563776599501,53.143273346497736,5.0060115618098955,3.773139058784902,1.0,1.0,4.855011794054804,0.45786459659913803,0.3970524404544762,1012.5500242748913,25.774345859649777
SUB00217,11,138.79519094367456,500.2244946860354,47.288187989511414,3.518684463257324,2.437122703456696,2.0,1.617389880457384,4.243284944014673,0.4185504469593775,0.43529054865062594,953.8340122338662,20.231734644761293
SUB00217,12,115.02260058890128,369.70798754935504,41.74587760647763,3.4575877892106384,3.3201578097983986,2.0,1.0532813329196475,4.597667302211171,0.4513024501779297,0.30257054526485994,231.39736079607005,14.708324993328091
SUB00218,1,1.524038728049292,79.79233114487772,16.657146750598013,0.0,0.39675084866427485,1.0,1.0,1.0,0.40536024112829927,0.4568989699283079,10.780993650760328,9.114100103879371
SUB00218,2,3.1966588322629503,25.394953731800026,11.543379468459156,0.13054194274164901,0.27945547712455215,1.0,1.0,1.0,0.5110017265121253,0.5322256011669872,8.659158259770715,11.709581871911968
SUB00218,3,3.267527455707212,68.4318188506755,22.518725444267297,0.413658154038847,0.03586378344664626,1.0,1.0,1.0,0.443076771856022,0.3763068351644956,22.791856925715113,20.628274331396096
SUB00218,4,3.186687852418017,45.45586996955078,16.34624028438627,0.48475338131614426,0.38428859785651887,1.0,1.0,1.0,0.39545596617582757,0.5040374372279541,25.461364300094466,17.22898013968713
SUB00218,5,3.3598384687613514,20.201737935340752,8.929096380069222,0.8277381957239692,0.005315726149618172,1.0,1.0,1.0,0.15942178453353412,0.5590387094293199,7.398591143906833,18.744045408118073
SUB00218,6,3.240425603782757,58.98029882999933,13.000057014037036,0.7798209144051871,0.060079060762519954,1.0,1.0,1.0,0.3031495278589667,0.31823117820131186,8.113763680442418,27.47736200598315
SUB00218,7,2.6541374030536717,0.0,20.337884079124773,1.2169074900496284,0.2553406303549038,1.0,1.0,1.0,0.4782092182378841,0.2726589119652402,18.692188721101616,24.56077283698136
SUB00218,8,4.980596825286464,83.5260836474192,12.676094508039448,1.5432422638995074,0.3411485761536058,1.0,1.0,1.0,0.29466087312474737,0.44630349357927485,17.247252074093417,27.339024780164948
SUB00218,9,4.7580903490581825,3.934758530169823,12.346638307691505,1.260006352295889,0.05691195991975423,1.0,1.0,1.0,0.2924391913707988,0.3183709033891441,33.17814610080116,20.44768019055227
SUB00218,10,5.309889884205876,26.194066343857603,5.6222345956302044,1.9764134152629744,0.24148454635585803,1.0,1.0,1.0,0.4181424200177942,0.5335787558681577,12.907012693429792,25.481173776898387
SUB00218,11,7.565944576149162,0.0,23.780858136519477,1.6188230909888512,0.43515220816502387,1.0,1.0,1.0,0.4029178705882078,0.5005730500656708,33.13806745905123,23.680004534098643
SUB00218,12,6.689507241546737,41.15499023689994,6.13543514229111,2.027620764012762,0.4011952294009631,1.0,1.0,1.0,0.15091412284615882,0.3407432228403136,34.46331359389585,20.006308205611177
SUB00219,1,99.08382309187886,255.06723215571597,29.671905256589916,1.5885488142870914,0.9134382154712613,1.0,1.0,3.2686078267376732,0.5470615386791621,0.4776444829120343,331.5279828367746,25.231249096522696
SUB00219,2,105.92838676136758,205.50804564085814,40.808189947481736,1.7471717839825713,0.47245551525762386,1.0,1.0,3.864206109320164,0.2534059510579417,0.29974318353114854,288.57179735639517,14.356472343850681
SUB00219,3,119.65167925403287,188.03395235779922,23.652974826644687,1.342654687621147,0.17133426820017877,2.0,1.9830562192806964,3.5525952291404472,0.380929517550455,0.29177301096977104,899.1348672898775,8.753393977448082
SUB00219,4,103.64586234359426,228.87653917683198,36.51361105091109,0.7418012970544066,1.334275987021778,2.0,1.035807618136397,3.9913800628140614,0.3747770056503852,0.4092720579297181,400.1119473478994,19.129732905813967
SUB00219,5,113.8649043208726,215.19127502875736,31.398959939500493,1.6141015089487372,0.917330885655858,2.0,1.1018481943999694,3.78674870081776,0.48342398137291565,0.271877111119238,871.6748989765558,21.008087624600723
SUB00219,6,106.88685451875799,230.10219564660912,23.899049754481453,1.6876695171785658,1.0680478710803596,1.0,1.0,3.6846509927073705,0.2778432330158681,0.5462157800268106,668.0060866242196,19.95680347197329
SUB00219,7,104.7031758528982,287.43174035572247,33.13637335767574,0.9550918687779806,0.2267390082247122,1.0,1.0,3.238454058645895,0.449082368358271,0.5296083658256973,554.5725387540534,19.94258890397227
SUB00219,8,96.7882378390906,335.32106276386844,19.545209082923257,1.4058947402981983,0.5969303324236068,1.0,1.0,3.7947346707304583,0.6081889176548342,0.4065534636011875,766.3889664178283,26.658224360301872
SUB00219,9,91.54600131997321,250.2468226354302,35.20080006980476,2.5094977950154336,1.2308131934144404,1.0,1.0,3.7655759827420447,0.566096544594099,0.3111747429789778,618.971612429779,24.749910808650398
SUB00219,10,90.85890981668958,192.94868027820075,39.106651808012444,1.7718308424851261,0.0055221722051424504,2.0,1.6102409512141718,3.370272601530683,0.6018820443556286,0.2787837634919574,521.7614595582766,22.057640030524144
SUB00219,11,106.9953352986504,199.7388510336673,31.639750962043145,2.749041925759115,0.19054356918662685,2.0,1.1284672704336207,3.081204549002733,0.2823101534813711,0.2683325928626472,235.26962754036768,24.15515233618939
SUB00219,12,117.08215883663594,197.7193451424803,39.555483113017345,3.1857073819680743,0.04591369384629135,1.0,1.0,3.003007934216508,0.5225700852206911,0.2935758545014272,291.65717789642054,22.382706630463176
SUB00220,1,36.59670502047381,250.61719130143217,31.35691410388447,13.819317755520858,5.193375594604968,2.0,1.3925460893699237,2.8242066440754936,0.16715084319489373,0.46493968209642117,190.06882183733688,24.76948449526398
SUB00220,2,35.98763697598133,223.8995327786843,49.10147245159402,13.656426547569264,5.169959927508476,1.0,1.0,2.9296404594500407,0.4713270642590932,0.31298350011457055,201.06535930715862,10.640491075192767
SUB00220,3,48.281894398909714,250.04406369235363,30.08884542908832,11.670809700600618,6.384708109116057,2.0,1.4678876051850314,2.8564081470682994,0.17380533607781032,0.5456884243184739,285.74231543821355,21.57546404471886
SUB00220,4,47.28902557738035,329.4020970826317,34.378661549444715,10.778451075352585,8.525990775097895,2.0,1.780770652443811,2.8819208701348664,0.33674254927099867,0.28428560027731475,230.95334964687206,15.027457762217404
SUB00220,5,32.46986911294316,344.8669004418895,50.88660328544786,12.139392401758666,7.721085651512144,2.0,1.813551974491745,2.2975523675436067,0.30869267096282693,0.4427496254235591,255.4019552828705,14.250490463936158
SUB00220,6,31.92362517013752,404.09097638923276,59.016535240191445,15.94653586294334,8.018999108809211,1.0,1.0,2.0209461858204745,0.4264965878877276,0.5358714029671121,70.67356459383646,23.14126298361675
SUB00220,7,34.02001437496087,387.3337339217826,55.939918217387024,15.807006368152788,7.046714051067315,2.0,1.3670268216472667,2.3246097154488226,0.4299913387571148,0.27105906215204995,227.35986213782957,12.993644687582604
SUB00220,8,42.71868753528983,351.80224822229087,48.92917695193822,16.238570948984837,6.145606077968486,2.0,1.037931825039328,2.281175379610236,0.4261959044989806,0.3161190971895058,313.67130838760744,17.643556062398492
SUB00220,9,39.323973640959046,261.07447289633797,33.84666788589831,15.800835605073067,6.129868747338948,2.0,1.510053463007981,2.569104311478621,0.25360873484580093,0.4371106249174507,300.285097592802,8.04951757965609
SUB00220,10,45.0969920092393,348.33831197190085,32.12185647985014,13.088036638626278,5.025808279848466,1.0,1.0,2.920253341726627,0.5123062424373946,0.517333163597337,289.6144114003574,20.016243893269827
SUB00220,11,51.124694392787156,343.92657908338913,57.369151956135774,13.77823298112626,6.366386945769772,1.0,1.0,2.2005489262525435,0.6222084890259336,0.5402495710321502,366.5849559223625,26.27961712911288
SUB00220,12,43.68011546337837,270.16997150509144,31.73548711318356,11.367368191254652,6.439220240676738,1.0,1.0,2.912991812484697,0.4741733812983917,0.5513929884709448,293.0311712410869,27.461871491662137
SUB00221,1,2.9510771432660077,1467.4810806965759,50.58726714425181,2.6681863231296545,0.9975694535718702,1.0,1.0,1.6346130131281327,0.17568620992127978,0.5732389708318835,11.104621515145118,26.547966884003728
SUB00221,2,1.401345891779471,1382.0784334144241,71.91802994762895,1.7534980750102582,0.6504574739054295,1.0,1.0,1.4195458297760832,0.343046304993874,0.443900632205555,8.107772970799235,12.20244717029454
SUB00221,3,7.263964169749583,1679.7715209283672,61.018307085715605,2.9066929145646165,0.6299741383227258,1.0,1.0,1.4489873456840892,0.48920470071814504,0.471632148059041,31.439347931090914,26.10993327738887
SUB00221,4,4.039978655546547,1700.4826536277749,74.8450429211263,0.22185476052733705,1.1333529283835069,1.0,1.0,1.600559360826887,0.2854417460464018,0.45761735878401044,24.95403326133798,15.292395288005569
SUB00221,5,1.903530383632632,1737.9239747940435,75.89022497249934,1.0687134643560854,1.187337392452144,1.0,1.0,1.9977689698579149,0.5314801355921737,0.3935842361031555,13.327294017126743,26.19458555493705
SUB00221,6,0.32157398901377166,1661.7245239262325,72.22736537286806,0.5205370624468917,0.5628057733221665,1.0,1.0,1.4663579103933921,0.256231631799247,0.26918077759146236,2.270656959802258,12.490399711350188
SUB00221,7,0.0,1495.7877256507215,62.6200577687174,1.7818944144921676,0.3007346386378687,1.0,1.0,1.1097252132641162,0.44753204893556653,0.5837538356344799,1.0,14.660187191747404
SUB00221,8,3.251621139601739,1350.22988162754,69.26254350727008,0.9220511314729706,0.8236910952494045,1.0,1.0,1.5166139544848567,0.4177181617229807,0.3033041369753514,16.8620938188486,9.013730817735322
SUB00221,9,2.2599558514619753,1724.0533193305826,57.301803045049176,1.6392533055136607,0.581756670699852,1.0,1.0,1.818745199476115,0.5387775380051686,0.4212274714957557,6.255072417817338,9.76676755728826
SUB00221,10,0.0,1465.476750475235,54.51311438753062,1.4250878159933462,0.07505092495381926,1.0,1.0,1.0220797603240972,0.17352872715161533,0.43273096687450147,1.0,27.464898477454057
SUB00221,11,0.0,1675.6721427916289,41.74072599750099,2.313690675521603,0.9115293557010372,1.0,1.0,1.3466314116317015,0.49295498908997937,0.5163921361599269,1.0,16.45074905993047
SUB00221,12,2.3274474227325914,1242.0816384833772,71.99531925461125,1.8165926684528697,1.1722047813560752,1.0,1.0,1.9346577441043964,0.245847272630438,0.2693786231707368,13.873524851632224,22.568427959542234
SUB00222,1,74.91201110005213,540.721346844164,79.49790487918031,2.4222584044971494,3.1348230723921033,4.0,3.350396783983192,3.5707349392728887,0.5348631184732396,0.5581554700611597,288.41612593358474,21.244521117059207
SUB00222,2,58.744763698076014,554.6992699447977,71.46159319694911,3.3924839415472197,3.000649388727922,3.0,2.8274086598919537,3.009414736100237,0.3763347771400064,0.34525161411928346,309.44652323716934,16.03560924089353
SUB00222,3,78.46509536259022,488.5068779250721,63.19589112456675,4.437929350742848,1.623353833305552,4.0,3.3548130491311725,3.420557989442173,0.4346429829704229,0.37682743676895947,330.61518230813346,23.869104695106728
SUB00222,4,49.01851356040194,553.6236036914954,72.91270187200377,3.1399954490801876,2.9836169717547136,4.0,2.7431294683260554,3.482913599036542,0.28945896888291245,0.4621129005548993,205.8229626438696,9.939382345380329
SUB00222,5,67.52063668185433,465.6827314723855,112.21684433992031,3.670383083569721,2.186211138659973,5.0,3.3119086967566367,3.354239582956562,0.4186957804232435,0.3286309175822312,429.93834588595263,14.983056538967585
SUB00222,6,69.01565904848447,501.3901584722073,109.4713685986246,3.617370703456535,1.8345098633855375,5.0,2.9636149499511757,3.265512669524831,0.5823186702726219,0.40258473959201607,325.2423558737651,26.438509788041866
SUB00222,7,65.50737338422319,763.6635731125058,94.78081435700312,3.0429197674534656,3.0516154860237403,3.0,3.0,3.5117177862673863,0.580409116383132,0.25308865315077134,334.51885115812576,26.711591231163695
SUB00222,8,67.85656729629625,693.7317474264066,82.12084832087919,2.707973728478295,1.582961462938389,3.0,3.0,3.2918340167028237,0.48474023397245747,0.4240878181337816,540.0629557115986,24.246641843530607
SUB00222,9,76.4234693553674,697.6553130047876,111.47365778660301,4.222434332975392,2.0387678838749346,5.0,3.470625420405267,3.1935691919420424,0.3113513565982484,0.26523338818752545,406.232474841166,22.80657523449128
SUB00222,10,65.37637744553976,772.0369536572596,68.4480804510674,2.6783256189203497,2.588751791391198,3.0,2.5732372010185744,3.8674945712620814,0.3845721505466988,0.3407888967949956,400.45695021094986,20.271217284385816
SUB00222,11,76.65751454966525,494.3739353261781,88.9210060031038,4.094147302592181,2.1717719391225074,4.0,3.4841514082894958,3.82393095694411,0.45020346083122564,0.4502067559524515,187.74320000330175,23.865494252454834
SUB00222,12,69.81546435233953,581.6535831778457,108.59511805808759,5.022953971100931,1.611029919461691,5.0,3.189443592735934,3.6714220428725843,0.6277031607415292,0.4846737437743084,398.3012002273111,22.202218173603498
SUB00223,1,8.775684829714447,161.80326023429333,34.00706457228921,0.27314108589110975,0.39956103861634673,1.0,0.7011762039732414,1.0,0.4173994923188643,0.5220987331335167,57.74053222929733,21.238918287870533
SUB00223,2,6.038782296885817,66.4758468218078,31.74262751869565,1.6651759291055912,0.8319342423091445,1.0,0.6299406960705483,1.0,0.48142027589942316,0.465592122626792,33.1222539623513,22.41340304996228
SUB00223,3,8.831280504212266,120.57904712140245,23.88523933608967,0.8111029793401627,0.8217835624318744,2.0,0.7271974987422866,1.0,0.21194775992662912,0.5374788110209372,40.24119657297659,13.022999512876055
SUB00223,4,2.5679932012152022,103.41967235234321,20.407314392842327,0.5665283676882171,0.16592316230788018,1.0,0.9491328580640574,1.0,0.2645980555073576,0.38068482052872077,19.385803374123828,19.672122777909326
SUB00223,5,3.602448371664723,100.10442731177747,44.09790207680963,0.0,0.6576385424842299,1.0,0.8039427325050686,1.0,0.4897289314121117,0.31438003553878013,7.999360446387242,26.887598589629416
SUB00223,6,9.27038278220304,127.1056657671096,43.75194278537201,0.9319727963745169,0.5567083688487436,1.0,0.663837435650695,1.0,0.2915282689975915,0.5639236158079832,57.37021961645694,17.124831544271004
SUB00223,7,3.2430716762796923,117.48944959390995,37.13411232572341,0.051193149057198184,0.3084061507075716,1.0,0.9014738959627384,1.0,0.2601925028273788,0.4365587753390681,14.288357017351432,24.55351018682415
SUB00223,8,8.712956647600143,86.81480667462141,24.41715328343377,0.8447124969294646,0.8235822454441057,1.0,0.8687803459000542,1.0,0.4688873542100326,0.3454088065350854,67.30463042978565,15.332183972068036
SUB00223,9,8.90042509051431,130.85894088774705,18.063764351767876,0.5756948040640539,0.18506251803362306,2.0,0.8124978642424434,1.0,0.43721993788282243,0.5922616689953644,40.738840208187156,27.363021598376758
SUB00223,10,8.481499855208414,107.30427807906685,40.84647667211664,0.0,0.3590528168111362,1.0,0.6680764827766432,1.0,0.49476109977813754,0.4040423318094424,30.99975642109497,19.556148206113566
SUB00223,11,11.324492054138188,144.59638779127454,30.109623115176937,0.0,0.6509696828367448,1.0,0.623056231727616,1.0,0.49255087948796916,0.3925462474396398,34.724798212737305,20.85420174483971
SUB00223,12,4.561983359702547,108.38281130379342,44.80301357873758,0.0,0.7634625143136599,2.0,0.901248360527831,1.0,0.3514756212745005,0.28701794234452377,27.558365351788847,9.192882156530281
SUB00224,1,129.08694395289197,489.9526267466767,31.35728650201839,3.3784728519391902,2.1987931071254616,1.0,1.0,4.097642086256529,0.5414831355820061,0.4607036576296458,977.5821490560456,17.619855669167805
SUB00224,2,137.166297022232,332.34909311466464,32.48452583688911,4.105115387057434,3.4194612671115916,2.0,1.9014754032676286,4.146805896277923,0.37869533571952896,0.3610183816591169,1075.4980456671187,19.658157310472305
SUB00224,3,119.5929679072762,401.5903207418128,43.732073312232046,5.550369821200659,2.052511936735798,2.0,1.1802487244499957,4.649373197980189,0.6010188611315527,0.46096899894112964,718.9026992529598,22.014246837960727
SUB00224,4,117.15061852704319,405.594370379196,47.17483545352822,6.223223859330591,3.9084024564815865,2.0,1.1319389102317379,4.477794541681373,0.33360919220169993,0.5873712506506998,632.1676976885192,22.00318832151978
SUB00224,5,135.99876714343026,486.06309813267666,35.73478562899837,5.246751174726471,2.078240430261549,2.0,1.1774525931976152,4.6157254404718095,0.2779848311094835,0.2536300566753436,532.2194311145263,24.11286906443923
SUB00224,6,108.90983243827625,440.79230028013137,41.97016494303835,5.601979901708971,3.7517833394889575,2.0,1.6922103733506324,4.54291944809143,0.39180800933527105,0.42239183563250615,792.7364414557522,23.461160933678542
SUB00224,7,123.08930071036637,422.0379087150034,41.172061153957195,7.754365858869807,3.902718693507359,1.0,1.0,4.947180757416235,0.4322481032561112,0.3205705222016869,327.9643478669582,24.715688934183067
SUB00224,8,114.73056292103578,458.8538714759614,51.26673380091796,7.121546758068746,2.243492840051656,2.0,1.233408207230853,4.332187848793347,0.6246864545807017,0.311444142484404,553.3405771313159,13.898082462285819
SUB00224,9,116.28152444030853,370.53369707701563,50.296778055864635,6.135561487365154,2.2733017063360514,1.0,1.0,4.9850032791399865,0.4882976308866168,0.5860100332502283,301.4293246296299,8.852496916693845
SUB00224,10,115.27315671696371,324.2000457970137,54.62546090503591,6.645894324330248,2.1557233955338235,2.0,1.9253060448374024,4.7415435837894,0.29656454858502646,0.4361517924684922,509.1184434324178,26.080877215381165
SUB00224,11,124.85997379614736,421.4170086302455,48.98496464477783,6.766811785133018,3.5135492924705733,2.0,1.7136140613017896,4.007517346297287,0.5599105518562911,0.39268077482740754,629.231686127773,27.29384122608603
SUB00224,12,129.45412380003427,494.3444555767316,50.55498541559691,5.3698513103888565,2.2248193047593348,2.0,1.900718915012479,4.2760623814297585,0.4831893157362581,0.3824267660618829,379.9182851320162,8.900460539895064
SUB00225,1,2.03894602130227,33.78191071934708,21.185689518907527,0.06981908721511862,0.38124325798717706,1.0,1.0,1.0,0.4857028815137818,0.3827956458702271,9.154530358301939,23.888307311035973
SUB00225,2,2.1023462576733105,75.15749140524997,6.635840415199075,0.4682777619443918,0.18442335954536865,1.0,1.0,1.0,0.2544436340033563,0.3947458123107364,7.813512191245338,23.691150352743193
SUB00225,3,2.951218120392465,31.712078317001822,11.977711745753819,0.0,0.48009379191989754,1.0,1.0,1.0,0.3421785587836752,0.31574829544532507,16.615988192019305,14.15794441359225
SUB00225,4,3.007717788624988,22.14764011478998,12.437893491604083,0.2508703837782989,0.3799210926508627,1.0,1.0,1.0,0.15745477970399172,0.2937595739982009,20.877425922797077,8.7585772736798
SUB00225,5,4.228345597736686,72.89520438502855,20.319894497699945,0.17020726631080738,0.4479292165689675,1.0,1.0,1.0,0.44435545160205103,0.5784713255985032,16.47909288470004,13.71859186876129
SUB00225,6,2.4511113886472886,63.1899654769297,17.347589034510136,0.3540684853526478,0.07772320327693061,1.0,1.0,1.0,0.30489671815529706,0.4092977791493591,17.7875466324578,11.60782512912415
SUB00225,7,5.960853440873048,68.26635958188119,7.90515836602824,0.4963190090933694,0.259427717859495,1.0,1.0,1.0,0.41807111504755756,0.31400219118099004,26.673749283886437,26.79671879125337
SUB00225,8,4.968503765908624,51.168490841262944,9.094667355641011,0.3813300244321076,0.4275983569014611,1.0,1.0,1.0,0.25685028486869377,0.28269692073879565,38.889662686284154,8.580753536313797
SUB00225,9,4.8100796197164835,57.38635810253152,19.741409939741175,0.5133781650644926,0.3769609329299828,1.0,1.0,1.0,0.3224191198838947,0.25855174339675246,26.670946215168073,11.25519222156576
SUB00225,10,5.556187574331154,63.52974967069159,17.007638649635652,0.3554372027375841,0.4585776783404898,1.0,1.0,1.0,0.46668573730094765,0.5640900227416392,24.8802340362535,27.347221474417474
SUB00225,11,4.573133532850104,40.695399628768875,17.50664684584446,0.11760337414677291,0.4079937498034004,1.0,1.0,1.0,0.49126549420965904,0.5003238693047434,19.171535855877064,17.683343556076814
SUB00225,12,5.774966384784564,48.079564615280034,9.28692325300867,0.0,0.41582441983696644,1.0,1.0,1.0,0.295094003043444,0.5335361666908842,42.99126188894866,11.369017550909874
SUB00226,1,109.08399734676935,147.95861226736736,35.22222772090504,1.7096606454361398,0.9090003969305969,2.0,1.099825842346144,3.1058604407146584,0.6439082429000604,0.33260477448163983,305.9530875628034,23.907738270376022
SUB00226,2,105.22299229066012,183.91394843649365,17.3971611661781,1.480699553023765,0.22265949633602183,1.0,1.0,3.430637866234888,0.30092220969399863,0.2597199293898076,558.0999923167914,11.10866032863768
SUB00226,3,97.22456962483975,291.3728398665388,24.13070321797239,0.8939740198726457,0.5063046701136713,1.0,1.0,3.2043764290445815,0.5641033295140436,0.3880905898011248,670.2950750923467,20.342142637312786
SUB00226,4,113.10395396806462,281.0294601407878,33.55715794388161,1.1231854725078985,0.7113715243059175,2.0,1.1685013089920306,3.47559230766887,0.4124697590334242,0.26677792560677066,319.3319397620565,17.305876614071533
SUB00226,5,121.67406235586932,290.6425499642363,20.75174443627258,0.13375076959195709,1.379236802944823,1.0,1.0,3.736912837670748,0.49335380800104045,0.36837959514017465,933.426862541453,15.05020783030248
SUB00226,6,102.73047004929828,305.68372110273214,30.99654701991902,1.9419250617172363,1.3334986416498786,1.0,1.0,3.245184451599213,0.5538599170893095,0.4007047481481346,808.6626967245347,25.092005508698797
SUB00226,7,117.04525830363166,278.9407870798028,27.28344408866219,0.15444348891135012,0.4416988738094402,1.0,1.0,3.509943183954932,0.2653585098035859,0.44719050650897363,862.8952210040638,19.958475197638183
SUB00226,8,107.16925924675849,251.9703372149979,40.95301814424353,1.8053587168839962,0.27549637662257587,1.0,1.0,3.957903120886111,0.6482610684614525,0.3382819232276987,752.4934451146064,9.034081654879067
SUB00226,9,93.03675956169938,182.06811686098627,15.373573706373215,0.4372882276351281,0.8317005970871771,1.0,1.0,3.003365519979092,0.5890796258189209,0.2702109478418644,673.4305495820183,27.521199876549534
SUB00226,10,119.52530913044461,301.6051698509409,43.112774115682996,0.11327578705268249,0.6917834373511864,2.0,1.7450331541504724,3.3301789679263276,0.31541141782453375,0.5279957109779567,940.050440003766,9.957397693088181
SUB00226,11,113.77852753933328,219.66145293364627,36.72201337194504,0.3792762677650173,0.39688606560045003,2.0,1.7022597176991296,3.117150457303796,0.387207403562538,0.4281357421463241,627.2317123356053,19.59155671122428
SUB00226,12,94.32898047707525,194.7861236888483,21.618099783830353,0.4298138561304525,0.15682374499185397,1.0,1.0,3.772394273200204,0.47487435397568567,0.2607733684781937,492.414459610455,13.05320124007153
SUB00227,1,49.3571227820539,246.40230564506706,32.74163388742515,9.968478949275283,6.806930782236004,2.0,1.7439114566635787,2.917843837107293,0.25560395610280817,0.5497318285992057,300.08534127298844,19.990825293010356
SUB00227,2,42.70428948808575,377.6874313096006,32.82678241478448,11.803534184616511,5.388247412312012,2.0,1.3992124326223991,2.9123269814201382,0.4780077883558257,0.4277280418693857,182.9452448368428,24.69222218706542
SUB00227,3,35.55082364182831,419.59613686714493,62.55301627159091,12.724521715843126,8.761583343653488,2.0,1.832041772460769,2.0778025635615314,0.2533870116526305,0.5095189389419578,260.95167509661866,24.04619080301777
SUB00227,4,36.02028557950987,326.3824720636927,50.56944019017614,16.11562379475353,5.777437545491349,2.0,1.17575118996987,2.6882081043791346,0.5107608574705037,0.4865534569306465,261.71589774947967,22.553802777679174
SUB00227,5,39.587500076499744,308.10397130497404,33.252263113150285,14.380525829436195,5.816190819968651,2.0,1.3068648847430522,2.7947048282988196,0.317788183509219,0.32754443537823397,85.48886289128411,9.76895393925898
SUB00227,6,39.35490637915183,311.38406795426783,39.93765811910647,9.896702622012686,6.590177008413067,2.0,1.7105574563907324,2.26796921894646,0.2039795860341207,0.4530949134954091,292.0192121401805,25.851592709806006
SUB00227,7,36.85621889582446,245.80807157080008,63.757973813131215,10.269127557721474,5.113195360343543,1.0,1.0,2.3953939439073504,0.1924336139454017,0.287684323568838,283.1041197049808,21.921523333394376
SUB00227,8,44.03636455370987,310.8197279502573,31.83369188421748,14.072226274243281,6.226799123406399,1.0,1.0,2.931557408552443,0.18832861816267696,0.30944027610727115,264.335165943323,23.48026869175142
SUB00227,9,40.212638509428395,384.79789418824976,34.98562791708813,10.753902684333317,7.2305211166794,2.0,1.73200020083479,2.1251498895293617,0.19380841139423804,0.5758349122443551,196.86529704669536,27.878543870919668
SUB00227,10,38.814493610552574,341.1336331659748,48.15994155016928,15.792867430112057,7.803390167751206,2.0,1.8279607725237146,2.4519671097441327,0.32760554153941346,0.41567469074479774,303.29367168899205,26.583656615360894
SUB00227,11,43.37285140553861,402.2102453632706,33.73626933497853,12.72979204990968,5.210358247591101,1.0,1.0,2.084467066604325,0.23072461186274346,0.503809648044879,117.10099287907033,8.194088108128108
SUB00227,12,50.035928056928284,314.9661426489025,53.456422707923885,13.202980049522376,7.834279737898457,2.0,1.4237092421648123,2.3046093275542665,0.568939534149328,0.5194672605215902,343.4283048375894,16.749585552879658
SUB00228,1,9.759853741399409,1505.908144043904,69.88348874390238,1.442786500538471,0.95561320819388,1.0,1.0,1.7999800006488265,0.1987127643360791,0.4940721587661808,22.672151495566116,22.680205965491467
SUB00228,2,3.503556696413444,1376.6736848684209,65.14896651579514,0.9587225996017519,1.498411387651673,1.0,1.0,1.5302096996408474,0.475482513987992,0.348837339554948,15.28630391551028,24.425235469798736
SUB00228,3,7.272937863480217,1247.1960918308077,62.310130407972906,0.011069723940526632,0.026453933771013516,1.0,1.0,1.9483181066387767,0.27764495820573054,0.2512097275111555,54.34988496027067,19.343798163386964
SUB00228,4,7.091547065227654,1453.1447202709319,74.05947868146254,1.156266247344555,1.357552306604457,1.0,1.0,1.327398802457052,0.5218307966718287,0.356879576341541,24.14920244112084,22.41642825240138
SUB00228,5,9.981240431823407,1675.4682222695726,62.29772187152733,2.4080965512557175,0.19823508829029496,1.0,1.0,1.19692958724014,0.3032331115004925,0.2624349293872955,24.645001901313446,19.65296411386816
SUB00228,6,2.874196266899797,1677.6806741789353,59.512694055187794,0.17918946466282115,0.5447148611734451,1.0,1.0,1.8182795286328284,0.4006044539471405,0.33824355812502405,12.682349067674535,22.46493994640793
SUB00228,7,3.093467759976295,1622.9658971367505,44.97114680966216,1.0450160028766593,0.03863601284066398,1.0,1.0,1.025549432270005,0.4947145022817636,0.4548398563961532,24.06567744611829,13.624364802137361
SUB00228,8,5.108952759170714,1735.6676958513765,65.72076828871339,1.755816809287453,1.086268858563679,1.0,1.0,1.238549168895171,0.26530801667347004,0.29300545784521526,18.594183715700144,9.425058565668289
SUB00228,9,8.16602776703558,1271.854912309182,47.12046649537625,1.1154227082317394,1.1413786385625415,1.0,1.0,1.0641925315771092,0.3208041582093047,0.35749261652050257,39.58738745866885,27.02848327705202
SUB00228,10,8.158426137765517,1607.778136135991,58.25492478915331,1.970885043200513,1.107050794754758,1.0,1.0,1.3641845205961232,0.1721613230042936,0.4761466880920511,61.780184160246414,22.655114603267904
SUB00228,11,2.349920302767444,1389.186698223085,41.102884536366055,0.0,0.20030819971819952,1.0,1.0,1.9936779127182764,0.47183169258639224,0.3314683966971025,7.179126813931167,19.56951335080071
SUB00228,12,9.000987103721755,1713.4251507758,79.51072033640281,1.6437331669801658,0.5460822732523434,1.0,1.0,1.4033509148214498,0.4018442800938308,0.44325878766781335,64.52536891303963,13.250225981122409
SUB00229,1,57.536596005364004,770.8999858582653,110.92513890897861,3.4883095870343204,2.8273780239141217,3.0,2.6766263611562913,3.7108664521330073,0.4942598864992295,0.2989508834994664,149.8313029449554,20.147064742070047
SUB00229,2,54.319518399715726,778.6452313484835,88.42865298546754,4.7859201971997765,1.5598221384075521,4.0,2.7385458150707436,3.74656839488038,0.3920012571650562,0.3287111396366006,262.0553046960075,11.518373688606376
SUB00229,3,63.93928522956343,782.2072441627297,101.82420841373155,3.067667864280266,2.495361333356242,4.0,2.8181463041213384,3.2939324248128323,0.37680742670878575,0.40764584465611564,238.03013509347866,23.57355286337468
SUB00229,4,57.19436803148226,482.8029262505273,66.77252169027577,2.4124129844818083,3.460059601948034,4.0,2.5638686017849084,3.5831352473673053,0.44915156789297783,0.2865091000179262,421.4280709913634,21.488632340734576
SUB00229,5,67.28882458903648,758.0747157130666,115.99001630729771,3.0174833539448156,1.995164254037096,3.0,3.0,3.2239778447576293,0.5617515535115656,0.5799316146560161,199.5737428460449,13.070213576305937
SUB00229,6,68.17879041718233,508.93511884673376,94.01752704428867,5.005916769499009,2.665969310238691,5.0,2.528822147360298,3.336164050657233,0.3712788636768556,0.5030702160389908,408.88961910416504,24.53614601620912
SUB00229,7,71.15223168036762,595.2728395408114,100.06488680299753,5.6992963934031575,2.777687414268398,3.0,3.0,3.76374547749469,0.6394501938965105,0.5956471663584793,362.36195561676544,25.21194749131452
SUB00229,8,76.51747519078084,472.87356769917835,117.91359015203577,4.733137257379756,1.7235694876112482,4.0,3.303405922393211,3.4094397313819687,0.47513233937511345,0.35551688413826565,434.92329728382714,23.175382942699002
SUB00229,9,83.2528127310199,540.2210362808752,111.2407963476391,5.969696132017578,1.9145207460663616,3.0,3.0,3.071282534566616,0.6436915187471033,0.4405821009599127,470.38456362081,8.90648230970838
SUB00229,10,56.42733063966875,590.9016118722053,103.68129593700345,6.118581073018721,2.888992665457369,5.0,3.3863089996928712,3.5442440987252204,0.3482293777289541,0.506450981508976,367.9300644390933,18.284116976516064
SUB00229,11,59.16054950085961,729.1468303310047,103.89919409273634,4.158469283616166,2.1740936791930903,5.0,3.2236162272983218,3.401310263720678,0.36989437666178837,0.4952484251266256,301.29714820393866,16.717303680343917
SUB00229,12,81.3376426815218,628.8756473592513,80.36496963568591,4.09047460002317,1.5421053269385634,4.0,3.256198874925561,3.332501259102308,0.35283924893760443,0.30769214214492335,297.9092573824674,26.278804120488694
SUB00230,1,10.128094135433555,109.21321825730774,42.31489579889292,0.8821499754141895,0.7517237625257122,1.0,0.9895641320191872,1.0,0.48768559809088463,0.5462509384536046,51.930374170163994,18.8021576488409
SUB00230,2,2.307829254718534,116.43237271182761,21.4357533010482,0.6856987411475697,0.2992335560410204,1.0,0.9814401965575508,1.0,0.19028730388619514,0.26881348952665657,11.84438194529275,18.389041433512514
SUB00230,3,0.9014351876547875,96.6260105270425,39.51167263593348,1.4719477213142573,0.5742982168641982,1.0,0.7948944632167911,1.0,0.2835399024648565,0.3344801542538711,3.231981992793824,14.98192260096012
SUB00230,4,4.416416219989921,75.09278038119523,43.9364287949519,0.15734047460831943,0.36127631052187426,1.0,0.9404232553674727,1.0,0.3272200660611114,0.5150725261645344,22.381638323849106,23.440141223749414
SUB00230,5,6.966974376711977,50.98980107116523,38.57337037082395,0.0,0.6104195936874142,1.0,0.5365901305303906,1.0,0.46612019173491803,0.28690393515338536,34.22512821911589,20.9871651431883
SUB00230,6,0.3343108372932466,73.73609462683758,22.113569643663617,0.503989770275078,0.08724985459644441,2.0,0.5761820138772794,1.0,0.29251468435148376,0.421405665692105,1.539578200389577,9.431589721618208
SUB00230,7,0.58916766894421,69.88354992066601,20.021626726943694,0.626405047530556,0.1947647213574527,2.0,0.6679245986439397,1.0,0.19334070770947473,0.4728706452008709,1.6932913897244308,24.013555676878177
SUB00230,8,1.9413012412570474,70.90255456121736,36.164250190210865,0.42858136897720756,0.4134584223243526,1.0,0.8207638616064357,1.0,0.502672095722295,0.5063359656484281,4.6772271827709515,8.754079665065614
SUB00230,9,3.4479975814869572,144.24588087163843,21.24577129026099,0.0,0.49629671461348646,1.0,0.9500257138207502,1.0,0.41424832337442896,0.4470962270485956,18.895760795163056,18.149138300582333
SUB00230,10,2.639235356382149,134.30555913973654,28.122966943313806,0.0,0.5841545729160464,2.0,0.5016551660734957,1.0,0.2716417182649618,0.5794602130004785,14.491896724038813,16.11530222343098
SUB00230,11,3.328699644252074,142.85011755352875,35.696895939744124,0.2518408951196186,0.323910276578231,2.0,0.6277006264520552,1.0,0.490272392893237,0.2504368476434131,15.135114426397312,15.284350540275772
SUB00230,12,0.0,144.6034442222646,35.67328150122284,0.8335708287894427,0.450535152258119,1.0,0.6190265443455778,1.0,0.4542595900568954,0.4085459691058213,1.0,22.85601806318337
SUB00231,1,127.31875175637201,318.09091926706833,44.09357519700315,6.771187457705572,2.6121254064018276,1.0,1.0,4.808925118432361,0.5632470918419944,0.5602072802307521,653.1858996903961,21.163102147198128
SUB00231,2,138.78624761773278,326.16556756089466,31.892361864521693,3.675060861088309,3.4771396139892286,1.0,1.0,4.33655121649012,0.586049068554293,0.3144124731696676,305.91653347752043,20.47682843552142
SUB00231,3,127.22741586235728,483.44890518479,43.69554243621317,5.939509956493232,2.345087928411357,1.0,1.0,4.324964218142688,0.42066456754274406,0.5474548426795716,708.6092670094743,26.58793930390603
SUB00231,4,125.37412777619335,399.69358976411723,34.300200281294295,3.266509600146267,2.6980014293391386,1.0,1.0,4.254841658376689,0.6074085593877265,0.5380792225781641,479.2496564849515,12.714332221692722
SUB00231,5,143.35634975702538,535.030694666688,44.95825466969475,4.218691161490036,3.4967312123039287,2.0,1.116486230031724,4.997273131753206,0.38942247555670995,0.5830052129690745,868.5584573991703,10.176679356545318
SUB00231,6,137.36395090251744,349.4755659416439,53.82886845771196,7.224599140837626,2.374306745390179,2.0,1.2119582084490153,4.607491077570687,0.41011116378330725,0.38232383095850775,935.2436074393954,27.27136592652684
SUB00231,7,120.63351602538347,459.38121106801617,40.04750147535767,3.650450556363777,3.572721118238772,2.0,1.0829139782073485,4.670666875154101,0.5113480181708073,0.5375092157545274,389.36215142970445,19.0223452994592
SUB00231,8,140.82874647355916,309.4063179323996,54.13365169219375,3.9038729051897576,3.995494392631773,2.0,1.1492488013199214,4.5586195204047835,0.2555429872820686,0.3989512370428461,312.26132808471914,19.306771435244585
SUB00231,9,134.4256387806942,444.8956653616847,39.952229366712366,7.1595229412670705,2.4804997182481383,2.0,1.7091573016256942,4.760129125196992,0.3543715288059103,0.5713747370593405,458.9109645645856,20.89615237961729
SUB00231,10,142.11735609984888,447.3055147324514,53.21219227789391,5.125153349087643,2.283588206824606,2.0,1.021434538577946,4.476583916277306,0.46828764312228643,0.28022504375056473,438.6565888196524,13.326019128632248
SUB00231,11,142.37291275720065,429.09688105766224,51.754332754903004,6.380279650764055,2.2428368954323203,2.0,1.2965332132477498,4.337872011233154,0.3202095359452607,0.40212581986647256,570.5241456074538,15.140337231924278
SUB00231,12,120.32555075299007,345.5851092247633,46.729591670196854,5.836168940344932,3.232990444525853,2.0,1.3593930436608586,4.148776395907647,0.6477323413315742,0.38743530567231727,570.1293630911633,9.887647350987013
SUB00232,1,0.45901010770713235,58.628575383329775,5.685712095286699,0.4786631252850901,0.18825696362649647,1.0,1.0,1.0,0.4454254312198592,0.47151938579308966,1.7847523668836007,11.903770988155483
SUB00232,2,1.5304423491218715,52.097701820609934,12.10092515701989,0.4725891336616285,0.44169075392220075,1.0,1.0,1.0,0.29368624024566403,0.5884599352409751,8.270664142593402,10.038135150623859
SUB00232,3,2.9269501413183923,83.69690463538097,12.656966932590699,0.2948276273991572,0.08089359968860554,1.0,1.0,1.0,0.5292074688234624,0.49695615320002884,12.198596250319573,16.313755171689113
SUB00232,4,3.5287352557969784,34.15489990203662,7.716896864255302,0.4069661415191503,0.13049552612492865,1.0,1.0,1.0,0.2283739275022693,0.2713553242805742,27.224853493638896,11.220282045270917
SUB00232,5,1.0320788768357076,58.008941275513315,22.578360677319623,0.5603214612951382,0.2961115185517035,1.0,1.0,1.0,0.47342530450486875,0.28937191048205024,6.404014750928979,27.791302840429086
SUB00232,6,1.8706106618163298,82.63211962955631,19.683915105637908,1.06751962601425,0.33754694944077795,1.0,1.0,1.0,0.4100848841506054,0.47908181411499945,10.476219871600708,17.237854887501342
SUB00232,7,4.372817454292741,0.39780923972326576,17.34561538162566,0.7583499082751376,0.3820613042387873,1.0,1.0,1.0,0.5141048725947706,0.35508754096490935,27.705910807854814,19.544409552200612
SUB00232,8,4.1886516463685535,12.504394360588714,9.142847350411799,0.8667213371186635,0.3419842605315292,1.0,1.0,1.0,0.24814992622430224,0.3855911229890013,14.956121472321101,10.013501110694095
SUB00232,9,4.1662872268685875,0.0,14.25397522559483,0.9812804190987838,0.47113279580879874,1.0,1.0,1.0,0.3757671700122792,0.3735273244591672,26.541670747538678,25.551902683187166
SUB00232,10,4.641027639052137,70.00277557742753,5.596829711600934,0.6134273044186135,0.15745761848575301,1.0,1.0,1.0,0.2993890217552924,0.5975068090558805,33.13450322342767,19.11715182126359
SUB00232,11,4.602373042922043,69.33573433888331,8.860477154891468,1.08224701494388,0.010761761186313556,1.0,1.0,1.0,0.4985844122071993,0.293031241765522,26.61271327158854,19.38631521419186
SUB00232,12,5.513200001784783,22.708440166317665,16.165103474185614,1.338417119084153,0.15030887755589567,1.0,1.0,1.0,0.24443567045626563,0.46172618952313815,19.35256633445701,9.134999543530542
SUB00233,1,108.88105713453601,158.44990266078105,31.04496313963854,2.038754376735975,1.0851377721834563,1.0,1.0,3.5230032934328115,0.2536212490840798,0.3234627748461469,446.6605403484036,13.723746797185292
SUB00233,2,95.75465805527304,294.3151473682982,24.809015152852538,0.20175471090632216,1.0775344469544152,1.0,1.0,3.2656559031056718,0.3549604259049073,0.3553616645851655,744.0426597329308,24.82214372543728
SUB00233,3,111.72131731173344,193.59487102737071,24.769883090109396,1.9413560445565885,0.6102077664412375,1.0,1.0,3.3681420012788648,0.6427377003904082,0.25840660380223,277.73987321561043,14.828995947455912
SUB00233,4,122.15630874993117,281.9264206356476,35.11674530983755,0.20772497431816658,0.38827288232067314,1.0,1.0,3.170250587177149,0.4016428123974165,0.29893233398988595,591.0586598200512,15.285810380439024
SUB00233,5,122.91985063172696,160.2551105643664,42.21546957074187,0.932493319523515,0.6250978879815152,2.0,1.874164316247967,3.5680481793503502,0.4016278083387328,0.5184483445965731,282.9656797316609,13.450488619178808
SUB00233,6,101.69805855396264,310.57403400338353,28.74992283259225,0.512444874296985,0.44331303624187013,2.0,1.8328685444392643,3.8903451023559747,0.3694370586720477,0.4420027012207624,681.4506082288359,8.434039067923695
SUB00233,7,121.97385242376599,158.42877141884352,18.34961223992348,0.7216183527842219,0.7731519771238069,2.0,1.2650481301842533,3.6240192678331917,0.4528694293601667,0.38249165493192394,746.0828947535618,15.833679400550814
SUB00233,8,117.73281425118647,203.67434998253958,22.678688494452445,1.9395308263992872,1.4583253428021945,1.0,1.0,3.355353452357466,0.4979553288793438,0.3870263519453805,846.4051839773607,27.939475394781574
SUB00233,9,114.15607810348902,335.2224933886413,29.453873495778,1.4221376518778852,0.8104891766281708,2.0,1.9224048994851441,3.7341277858667903,0.49541380142546276,0.27987979768984117,304.80028342812875,16.646962371751385
SUB00233,10,94.78424882622306,153.9486557982174,15.333350856155542,1.9692113889472036,0.7614825905276706,1.0,1.0,3.869655187781111,0.32574843687769617,0.3426822924702305,376.40473742476894,27.806821584164183
SUB00233,11,119.15897014606173,324.51540290322635,32.77828059089147,0.7807948921462693,0.3333866401670395,2.0,1.5587692289103197,3.161193785689643,0.4525950893495777,0.3607290550899864,341.22933216577457,18.00788251184555
SUB00233,12,94.22828396634414,228.40353192024955,29.514056414387753,0.5225326976318709,0.8351112168272203,1.0,1.0,3.0908656977040394,0.5687704271370957,0.3689402608790115,333.6767023301306,12.592584619153179
SUB00234,1,38.06537806379936,224.42789894128387,45.57847361794376,14.18595979944771,5.822491041622714,1.0,1.0,2.3819858327391237,0.34563543765582816,0.2570896186865041,77.10174692300714,16.14154302730381
SUB00234,2,34.47215613536355,404.68532039678234,46.29417300938637,11.800597695788017,5.416126958297052,1.0,1.0,2.2865483504226183,0.4537009514251412,0.3357513050029146,224.37020527610915,16.036442258675866
SUB00234,3,48.007303461602326,269.5256110335591,38.32761250049621,14.319570859698397,8.93518164278104,2.0,1.1194987991952283,2.6198540227500695,0.277220059093324,0.33879572340784936,253.03287475546844,18.764046720105117
SUB00234,4,43.70769067021098,245.63020742818898,55.20502522747932,12.435015892519477,8.906990142272694,1.0,1.0,2.7976680152338025,0.24916785970781724,0.5028047439876367,132.87443898487635,10.907440641218198
SUB00234,5,51.376548713860004,274.22713351862853,40.14408289471944,9.931802322657994,7.829129986836198,2.0,1.5101667459595993,2.5294683301509013,0.3998076506311632,0.2790375214311881,151.40030814662325,22.485455240955694
SUB00234,6,49.902754632369835,248.42877163788506,30.762024222000424,13.102272468477613,6.767715994498215,1.0,1.0,2.1733872331523685,0.1951979920250483,0.385041971042434,332.9823744325842,23.29999824524579
SUB00234,7,45.19398959437251,297.32802720935,39.725084643285214,11.560355136722464,7.636094583628161,2.0,1.6719057053048885,2.960643618696479,0.26147527207483834,0.4088064626275121,285.8913141194881,19.303348595527748
SUB00234,8,52.82344954695743,382.4249636385078,58.123462531178916,10.661621288381323,5.446603013601233,2.0,1.290839202542641,2.1439584836944574,0.5016361616008497,0.4207852266289862,226.25426846992784,18.71420539694204
SUB00234,9,54.12595640550105,324.50364509466436,60.18936653993955,11.495583488481747,5.460177526261084,2.0,1.038546341171195,2.4972559095376248,0.32769908229422784,0.4360296319901862,386.45772063753355,23.73876199955197
SUB00234,10,57.13445739125576,325.3352338532712,54.416614325219115,15.134365341295513,5.5398838750868515,2.0,1.8524108061949205,2.0528382927034277,0.5739673658980953,0.41243688933644285,351.2277865527013,22.911031808601635
SUB00234,11,45.6467277161,340.9503572443892,30.894144170017842,10.464473276265359,5.040531443758999,1.0,1.0,2.96645951913043,0.4349693986232219,0.29168549626375734,217.42161336016116,25.30127752902351
SUB00234,12,52.04416057732865,299.15247465339075,51.47594707248031,9.8667735985008,5.838301667164094,2.0,1.0720292305243473,2.814910427047818,0.4371196167882313,0.38953166176114723,266.83734001620064,19.74623538608826
SUB00235,1,8.394397913292208,1537.0359632401273,74.48556747219169,2.727736503437235,0.030223523531657748,1.0,1.0,1.4918258214829052,0.32312351243758797,0.44910639523242807,29.752400450133198,12.194851856194127
SUB00235,2,9.745007850131847,1753.0196637352662,42.79961723474643,1.8912484273913788,1.2595123813289983,1.0,1.0,1.4604395694788364,0.18947847808925927,0.35418488188199937,73.17211281531863,21.071070890443377
SUB00235,3,9.69851885776804,1309.7660417189402,70.63049756306097,0.8796624692235869,0.19834293037174167,1.0,1.0,1.7166878702911479,0.4907739268193403,0.5559607032742637,53.70630525213759,14.084152069376486
SUB00235,4,7.1083756802628315,1675.5842550472084,60.33323228430904,0.9329772381695055,0.1133766084985745,1.0,1.0,1.0687555652248077,0.5296556309505939,0.43503787560088497,33.020333039076746,10.459166174497131
SUB00235,5,3.7147766480001123,1541.3561648173759,51.493209713578835,0.0,1.0722332858228687,1.0,1.0,1.7934382246044733,0.20939522810697753,0.5284118155444553,18.855204585925314,22.338734333053182
SUB00235,6,5.768288248258008,1636.0196987601355,45.501585688697475,1.8462674508544041,0.9715292759287771,1.0,1.0,1.7459244117865422,0.2295464175651079,0.27809870343129395,17.596713779144586,24.64803101714249
SUB00235,7,7.501447286761733,1563.0218645455218,43.74791992818172,0.1743359990622355,1.3642801358709702,1.0,1.0,1.8122490125541613,0.15086990751400572,0.5121525798476361,36.69958824904093,23.492715298859945
SUB00235,8,12.646288608706882,1548.8543585802356,75.75227333921623,0.23541990946750357,1.3319183403054742,1.0,1.0,1.5812855580835228,0.3816072656587174,0.2920258232604686,28.28903826138274,16.332839763392272
SUB00235,9,10.457966730398429,1623.048698091667,48.404544235471135,1.7844732580503917,1.4210628346112517,1.0,1.0,1.2830187174403351,0.204994238308491,0.4700722105847254,47.447789948704695,15.76998776874892
SUB00235,10,11.816494781840731,1362.9053465424424,64.41439454993915,0.0,1.1985173108014353,1.0,1.0,1.5067435358544952,0.49952574975000064,0.4218457419653896,79.43656245260091,9.272234218580945
SUB00235,11,13.899909077714529,1211.2871044847052,44.77790978142162,0.07066141156942052,0.8254252923600729,1.0,1.0,1.4802544604292285,0.544256527296118,0.3207334551460926,34.881187732582006,14.369702258512026
SUB00235,12,15.471609204733223,1463.4109200624473,72.31853385942141,1.3062450823819576,0.41114226965154915,1.0,1.0,1.1683585068904367,0.43905579931226235,0.33318496011288823,47.71444789780475,14.751094483291562
SUB00236,1,71.67830515727894,538.7939651092523,63.22741822713117,4.779181436394866,2.94716130944202,4.0,2.5282198301660457,3.5910131456759404,0.35441610334492135,0.473744016827235,433.53510945988705,12.294829497395705
SUB00236,2,54.260063051925606,777.7905832065635,89.04954388970984,4.533407036113242,2.9655981951170975,5.0,2.9913939718727613,3.2646198136524633,0.5767531893995311,0.3496325047622526,337.633424901296,25.499201820888697
SUB00236,3,67.31555354204697,454.0817043301715,73.478091875851,2.2352643642297063,2.6642453913992132,5.0,3.1039858400894986,3.4107733502587143,0.4410516496782926,0.5560489963564239,166.34871729361404,18.55741961172464
SUB00236,4,56.12482388427654,651.4639240393443,96.37351288294533,4.607651656506493,1.8972203674193509,3.0,3.0,3.6465248134169905,0.42163210194334466,0.5816672658607236,268.4104954508607,23.787081943929962
SUB00236,5,65.82601365271958,591.5187121141709,89.99155506187338,3.7564986549857626,2.8303684722638396,4.0,2.8768957342174217,3.4100092349436104,0.5933541781102127,0.5994151490897155,152.42900947278008,9.23560826322533
SUB00236,6,52.87637594922273,734.8031313328993,101.33685240226336,2.4317143501900538,2.6911715009244475,5.0,2.783294812182961,3.3222366224041586,0.39159561765490536,0.5752309849557664,380.59982909165245,18.550171695930956
SUB00236,7,83.16161962667577,503.0756040807039,113.67122651221743,3.8316087204333846,2.561767313541086,3.0,3.0,3.991455445938784,0.3708968096975497,0.4698199765548434,294.2853707343698,25.077956304562836
SUB00236,8,70.10182224059841,609.4698924222428,87.47708193200893,2.232275326976361,2.693234757976075,5.0,2.6737668262229572,3.3844155002212784,0.6224956496753887,0.4921876866501153,169.6623226560556,25.663699138518492
SUB00236,9,59.62790309222342,721.3843772764736,99.6356817588559,2.214948725123884,2.1897921155658797,4.0,3.175378087783276,3.8912498025953997,0.6458688599606602,0.529293138352124,191.7394357018602,18.225715733076456
SUB00236,10,82.64327568757271,539.1670422110151,96.57453578432035,4.481676214396733,2.6277948692045556,3.0,3.0,3.286330534998539,0.5004995875131218,0.5738550827056509,630.866131248595,15.652854983767671
SUB00236,11,57.55034954214163,766.9109035971342,64.8806028628209,2.446685646106318,2.105242579336978,4.0,2.7438875542477366,3.9604172321972926,0.42537527092752336,0.3979078930355444,440.9398691438357,10.402599468216533
SUB00236,12,59.79014028064596,664.82713452581,117.2947678459895,4.874841615905579,1.8309621726806478,5.0,3.4501298653827988,3.2799082327310134,0.3968294674889461,0.3308709638897639,466.63520041611275,11.077132550981572
SUB00237,1,5.686153294800912,55.18647659729929,17.76726859736904,1.412507008022895,0.12837441144099482,1.0,0.5493178326479415,1.0,0.2951745333689322,0.48467172039478024,33.2745369461328,26.286026518348653
SUB00237,2,9.350203339219291,80.72013411985041,26.754902045684908,2.1193350083554705,0.7047306058944351,1.0,0.5170808331939973,1.0,0.19155796440353723,0.3546549449434537,72.58845860402151,20.4132175466017
SUB00237,3,3.7980495933259215,166.09829813946044,23.113761932320877,1.8441751950344472,0.22667317880505444,2.0,0.7907849392062222,1.0,0.5020798449553981,0.45841672038714515,7.694887062658355,19.181526444441523
SUB00237,4,5.633332854214412,85.08514702387464,37.936269746366065,0.6088628747479505,0.7712418212855146,1.0,0.6798412593068023,1.0,0.37094055739972226,0.560785314473065,33.62556681828232,19.849976824350655
SUB00237,5,10.832679210395115,96.63354244356333,27.11630974600493,1.104989913496967,0.6100223108846676,2.0,0.5427053784980476,1.0,0.18437159476383075,0.5108543687305506,59.94911472019487,16.121267821441926
SUB00237,6,12.979105307505916,68.3676301206859,30.973749440021862,1.4749883543510842,0.07393596428017568,2.0,0.8013056326766756,1.0,0.48879718133669714,0.34457084106091074,70.2893792737828,27.51177398333407
SUB00237,7,6.030428802264861,155.4843741531847,32.20766132261682,0.884912878249593,0.7607828337482748,2.0,0.7089243545411741,1.0,0.24840587481283644,0.5415052485461056,25.5887784829028,13.12534221564155
SUB00237,8,5.578750277408569,77.50948142624878,16.48102649561777,0.6313194109406217,0.20827627127758563,2.0,0.9582712294661828,1.0,0.4916077153553139,0.5302052201129717,16.46713863225269,9.56297107448072
SUB00237,9,7.38841216700155,157.1847014562486,18.32830015566372,1.924420735494324,0.9338806756803277,1.0,0.8045978140901342,1.0,0.318552959489723,0.47153369706886833,54.659572190321455,23.19561534256302
SUB00237,10,2.9592466860364754,78.95474141727493,34.025840538221374,1.3670249563853418,0.7895639051287395,1.0,0.7975195460489053,1.0,0.2589625795175985,0.32078797308684137,17.87609354991816,11.512615818860032
SUB00237,11,8.468339690019873,65.88195297977583,20.71091432125825,1.2902407070086221,0.7098687868646526,1.0,0.9623472082086927,1.0,0.5361692754439593,0.48512837626729305,51.58941356110888,26.87487386279301
SUB00237,12,11.217262304207338,86.17299396471911,34.201664453141916,0.8907797697991464,0.8555807008757164,1.0,0.9719387750138238,1.0,0.2622487940110728,0.32479984080652075,88.14763274437587,16.59275730912739
SUB00238,1,130.36394641660843,420.2340256776984,50.86122753648756,3.745162923835592,2.0118979937719197,2.0,1.6709700331943393,4.990448973518505,0.49398617240351705,0.42818242361229075,715.6639554528319,25.64345865177195
SUB00238,2,112.99959911037095,418.05915794620364,34.68148332112131,3.0563314427153596,3.2500378756093617,2.0,1.5397502005970032,4.596675178174209,0.39121571111693,0.3971791186585828,322.1375455165931,23.420499996101135
SUB00238,3,122.86262690720203,412.110283342852,47.515992806801094,4.3945897011156525,3.8669944912659187,1.0,1.0,4.62518921267532,0.39408282781225634,0.34203251928097833,682.180494530758,22.80015784891199
SUB00238,4,127.1275992584842,395.7830664856831,40.638025103641056,5.586305434223628,2.707618957366976,2.0,1.554765466012468,4.30987873851245,0.5126875043443909,0.5653961019043043,639.5482731908843,22.78470514877927
SUB00238,5,119.50291392805005,382.8981670603182,35.46833699400058,6.498826374823179,2.9966973096174176,1.0,1.0,4.376033788895438,0.54808034127941,0.49527009123357557,954.3063935195839,9.767546885888049
SUB00238,6,135.4462541248944,431.64277031428367,53.40250489185495,4.660746006261527,2.6148024522539637,1.0,1.0,4.684189407362787,0.4782669524044143,0.28484718100485135,354.09198061098334,13.859244808413449
SUB00238,7,127.21046886440979,310.18979406899666,37.62768443968436,5.18202966541811,2.56573499583563,1.0,1.0,4.9786088225550085,0.5270914826903618,0.4524475405685582,634.4530374304644,17.83893326122911
SUB00238,8,122.77402080995088,511.84927951566806,54.36273910003304,4.262113502827292,3.404724000952489,2.0,1.918527151522832,4.968528235482848,0.46357272116789283,0.5228758291920967,817.6249214817689,20.176682315451693
SUB00238,9,128.12931595444513,555.8792060382133,33.37149485595665,3.944957500798956,2.5343076517042453,1.0,1.0,4.969842292262732,0.6011863816575359,0.42290464091750346,554.7144863562934,13.100965576910454
SUB00238,10,145.56601727990878,491.37165944254747,35.59865336788424,6.334956911597334,2.9092948681215396,2.0,1.5898952864131672,4.393685537285777,0.31396213435993514,0.5047636508296984,967.1674413496335,12.138230698574274
SUB00238,11,127.00423339640557,465.7560571357319,51.20638454449343,2.3770302310934905,2.0631356257111717,1.0,1.0,4.019101955299306,0.28860794229455056,0.5020552461366772,619.9966417237548,22.68848360011933
SUB00238,12,124.61522723672704,439.0532847260768,37.18807364594501,2.7821960723144574,3.1645827604596004,2.0,1.5673369187584054,4.169788771549598,0.575154427207679,0.5144138463659804,385.31281225479313,25.714237293946283
SUB00239,1,2.5001661084582745,43.64174758275051,23.7560035646046,0.4694163571848645,0.29748856022224096,1.0,1.0,1.0,0.49273471658255796,0.2816747549369838,9.071453247651384,11.01449224311326
SUB00239,2,1.7149427167617595,26.066237514285937,8.499360215466645,0.0,0.2271705361376642,1.0,1.0,1.0,0.5365736879078812,0.4884690065037298,8.103184250664224,26.32505388222623
SUB00239,3,0.8282978082766226,28.156406442207874,22.3123754197743,0.5533805849419716,0.38287704794187316,1.0,1.0,1.0,0.24474502676962429,0.2869002680606839,4.056488809357995,17.964425060191346
SUB00239,4,0.7312714220324695,16.841465514307227,15.200494882064321,0.0,0.2549254108545409,1.0,1.0,1.0,0.45849178195860063,0.5882714590702773,2.037202841473146,13.788847217618578
SUB00239,5,0.8517370954365786,30.468587079740107,23.344794377136854,0.3458666179520853,0.4059878399413874,1.0,1.0,1.0,0.4432269569226035,0.4304620441575935,4.789958052048158,20.968725766332497
SUB00239,6,0.10640697040460056,0.0,19.90208524524988,0.8098532135098439,0.30805392347651545,1.0,1.0,1.0,0.21032400514434238,0.2761966945642586,1.0,27.38627216787061
SUB00239,7,1.4194647878740478,54.20108913306365,13.587518131059142,0.1903638429046785,0.0096030275720827,1.0,1.0,1.0,0.48777462096010626,0.4624266149785171,8.525071531391038,23.802238802599256
SUB00239,8,0.0,76.64502114754438,18.18847029542292,0.5592536618554138,0.16165685673954394,1.0,1.0,1.0,0.27540382017841536,0.5629555045106716,1.0,14.760652345209195
SUB00239,9,0.0,79.23303297549748,24.057929873185746,0.7038244561053086,0.24939690942315895,1.0,1.0,1.0,0.49362254340159406,0.5220839310520247,1.0,11.621936604930863
SUB00239,10,1.4985783093144247,34.68405451276604,21.10104514845114,0.2849544354021771,0.21519848050191148,1.0,1.0,1.0,0.40502565105154464,0.3928940102829727,7.499554930451368,13.754368487774977
SUB00239,11,0.0,60.19733267250586,5.228387535643932,0.6415850272574528,0.30352198677259135,1.0,1.0,1.0,0.4456647608029355,0.2854825145130163,1.0,12.511135677673114
SUB00239,12,0.0,38.860851429130264,7.48352573424699,0.30066276828417926,0.18232432777956853,1.0,1.0,1.0,0.4542938841990617,0.3471492888660807,1.0,12.618162903753145
SUB00240,1,98.81247979890834,178.53178489572332,15.746765645739893,0.335963779568133,0.8703193789481374,2.0,1.095825409986476,3.676426622963292,0.5640734446690101,0.33072850000543397,667.1314498008973,13.000109970488193
SUB00240,2,108.32429719439432,265.555424474753,26.089983533138902,1.3236462338115507,1.4571628784292738,2.0,1.1164306966162179,3.4123822039013563,0.484922921487148,0.4968768451150637,331.92415571055824,24.6152486762972
SUB00240,3,114.30531121143905,148.81608268126854,37.66648947086857,1.038798784004683,0.32975374786150613,1.0,1.0,3.791317669453616,0.34954936490945704,0.5333478815705177,862.3435625810873,11.283204302333134
SUB00240,4,124.98424192137745,285.9566704355362,40.909829272104375,1.5161283439816484,1.4948728765832424,2.0,1.124817223353191,3.4561957155161833,0.6444784178148623,0.4419577660392543,622.7376272374423,11.907172308566055
SUB00240,5,110.8789000597369,252.713092299506,34.04966044606127,0.7713646354667278,0.004913201120458233,2.0,1.7667929557041004,3.1473174333190483,0.5876989837117013,0.27771853740799607,265.90339986362915,24.45213245304205
SUB00240,6,101.72377111965343,297.71394042987663,38.41751235537642,1.8805123036803408,0.6888461254916458,2.0,1.8273030516802233,3.8139855371839397,0.3993679028049062,0.4940370200158015,528.0686845090112,22.964371625532323
SUB00240,7,98.28614356360742,179.76657135810896,21.22909027386132,1.758838385734225,0.06525889701952259,1.0,1.0,3.240862833398061,0.611003528756723,0.36129684237414617,761.7054975080432,8.08269499652297
SUB00240,8,122.91794204240546,176.97592768009903,24.131218638599137,1.9623704416690697,0.6288025841384492,1.0,1.0,3.647500897496022,0.6069589708678342,0.5187043411253611,816.6533206538761,19.797649698420223
SUB00240,9,98.59036110958607,312.3747307230734,41.34478178764219,1.381953440089276,0.23568219569203774,2.0,1.102644126074832,3.575637021856097,0.38559430251285254,0.42167775702452115,351.7991207290616,11.222974745844114
SUB00240,10,111.21248251491207,209.71125286181328,43.212753125267234,1.485145516746742,1.1877964582948075,1.0,1.0,3.761947122269947,0.2517550561296046,0.5847956563994394,531.2618368294713,23.188995170226576
SUB00240,11,126.7130485740653,190.1111381042306,27.319643971683,2.47392784043993,0.5317187135913922,2.0,1.2705633920085322,3.60660471960706,0.30956493297269827,0.46757621645299696,362.32202787812463,23.51319911678768
SUB00240,12,104.99032452529988,225.07113662930635,34.36377973471463,3.239401943349554,1.0108870993369372,2.0,1.65283756208366,3.159827559929572,0.41645365664319023,0.4423070285322378,289.9057499594272,20.872222090016706
SUB00241,1,43.563454283504875,236.27241856724834,50.04516316073421,12.595148535595488,5.62318734996647,2.0,1.048800165928216,2.339064023447972,0.4372302681457938,0.4331371566779014,196.57918236603632,17.494095596203863
SUB00241,2,35.35884863526757,332.9926915186603,57.6168635864575,11.378536019685798,7.208489118232684,1.0,1.0,2.132231789361923,0.522649428472999,0.3010019371207444,280.5603628482817,19.97947097684546
SUB00241,3,40.00037243916669,387.23584849896446,44.04437743885728,10.03651965504109,7.91830569244639,2.0,1.7234044590238509,2.491786648783246,0.4125725310471904,0.3344019766536731,276.2894558326534,12.124679136398733
SUB00241,4,41.88417049823134,371.25771696436,42.85138635931793,15.191188728788974,7.545637297790913,2.0,1.4042672803220069,2.9611520300915175,0.1926154792843921,0.5304911803640411,188.76881123294748,22.894817558247233
SUB00241,5,32.356277811004006,237.10500424351534,53.79299445142012,13.0184254630259,6.389183324644254,1.0,1.0,2.478096702349853,0.5337917388572488,0.4961909797148846,86.55891079079994,27.098146263092055
SUB00241,6,46.14030902660963,311.9511594136471,33.84641738866749,13.15306946115595,7.359782088958291,1.0,1.0,2.826784310631007,0.3144711004941539,0.40280928782624326,108.88554947164347,13.754796231996773
SUB00241,7,33.31145971141918,287.2359013103133,62.75501375038704,9.990103928689361,8.003465234506233,2.0,1.7475611260911335,2.628986977907132,0.26512198543644294,0.2862554431756732,265.3272901385456,25.187085038247123
SUB00241,8,47.520045304946734,272.7425082120448,33.55013119037587,15.13555707946176,5.601980699079155,2.0,1.3640763852959656,2.450684337281033,0.32629427470571726,0.4908714555127097,229.10712975127794,11.685074935869393
SUB00241,9,37.74123187839604,315.5557154158446,33.36745343510293,13.99863020661491,7.908111772668201,1.0,1.0,2.750774598940792,0.21650181946856958,0.3712933121847242,195.17153693835147,21.1518524439648
SUB00241,10,34.418578315181094,276.5567440908644,39.212045372721505,12.439576711037663,7.927646165026671,1.0,1.0,2.371181490025127,0.5348832455356073,0.27844581856564077,235.8265806569499,13.165420907359014
SUB00241,11,47.04329510977834,360.54500544982847,58.80737761932191,11.561996527660394,7.0741980809184035,2.0,1.126796088146678,2.8925343094786795,0.4442682825952955,0.2717107126175283,280.36364006881985,23.173958115664906
SUB00241,12,50.03005172308771,342.2628749262269,59.710823794195335,14.172974129787274,6.1402870593391565,1.0,1.0,2.0051491239002526,0.5631291635923763,0.4010081280687093,260.444004735578,22.852359438083646
SUB00242,1,5.487713781133855,1216.6095654196558,46.62589749758971,0.2765059426829329,1.3825769075922967,1.0,1.0,1.2698925179663094,0.48402077140885635,0.39538317756619934,43.22336241492732,19.395083856943863
SUB00242,2,7.5608770260536255,1763.2776264215358,49.29830773137731,1.9236184339658395,0.4762954008888106,1.0,1.0,1.5973131087892773,0.22560578144388885,0.4377353533631946,33.11932255275545,27.819236843519423
SUB00242,3,1.3742709597750489,1793.4498886105255,67.22290271621029,0.3014388840720747,0.27223450743484323,1.0,1.0,1.0295936119456885,0.34777845922202155,0.5032450315343872,6.299274652462038,18.777394192877242
SUB00242,4,5.221726135636006,1247.7218731294988,60.47120886490891,0.78302554814273,0.6947238973353583,1.0,1.0,1.404588429947625,0.46245385254581073,0.37510958923619353,25.31087359174787,16.528202983541416
SUB00242,5,6.0899809512794505,1631.8427150816985,59.783134352271745,0.8634800550934251,1.4800414570734668,1.0,1.0,1.0723142717799383,0.28302770108324476,0.43385205189204923,44.3664298223765,18.259869877223746
SUB00242,6,10.484810652500336,1198.3213264407111,48.76556396794186,1.1106571816560886,0.7972083985486251,1.0,1.0,1.8356570523555833,0.438476025727481,0.37386204555232705,25.473715802820045,21.378857026183145
SUB00242,7,4.098519177916817,1237.252106261759,62.38167455761598,2.236231840206707,0.3422329518418033,1.0,1.0,1.7027706012783024,0.19670099042596828,0.5600607366241714,14.399214895344164,10.557738532975549
SUB00242,8,8.470409929951671,1448.723223288394,58.598562768997084,1.4367843277205847,0.5794722189741547,1.0,1.0,1.3604859842422712,0.5396943615009689,0.2940601563823595,60.38135940103228,27.579040712227144
SUB00242,9,8.482112854789602,1752.8750357033389,46.87554147438685,3.2702749296941915,0.749080752026408,1.0,1.0,1.5037495627596873,0.5052818283124411,0.30958049727992465,48.34999397845496,18.510076034903747
SUB00242,10,8.166866672754121,1239.515298992893,67.22354893747915,1.9666411992838269,1.3127288205600056,1.0,1.0,1.5732061867035743,0.5286420516549494,0.5170295714381479,32.14523951214259,22.46698802434976
SUB00242,11,10.45614555950026,1387.2652601461102,75.2154131779499,4.029797947971131,0.7300555719812912,1.0,1.0,1.0387887335053665,0.5315250329123936,0.4422787951478554,37.91074226477103,8.745808374154194
SUB00242,12,8.951709253649083,1615.6479206965025,60.628184030816,1.6919250445037073,0.3765049677193359,1.0,1.0,1.1182544441055908,0.40747345185858797,0.26328644493025977,20.21764352247309,13.47296955448726
SUB00243,1,59.894052691469234,798.7861900398232,97.12759091711223,4.223614662852029,1.6149640690443878,5.0,2.821261831389752,3.4147437152293554,0.26561985557199386,0.5479957718678996,430.03906436028603,25.42725950180536
SUB00243,2,54.8132198127005,661.1087102909016,103.3359420349027,4.301124062236826,2.6678450704300953,3.0,2.5078098496646204,3.009767309235793,0.4382818104168462,0.44546476677383917,342.21684800766724,23.05429833220324
SUB00243,3,66.69204108188949,666.1150648139512,109.05450990071364,3.5455200507468363,1.755873312992034,5.0,2.6273788808550167,3.5590156257220826,0.3347415221731299,0.3523248253426324,315.9420342587033,15.28720528868247
SUB00243,4,60.737967786903994,474.668323089448,83.61027679219454,4.22247653245671,1.8450847222053917,4.0,2.5350830227383456,3.333272859868594,0.49804576295015435,0.4683939237557635,187.22262754530706,14.783787402959103
SUB00243,5,62.261873570308055,673.7189092532983,62.45165235191094,4.696976051773551,3.327811782717847,3.0,2.6637057311832555,3.3383460430889884,0.40266483045364476,0.35464516819187164,234.62047978135726,11.388264490268929
SUB00243,6,68.3657106263456,660.8141392311777,73.25013813892097,4.3680576130186335,1.6038467085936805,5.0,3.079785102079209,3.638332417787481,0.47787270588706066,0.4917519262872647,406.16525411711615,23.983056548015128
SUB00243,7,53.55864201332122,544.6250207517035,81.42213315253088,3.5529441823518817,2.4628108959136785,4.0,2.687761035141393,3.8373523399507703,0.6282018837592691,0.49956893061926133,297.879331556629,21.43542950259118
SUB00243,8,68.56650125743133,678.7537829743123,70.9469900613721,3.682412117453795,2.9570543194301306,5.0,2.595965365865444,3.4401958314342447,0.5300304521659189,0.26047266739410757,317.97227719911155,23.89553846295385
SUB00243,9,56.54752445990165,632.1741566762568,74.40946264298066,3.4671137160037473,2.4606987114041137,4.0,3.0491779957176526,3.833714457991176,0.5707748917344511,0.3764240856208666,213.61434704127737,9.643448019023882
SUB00243,10,69.91508667698955,575.3822569446793,76.44629314823747,4.552080316763993,2.04046111591477,4.0,3.207336167402102,3.519532904949127,0.5264981932515642,0.28128957403681115,320.1394786990952,20.00303201489096
SUB00243,11,58.59093982369012,622.3074093502996,84.92098012619186,5.459026702376648,3.1763046774443633,5.0,3.3102108238926964,3.374459959392823,0.43377014216884424,0.38046531554010404,149.8919284065626,20.171156636197622
SUB00243,12,67.44810433867252,717.7561128983306,106.48914307503776,5.349155298679184,3.126995153780924,3.0,3.0,3.8443338260902924,0.5685627726202687,0.31864417586475396,440.46616771483576,20.65412920997281
SUB00244,1,3.734314567655921,110.45779293892768,21.452765818162,0.3201294332066841,0.807282902987119,2.0,0.7725176199712883,1.0,0.4194816112457387,0.5447264091018872,11.19656612693134,24.89199738572575
SUB00244,2,10.649221438502787,75.20123689762951,21.171991188030898,0.652956499098675,0.22414077057480242,1.0,0.7748291803099725,1.0,0.4195123168254923,0.5319868950687037,82.48691342517104,8.053792355711234
SUB00244,3,7.131518210487842,81.13314039088615,36.293304867350884,0.1812660422038416,0.7525670676542198,2.0,0.8391812060615359,1.0,0.30485356197836705,0.31304763748820025,21.998379979137287,19.01180301569033
SUB00244,4,6.672072282750747,153.15365895914874,24.90068300676902,0.0,0.4875461042680852,1.0,0.8982229842456231,1.0,0.48997138712532584,0.32438631234800086,27.384768916285736,25.198567488386644
SUB00244,5,13.140809659445447,70.92927135238641,37.85231347290416,0.09626305463197382,0.49704203913093836,1.0,0.6197326519564963,1.0,0.4988027154354403,0.48041609343470426,32.13898625119504,12.642497019551325
SUB00244,6,12.113323055945138,125.63480229999668,41.5356530758786,0.3340152407793585,0.5323409705542862,2.0,0.5624785641016082,1.0,0.5398740056133701,0.5015336421245514,58.90039916351991,18.428542274206933
SUB00244,7,7.515968529088843,79.7163463015891,27.319568842930945,0.715864422010776,0.9607129683148661,1.0,0.7593673672511685,1.0,0.5425241079464699,0.27842833728544375,56.839345418459075,9.915637935776964
SUB00244,8,15.41116567624687,126.04375301858094,17.64172289347276,0.1524764561706028,0.9815308057807169,2.0,0.5248250839682153,1.0,0.4876334210156933,0.5620762354678567,116.5722818008176,10.882369046201793
SUB00244,9,15.21340096768039,128.60963126871465,22.837647145787123,0.29557860522923685,0.4559185498633639,2.0,0.6361375462952183,1.0,0.381185947139678,0.4600992387608406,114.47203753977566,15.811603142522547
SUB00244,10,16.294679396352507,123.49978747088075,44.09257386226305,0.7449728875352534,0.193112670710902,1.0,0.8431078877770045,1.0,0.20486080579316482,0.4072717059436882,73.8297958381876,21.797366402412017
SUB00244,11,12.624784181809321,148.03870778796357,35.065631978496896,0.1281704378190982,0.8019884959346235,2.0,0.9505402121547994,1.0,0.25507863055029933,0.5022550585487628,59.88101891099372,20.345683724599937
SUB00244,12,18.648119169976486,142.29997959046932,30.484455932502343,0.054729847793896225,0.597156740213168,1.0,0.6283626193586842,1.0,0.4648268691301951,0.33205439240631146,149.18425218613095,21.20158966392869
SUB00245,1,119.6320914979966,302.97200994383195,45.77116506994711,6.483014221770828,3.611781497585263,2.0,1.5267591055714447,4.653309615981077,0.36217682741660095,0.5356055747782178,558.2958611778516,24.16734587367076
SUB00245,2,124.42748143955696,304.42637528191074,53.824229894768315,5.787014614981367,3.1954707418627417,2.0,1.5987094458704068,4.448447191194168,0.5840982469482755,0.26777122547700377,721.6811526319657,17.460155482209405
SUB00245,3,130.28879577567176,359.93929958030947,51.60574199079051,6.56829543281311,2.12984015764106,1.0,1.0,4.249220751481504,0.3222637818552839,0.2988072775835313,355.3307848019363,22.231274919743285
SUB00245,4,139.76771071230516,315.4829687326457,48.67481297273618,4.4371219776407465,2.4112475473008326,1.0,1.0,4.2222367734547115,0.6227893783911741,0.4329309399440654,463.9140391549044,19.333579286262275
SUB00245,5,125.5613182263725,371.1221152790086,48.55961870520653,5.783218350323525,2.172270875922015,2.0,1.9652919610773012,4.5163936618983875,0.4865534922526902,0.5989880598061754,790.4524676486121,15.200600057959454
SUB00245,6,138.1434023366711,435.9440122132794,54.86707187430645,6.296184683552118,2.8022840090283063,2.0,1.260782801297989,4.389999762169691,0.5718133045047271,0.26974281013917584,317.3156249584735,21.221549780749918
SUB00245,7,137.09078482129783,464.5754389110203,32.49963133313491,6.322916226299484,2.8447111555351876,2.0,1.7938897615193095,4.54196431878207,0.3205231849915996,0.3312775245231774,971.3873868824429,16.65815188509368
SUB00245,8,117.12888393519752,492.8142916418982,36.41251953038846,4.25784452932678,3.4958963110430137,1.0,1.0,4.810060115592941,0.4548083315333572,0.42776060669255644,592.3368820198341,11.347937527501877
SUB00245,9,140.5968045751274,514.847668638864,49.6359293174023,5.738541165739728,3.210821975434002,2.0,1.2702337051131212,4.56572765418145,0.5418766645714956,0.28621338802375795,728.7816065447671,8.056800193738418
SUB00245,10,124.22226699999578,369.76954983341506,45.93510200203549,3.812679126233847,2.5094260155894164,2.0,1.7622301434297727,4.603367809298728,0.27232708894886204,0.4132822112380654,963.6029726032482,26.08092034329922
SUB00245,11,139.0761818816721,297.94910884382983,39.360969762974555,5.529863436614465,3.8467570628378924,2.0,1.8653137509066409,4.430228394295541,0.5149987426110882,0.5459702987690898,448.2773660381471,8.192600675159763
SUB00245,12,126.7122179299963,439.97202537303633,41.05149252955772,5.229085511640616,2.453870625855024,2.0,1.9392002872207164,4.409562247951985,0.4707951393681262,0.2534943701313394,793.3778152638145,25.44026681423879
SUB00246,1,1.9194959534866407,28.77434145624352,17.247159980974757,0.06421848515778486,0.09119939759759782,1.0,1.0,1.0,0.3590311489710467,0.4473229224561365,9.980932266305185,16.780917851951536
SUB00246,2,0.7030496229126209,69.16984150470537,21.841908311126996,0.1478420290654894,0.14846465864617614,1.0,1.0,1.0,0.1580044525741111,0.5266828336975706,4.035375009208277,27.780752935158905
SUB00246,3,0.0,64.49406545066064,19.05576313029158,0.0,0.263050179469724,1.0,1.0,1.0,0.18750318664854712,0.5428506687667385,1.0,11.531099165392513
SUB00246,4,0.0,74.32638861573886,22.783504420355705,0.07815096226183826,0.16898956532887544,1.0,1.0,1.0,0.5488619671266676,0.5529367638609921,1.0,18.033306380465973
SUB00246,5,0.0,63.390235301178485,6.162810383184119,0.0,0.26463682012506295,1.0,1.0,1.0,0.4824217248392766,0.5405608291471341,1.0,12.748896135059617
SUB00246,6,0.0,13.881839068383181,19.818600750389336,0.0,0.2727932078265502,1.0,1.0,1.0,0.3454716520015962,0.46974797029029386,1.0,10.54249395740037
SUB00246,7,0.0,59.111379899299834,18.41321970353544,0.0,0.05774163700807933,1.0,1.0,1.0,0.44061244714067804,0.4805324600713067,1.0,23.23551367487747
SUB00246,8,0.0,64.76070753123588,13.021183882345325,0.0,0.024917551538290617,1.0,1.0,1.0,0.24559293794250686,0.442714419783169,1.0,10.327456093511946
SUB00246,9,0.0,56.02833519263365,11.373444287109054,0.0,0.17354063804487263,1.0,1.0,1.0,0.21806164121821225,0.30007904255670276,1.0,25.712706203167187
SUB00246,10,0.0,40.3223072358324,23.4132461316003,0.0,0.26206128581068416,1.0,1.0,1.0,0.47537919145588714,0.5228432010540511,1.0,21.116804437812842
SUB00246,11,0.0,79.00553529065621,22.182675065593603,0.0,0.2948970702209482,1.0,1.0,1.0,0.17594607724451702,0.3242196401304098,1.0,16.032901897929726
SUB00246,12,0.0,23.279439205100722,5.16205746250021,0.0,0.4168240779348922,1.0,1.0,1.0,0.5351448088683951,0.41410737246515217,1.0,9.272746786056505
SUB00247,1,110.70788187055727,167.26781571435367,35.41691552262894,0.9156564531223599,1.4459090985429246,1.0,1.0,3.6849178465459915,0.4738572025234944,0.5044179886885205,720.1480639360466,10.640885030411141
SUB00247,2,103.1100227398036,251.55519696090997,30.476400383279433,1.0908869595488186,0.5270391174226525,2.0,1.9650089389928882,3.3508774762157643,0.6157034290405861,0.5275617608524645,346.10846052096645,19.256193014994643
SUB00247,3,105.37643579087883,282.39143324522547,33.90396492321829,1.9259608634193874,0.7059885008620836,1.0,1.0,3.143982829063771,0.30616309458394764,0.3955643330814934,627.4696201815663,15.822167228362938
SUB00247,4,106.4621537567884,279.58260035574193,36.548519016228234,1.438962350859987,0.4117669521554275,2.0,1.6425390205560806,3.441778274796079,0.5537544981640933,0.3435626897274644,221.14960672616306,26.28502250097392
SUB00247,5,105.47171482497507,241.7361521424557,44.75072782845358,0.6776223751341395,0.8075719506290029,1.0,1.0,3.081665203556325,0.5540269914031064,0.5551360943586134,472.456695050659,18.330366310525253
SUB00247,6,111.69471617153964,241.6337864149,21.23648803148055,0.6228642644230107,0.8218872561063926,1.0,1.0,3.3448078602601345,0.38722631529926055,0.5443217905765649,537.9050451964251,14.627551218556347
SUB00247,7,99.77456678060926,333.2000348261022,17.166115755324874,2.426795667629367,0.3557650817370592,2.0,1.0157612787542742,3.3243133722779237,0.4220408359104816,0.5196358423228638,419.7028505989375,14.768213999674115
SUB00247,8,117.31600402070517,154.97405069547813,34.79311547378396,1.1600354192910003,0.2609069520769279,2.0,1.321418226606483,3.335154184605122,0.3215479874691355,0.3239773846298399,655.8404152019938,19.632111559253357
SUB00247,9,118.9876597855184,215.85281084873222,36.053795235213826,1.5419248572095703,0.9562378361314277,2.0,1.638504748041226,3.4393733300239457,0.4069751600084557,0.35750655994283664,401.42890741895576,12.711710607161407
SUB00247,10,118.0587085591959,222.03924700862194,21.374030919735553,2.1391943010273753,0.7578951674710912,1.0,1.0,3.200100875770443,0.27219820336228456,0.3443856186045259,541.5921672848598,12.165965982054535
SUB00247,11,109.0674496891888,203.66939438237733,43.77317956498928,2.7965802488442897,0.9882446721662815,2.0,1.5323918834492685,3.7431800885237285,0.4429384527308339,0.324811326758625,645.9982437866812,27.424191712327715
SUB00247,12,110.709015558411,178.7151387490918,38.31671910788353,1.6511668638503874,1.2901168125612181,1.0,1.0,3.8112925887816185,0.5371667976654168,0.5904009874533824,817.1879065604401,10.50876636132893
SUB00248,1,40.15483162655879,349.1149197909343,39.49366260689588,14.923587131922641,8.673224086711944,2.0,1.3884781951025231,2.3280800460758213,0.2531503357270612,0.5281540509659783,110.33917836135144,17.584151047939493
SUB00248,2,46.87311193426026,243.1809127941006,44.48569612854516,13.846890803027438,7.113077447235684,1.0,1.0,2.4016580982440887,0.48009477125223976,0.2583038708150073,211.58832238374094,16.443166577174253
SUB00248,3,39.478881327614715,252.86006828915095,35.99489113762792,11.72231369236004,6.030682791716437,1.0,1.0,2.996366602115999,0.33208244569972456,0.5410419387588661,253.95361961443732,11.308840906698766
SUB00248,4,38.62779273771154,226.7822131428807,39.2129719442668,11.780808836201127,6.009825154688846,1.0,1.0,2.771644892213635,0.17095248708997612,0.4675276334698836,256.28267989553893,16.743384983666953
SUB00248,5,36.11897104538229,279.2430902014044,50.33764800798246,13.961057931059129,8.82343290670584,2.0,1.7323513390835394,2.1163158460705755,0.45312552525963345,0.5075086323231834,149.5242974910334,15.73901236802127
SUB00248,6,40.78682470582747,319.30919080890465,45.56931455137189,11.519426894321658,7.611385972367305,1.0,1.0,2.669280805083736,0.1647577764720336,0.39609832855838034,182.98545227781975,24.928122270581248
SUB00248,7,45.616568714762984,355.1443548841585,55.06994301481821,14.85103396528788,8.179132620899294,1.0,1.0,2.147348632775333,0.1995843563211349,0.5919546908828217,356.11680393410296,14.734675893711374
SUB00248,8,28.778318793508966,213.97150316384804,37.843984312193975,15.363073207126947,5.032883935777278,1.0,1.0,2.894104606704624,0.24814147608707016,0.3332094509284606,126.11417539344183,10.148921681398404
SUB00248,9,28.793823953771287,394.1555136565708,53.68238022760689,10.353151852218888,7.835051731133263,1.0,1.0,2.6716801546576048,0.4796417761748607,0.5776641071545245,195.22008522588226,25.917663236667586
SUB00248,10,40.127166558064424,351.69695186112773,31.967416447526688,13.975209091682588,6.478287622904752,2.0,1.8851096657114237,2.197140121605239,0.46795835698292154,0.30935818032693857,219.04124024399357,24.964118462448543
SUB00248,11,46.22191014256883,376.4782133866331,36.04713920099342,12.704642541298563,5.058874736497163,1.0,1.0,2.4183661276622725,0.22815558112466272,0.3719593777754893,331.2401326810048,20.21923571618341
SUB00248,12,36.04422424248938,223.78017042922443,49.200979157529105,10.618807466896936,7.868233549475301,1.0,1.0,2.3826247603328814,0.4224084632973777,0.5317105384559633,128.3632791415961,24.523380984534228
SUB00249,1,7.888042855983345,1355.2801410777856,67.26619857120511,1.687384720181692,0.7528616887542514,1.0,1.0,1.7955351613753563,0.3430771966022814,0.522481204344042,51.52545063242335,17.115265029091937
SUB00249,2,4.594853894128317,1501.1230856751863,48.73924934509475,0.4188525876703062,0.8491789213559773,1.0,1.0,1.726901353475128,0.31260004893797194,0.5297022457789355,29.802681328076538,22.220097162106896
SUB00249,3,7.959589287781479,1534.0313697660022,43.95471659611295,0.31698927033650015,0.6212766053088559,1.0,1.0,1.0408306435566221,0.3361225045037852,0.5168960275758682,47.869447967429984,18.753021188468338
SUB00249,4,4.55123021925445,1440.772726953923,43.37582314471342,1.996099353892282,0.37756921050907055,1.0,1.0,1.4931160059212008,0.3062537575696155,0.35774516395518485,14.079985546784117,26.20698708387021
SUB00249,5,4.615265604987796,1273.6596266307304,56.9928922491719,2.415322528012453,0.21925873813441055,1.0,1.0,1.9271331650340269,0.5303325083157601,0.29440769050947835,28.768058708155305,20.947472854295604
SUB00249,6,5.500117760379214,1607.4621052200405,48.6279791616542,0.5147966280138174,0.2076307236662599,1.0,1.0,1.1657086973878963,0.15667480255921967,0.31478510765973966,13.492644761797456,13.643395339333768
SUB00249,7,12.650744270123644,1216.015577133895,43.52193395468265,0.20664801478544392,1.4580125495031926,1.0,1.0,1.3420501002878724,0.4638245581831062,0.4495928966065216,66.77011975585751,24.175502454506024
SUB00249,8,13.422282562628617,1426.085781282271,73.10564573367907,0.9033063126691193,1.3529318875724323,1.0,1.0,1.0413751663038324,0.2698522489175549,0.32606946636863005,37.235784710392174,21.452463394483658
SUB00249,9,11.866593934031407,1384.9812687869605,63.94416029566397,0.7862079389489114,0.9131138323976117,1.0,1.0,1.7544794466720013,0.44391317096753036,0.5968125130222555,70.80819487741833,26.32306270488059
SUB00249,10,16.248346427713486,1525.0934824928474,63.40109106123129,2.2444966818635166,1.4192505081810876,1.0,1.0,1.4885610943215264,0.42669042818103264,0.40103797100496785,61.99439767355411,16.83871157074504
SUB00249,11,12.53161349986029,1608.1442532654455,67.0686186731105,0.0,0.34956702966223036,1.0,1.0,1.7560413449385608,0.41655544928491006,0.4971885164872787,74.91298202204457,24.52902291448472
SUB00249,12,14.308528656856133,1711.2753682376867,77.13703682909811,1.8133228947678213,1.399609411948494,1.0,1.0,1.6814912337633627,0.4860522178378214,0.4150054755071285,49.269893642536445,8.883580180701998
SUB00250,1,69.45096680266865,486.18602922400464,113.44028599390708,4.081058705427868,2.492092734672044,3.0,3.0,3.1263405916446088,0.2917186902732589,0.4453480252298403,489.0658576384987,15.582425357269711
SUB00250,2,68.86644309188141,749.9193753732861,77.73494685835112,3.739546986301896,2.861727072049637,3.0,3.0,3.0212230701736664,0.4291696523308559,0.5661461584342911,151.68434230425243,20.359873306847383
SUB00250,3,61.59768486930954,637.4264697963365,115.20843687637571,2.843713696808818,1.6841589872477176,3.0,2.7198245720663916,3.5644955363855084,0.38681523823167097,0.26706348940703173,442.2969977707427,21.5078825514901
SUB00250,4,77.53776699671938,659.9195490694414,116.79657233573906,3.020948267211503,2.167472399769111,3.0,3.0,3.247012166494864,0.30761922637149697,0.504813641278594,546.4049705739852,26.55445725683982
SUB00250,5,70.15837185792938,619.2207448339645,72.7261891050459,4.232302285079785,2.057954606514111,3.0,2.891984672474619,3.327444729746758,0.33024658616656677,0.3926792466586987,293.3831315537568,22.696157233262216
SUB00250,6,61.087220721509695,576.0702731055803,75.07358230479572,3.0636765058692577,1.6151466554861538,5.0,2.8487966825641893,3.7575468361950195,0.6127715476679224,0.253988623717674,167.37258770016857,11.810962585341596
SUB00250,7,76.62239445969239,573.7579251735089,62.12978045877688,3.3351578940580686,2.27113860119729,3.0,3.0,3.383484057053299,0.5492770900075586,0.5543084131116536,328.20549262897873,11.214738840430776
SUB00250,8,61.369883265964845,440.93391635887053,111.16598325650682,3.7768832744708036,3.370933027686341,5.0,3.411637511166444,3.919582311039849,0.3597846014483673,0.5824795372054803,485.01022531561966,13.59515940894723
SUB00250,9,67.54309734395967,638.0424370147177,98.78492063623385,2.725662124111981,2.8691838516275197,4.0,2.937757117533626,3.126141400770715,0.33280278592221324,0.42206241913001574,253.13969558850735,20.983284939432846
SUB00250,10,57.26979175891369,510.6272982183346,84.00890172785395,1.9043405914231337,2.5658982852873766,3.0,3.0,3.4501778256483977,0.5591195567251208,0.32937794078903615,347.04656419529834,12.365412147751309
SUB00250,11,74.7771434109433,514.1917590534379,103.40045649922517,3.273804295856805,2.518774411477888,4.0,2.6623272325699907,3.5428395310297063,0.3886462085157072,0.3660770796840613,522.9587228547058,17.124304015206377
SUB00250,12,64.03715782043612,649.2325980336045,111.77211431457474,3.5930255782897143,1.7385148077880779,5.0,2.5631881953389803,3.300716937923102,0.33338813797722344,0.2635269065208629,281.4296836643748,12.981600894287926
SUB00251,1,9.08720990825511,80.7593541777548,27.258229431734836,1.0736815180750723,0.7835423861591654,2.0,0.8824900750053474,1.0,0.28667609458174953,0.2641858705999845,18.575883509629314,16.502044810059196
SUB00251,2,4.611328387205494,161.6875122348113,20.645594414139545,0.3539101762852368,0.9191411354272365,1.0,0.8431949552391471,1.0,0.20940124452809555,0.30449810115750797,10.371892919836093,18.770511494342262
SUB00251,3,2.330769543331213,78.65679018522307,41.667340911396494,1.487595418054548,0.06824410852266194,1.0,0.6286825751740153,1.0,0.5240679835356896,0.31167591273512024,4.739537311553476,9.681443119684708
SUB00251,4,8.569528881909175,141.6852703178011,27.781920535393912,2.029340120185276,0.8104905327744649,2.0,0.8593289101022922,1.0,0.2157012273573669,0.44420051665348115,50.09635873761603,10.655211975050483
SUB00251,5,4.837666440593496,153.90384756943683,27.31702461885508,2.081857767378118,0.21047607334165508,2.0,0.9412929099878589,1.0,0.2305844136178322,0.3791017456631232,20.7967176491551,17.081414528711843
SUB00251,6,2.857854848682036,90.41388061790256,34.89087964199608,1.6896616736210308,0.6825289091762581,1.0,0.6335880033232542,1.0,0.4449615565238768,0.44794752045159336,22.273449214952368,22.55375142431749
SUB00251,7,7.629588292337134,123.22925468277228,39.56538879189155,0.9409882800646517,0.1494167377477934,1.0,0.7256742979639184,1.0,0.2845406670623553,0.405451152626193,33.527167753387445,10.637294507516827
SUB00251,8,0.0,90.70312866662994,24.829264548352256,1.4619568682534414,0.35095280504097626,2.0,0.9786628946798166,1.0,0.2210387088406553,0.29865508800498836,1.0,10.338661238504763
SUB00251,9,1.0545055606979172,172.19686642085802,16.468656992698804,2.2935861812229232,0.4091171427650667,2.0,0.7343880313101148,1.0,0.27600102044002084,0.43944640576770333,7.847573498740801,16.761545503871623
SUB00251,10,2.4410729447474644,156.19228491033306,33.371807504493475,2.9765061622118627,0.8989346499505289,2.0,0.838224295863634,1.0,0.315787034350102,0.4758706053844968,7.0075327486424195,21.853576938672187
SUB00251,11,0.0,101.5603356089833,32.96344365700095,2.613691487600138,0.7787829482130239,2.0,0.5009236848698622,1.0,0.23988421354278167,0.44703203404993563,1.0,15.296949154568079
SUB00251,12,0.0,181.80797132964796,22.97374275763934,1.9712208941662608,0.4195240949270307,1.0,0.974716249852295,1.0,0.24740078609158914,0.25603186584975457,1.0,27.917404615552552
SUB00252,1,128.124857001657,313.09467874588034,33.69350924136559,3.109842146083398,2.275074948007971,1.0,1.0,4.545971501324026,0.39145327151669573,0.3177168221246458,773.4153973082374,18.488597871332615
SUB00252,2,131.49652475392824,491.82795677924236,50.33355521077125,5.143104400427975,3.706383393172664,1.0,1.0,4.131984938934808,0.6144373376351391,0.37094102589274836,639.6734850628346,8.411391423075798
SUB00252,3,136.32421361194264,408.89698943739376,47.34483886274083,4.062293922983705,2.622311672621696,2.0,1.9898084668852216,4.576159633221652,0.6401258122215372,0.3552516179637377,703.8367992062813,8.367741059781014
SUB00252,4,132.12488243058547,411.2788754097512,32.053041966372575,5.650757765251539,3.0625925970200853,1.0,1.0,4.448811890203154,0.586458030371382,0.2812596018638941,1048.0478839682125,17.71834495285467
SUB00252,5,109.09619268959626,445.5440934573037,47.63080538093273,4.973209988494431,2.5899534785683604,1.0,1.0,4.2189941949441545,0.5504261664750414,0.34352375842646776,584.0214724221488,25.124773864907887
SUB00252,6,117.28493181235419,507.9687866367255,34.91522556401542,5.977814870738072,2.622709799994497,2.0,1.1940064801269474,4.51270786002373,0.5815894573713571,0.42580500575276414,429.1214739934319,26.58269653428213
SUB00252,7,119.445834159933,539.3219644411516,42.06024847824882,5.605608265252966,3.057440551454564,1.0,1.0,4.1914802759302345,0.5917579953573604,0.3877144540862345,631.7391018049987,19.02807872525449
SUB00252,8,115.72342736203503,453.0778867283171,33.42360627232789,5.262879287110801,3.1888580827883293,1.0,1.0,4.5419249430270074,0.28736667237560704,0.34772042238637346,507.74069042366654,19.440428706317864
SUB00252,9,112.69979647303064,301.96706363032604,42.80499636790696,5.830174401297431,2.0552398164389087,1.0,1.0,4.3455542690738085,0.2650431393279776,0.5716189370268661,564.7043816241778,23.53053805332274
SUB00252,10,119.540709771672,524.0463740134724,31.281647546828886,2.5230388204019767,2.539043197163732,2.0,1.578380848035311,4.651879056930682,0.420543301154923,0.4072078478425005,474.4313551728959,9.880630768382952
SUB00252,11,112.49147112706689,563.7802749174322,37.64494725627759,2.3680942724371885,2.189220800664578,1.0,1.0,4.855909684355239,0.4135243399627905,0.35997549171243676,788.0341897889207,19.75797247592098
SUB00252,12,132.87431270736036,424.07239006135893,34.58104812412911,3.4710822786536486,2.749994059532363,2.0,1.1452407345281261,4.7536498756068095,0.326324776342771,0.5049903017491115,284.847055156531,21.77761986981738
SUB00253,1,1.7901475894441856,18.97167003171304,13.512547145308979,0.11835232124762562,0.45825556586249333,1.0,1.0,1.0,0.4178605318809385,0.28137263735448614,6.740307923405711,27.771429314346214
SUB00253,2,1.0688200147008056,33.55742138780128,10.707901045960364,0.09287398319257958,0.11622044007644283,1.0,1.0,1.0,0.2665543640989857,0.31601365038959833,7.024491933485698,24.234914180573853
SUB00253,3,2.0802582829115,55.38194511341548,12.6207092216168,0.2359080558937388,0.028883586784159865,1.0,1.0,1.0,0.47864666305334713,0.264271276975648,4.346731415703709,19.72007583662004
SUB00253,4,1.019300934634537,111.39467675353623,8.54815597878721,0.6361944471290294,0.2085687139498117,1.0,1.0,1.0,0.44667874103555505,0.31504396423428555,2.278781051985051,17.952484888306532
SUB00253,5,0.3862557738466741,71.43386678737862,7.9782191400494495,0.4618958602493862,0.17720441261003894,1.0,1.0,1.0,0.4159601390503397,0.516940789459158,1.6549404773537786,23.785714946978644
SUB00253,6,0.13725960040339324,17.67161979468117,5.7940421703278755,0.4882562079190515,0.3406053207607052,1.0,1.0,1.0,0.33737756707418304,0.34563279434716154,1.0,13.54731949454722
SUB00253,7,0.0,79.32721694685979,12.903845417426684,0.45603495833603397,0.17287918607166058,1.0,1.0,1.0,0.20304795985608437,0.49247521109850645,1.0,27.41677129756522
SUB00253,8,0.47345936318192217,58.60539380968956,15.259263408871295,0.6051516133479555,0.056387906354067596,1.0,1.0,1.0,0.37314308567766163,0.5239754584276829,2.933992920033274,23.331746477980143
SUB00253,9,0.0,46.951506667217885,17.71349754876927,0.3209527380393775,0.05082892435714065,1.0,1.0,1.0,0.28732012327156153,0.3242073329742782,1.0,17.02641160654344
SUB00253,10,0.0,24.76145891604306,17.562266214433436,0.519182885688779,0.404020943000749,1.0,1.0,1.0,0.497992784311568,0.37300963109289886,1.0,21.2577214538245
SUB00253,11,0.0,28.18613002674325,14.130984722605625,0.4926079411381494,0.312567383631499,1.0,1.0,1.0,0.217647990967809,0.5696540940503536,1.0,19.535863704813103
SUB00253,12,0.0,44.41088212057596,17.420275339261266,0.7532422796387644,0.40127052555551745,1.0,1.0,1.0,0.42472148477362737,0.43398717548204435,1.0,26.02417951251233
SUB00254,1,114.33423285337041,231.1867386023139,31.079635889608785,0.41621094745240195,0.040018345607361006,1.0,1.0,3.2567802102346706,0.3007268959950641,0.5201395786690409,277.4098791942423,18.82220304578392
SUB00254,2,106.00941522087598,266.7392735323929,30.104890814484357,1.3175909873972227,0.6297101209546441,2.0,1.2685575747705617,3.36986790897692,0.4815027192837251,0.4856211677285832,824.347962003656,13.533877179866803
SUB00254,3,110.01400314654468,196.49948471606132,27.55630187649007,0.8053190484326946,0.03635467336943826,1.0,1.0,3.0630008752247875,0.4980841438765856,0.5854898392102132,257.76338898013006,22.90913417421837
SUB00254,4,96.44915818404962,292.546290768539,31.77900352853366,0.32496936262664244,0.09340752003757286,2.0,1.7044505947227322,3.568326385092037,0.5200660130492163,0.29054460506981783,631.8952404340506,27.12564826154175
SUB00254,5,120.38116119719783,166.2734407805759,30.72182961887568,1.4948012592525892,0.771715704151767,2.0,1.1209232285080861,3.904073170234957,0.6062736360550508,0.2676681559564061,800.8362346842387,14.750474178687423
SUB00254,6,98.35250554038002,306.03938243658956,22.28114254732658,0.9613881964125123,0.028518785751924236,2.0,1.0172312688149066,3.522194218721076,0.5065307970701133,0.5014160846893374,319.39142851627446,24.10028193840757
SUB00254,7,102.8504141318554,301.7130726383358,31.876638849219226,0.0,0.8472523517404057,1.0,1.0,3.6380195653361374,0.38944342398419096,0.29271083723531416,706.5142071825903,19.529025435855818
SUB00254,8,112.02384321858344,168.5584909422382,30.83607322335577,1.0755126713191276,0.9953963144839002,2.0,1.1749981304946207,3.4181079442742517,0.48999102746733136,0.43152544690724554,428.5369330600438,26.885396209174836
SUB00254,9,93.61972846664311,277.22472059046845,18.824151572498266,0.6675667579631808,1.3978914517822159,2.0,1.6367740348896682,3.0187453961656274,0.46677563933291666,0.500193426685057,303.6638030943165,11.080210601449478
SUB00254,10,104.44109453057015,215.6161113996307,27.29494707396192,0.5169585638625667,0.5934665077243388,1.0,1.0,3.6927034682085016,0.26874977527721355,0.32234561327101396,712.3624866900434,27.683031227501136
SUB00254,11,117.79428283721955,185.6051340054957,34.50977965106449,1.617954444510551,0.7892570246704029,1.0,1.0,3.993772588650124,0.44025033909048894,0.2601831603972162,517.96636846512,10.526243941557663
SUB00254,12,116.98693864645222,188.8189782827408,31.25739873800123,0.9404970727939702,1.3454810356802107,1.0,1.0,3.0341661940923874,0.4375090020505831,0.40379974251623096,551.5040857993257,9.143805264275414
SUB00255,1,42.06316384230542,275.65207447315987,32.41987593815944,11.193138801824892,5.943622338550339,2.0,1.7664347626177528,2.7291739244314623,0.5229223799018092,0.3154654794431081,308.67499449679246,27.653486914662256
SUB00255,2,40.950902055656776,349.5647530041164,41.632027792793345,14.193645579100718,6.539765802530129,2.0,1.0229484412485266,2.0979879157299917,0.3116571052209324,0.2595934652638509,118.30840443172274,27.361469152906132
SUB00255,3,38.22766596371182,268.5560214456407,53.49235868758967,15.939868966424111,8.60882725380584,2.0,1.88279323464572,2.523215815086385,0.21794592935284474,0.3094308647104112,250.46514240217184,11.159173610961428
SUB00255,4,37.44191294943795,245.94950095822068,34.13293876793087,14.071375793154546,8.008054865198321,1.0,1.0,2.6142413926004613,0.3130487195021918,0.2788740237260043,144.32494698137293,18.493441714656413
SUB00255,5,28.52017186521736,273.40857896351474,30.28179218885772,11.050064986125578,6.4678763598399645,1.0,1.0,2.9546638586007976,0.37591966071143534,0.5288177823942593,129.22304760842343,12.097629883111955
SUB00255,6,34.80368776025136,305.9305929279282,38.30285711558679,11.051357006588157,5.001569602206053,2.0,1.7278880303120547,2.82580449517645,0.18624968245433862,0.3212984004393641,184.80437339306928,14.545965026417779
SUB00255,7,41.912898486367,284.9491733099707,49.67090628212922,12.39673831735962,6.085178588029177,2.0,1.0205553800342917,2.2309162288055613,0.4209391978592655,0.4973237534846041,157.82948811127326,13.723654698996183
SUB00255,8,40.56613235831638,254.29884254825356,52.855643097541716,12.03133001611035,7.889528882406794,2.0,1.2532747505614679,2.21415233313154,0.4319678265913762,0.5620399045302182,319.65501168353615,24.065395697882
SUB00255,9,38.123279234288134,269.88651603901366,45.05835170159267,14.06816391343565,6.98879534693141,2.0,1.5981838385568206,2.881881940926074,0.48037995948958123,0.37213717729509965,244.1053356110181,18.95247452821946
SUB00255,10,30.97181611811694,226.75947917675092,37.428056015068925,15.895851905912709,6.8597712427893365,1.0,1.0,2.1649593392590347,0.45462231694526445,0.4677047922167973,102.38380534624281,15.353452971610363
SUB00255,11,29.215504704563195,249.77305222355284,54.32385243167427,12.01898104357031,7.197843869711863,1.0,1.0,2.599176920584954,0.27981841064566554,0.3513433250265743,134.14828219453665,11.852259109812675
SUB00255,12,34.227495627581604,353.08446806091183,40.270583558467415,13.030849958887554,5.538869203340245,1.0,1.0,2.2052712185663186,0.4185822981341154,0.5974589171131229,207.16235614438745,12.882153701383956
SUB00256,1,7.605727728412126,1576.0063474766525,54.973078421776904,2.8657440984378217,0.38515987353022846,1.0,1.0,1.0078582220583852,0.4900464023538088,0.5378726019555276,28.6352508262054,23.44186179708945
SUB00256,2,1.6265439075484018,1777.6517203457202,63.02248341249884,1.4218775332705103,1.4631127708565228,1.0,1.0,1.377267273316835,0.3567493294402335,0.3358264224879594,9.270265911015537,14.117362875742637
SUB00256,3,9.629376777964158,1676.2671721317336,59.981794547401904,0.800436288710748,0.6035107082187712,1.0,1.0,1.3481046723240315,0.37238203485320154,0.4925449949095838,74.2124241358304,19.669930619271327
SUB00256,4,2.2813074668658695,1246.0719360759795,54.073612858517556,0.6975361222524828,0.011014444176998095,1.0,1.0,1.3514033869469455,0.5109808209134602,0.5597281881578701,16.381470427135447,12.23736167904985
SUB00256,5,2.011514567385917,1485.7375273361074,49.555554023731275,2.442045876402369,0.5469817407137578,1.0,1.0,1.6634672921347118,0.43439367835911413,0.533836520748852,11.06987311077046,15.577478563864135
SUB00256,6,3.1647836920400176,1431.7640194226133,65.10651319134462,2.149831723223215,0.8941171586109513,1.0,1.0,1.5844893121146228,0.16815314282170027,0.35899468150382785,8.010522520974884,11.279027348699069
SUB00256,7,4.48122701451292,1361.704051458546,55.962007532077976,1.2804582751143894,1.232950062062053,1.0,1.0,1.7306246755907342,0.30039574523520585,0.4779016435373316,20.24781016344037,16.5965748010468
SUB00256,8,6.550712308873759,1448.4556098330813,61.661649834595664,2.22893357038971,1.169047456126557,1.0,1.0,1.3412897563611237,0.35672084288200945,0.35752120167202783,38.79371496158469,27.984384419044027
SUB00256,9,8.320231457822468,1415.7820973683683,52.64958624977056,3.714322605887044,1.2146407809404862,1.0,1.0,1.922828990060086,0.38683479003362226,0.46589052068729175,18.438038333985592,10.576520573143547
SUB00256,10,5.62704525168447,1567.032205527441,46.99845679041466,3.193540837235683,1.4520482995072914,1.0,1.0,1.2807952941206497,0.5220442620909889,0.45909243048493326,42.397502442418684,25.806661019661867
SUB00256,11,2.477823651358646,1441.953573783654,79.90799746434823,1.5748420275763233,0.34143568343247654,1.0,1.0,1.5270835057817491,0.4171098423962868,0.40115762913683806,19.319537135697093,22.110998632128396
SUB00256,12,1.4879019043158903,1379.8471364029713,48.470093646075405,1.8791999965277015,1.4840013854112697,1.0,1.0,1.2275480126755198,0.35866792059605335,0.3189978117430094,5.396117312944458,16.213881130992338
SUB00257,1,53.36646940801809,473.5111862421827,78.53421409488861,2.2470032124007404,2.514783814524043,5.0,2.724806086668144,3.5232915869416064,0.28280434990756853,0.30620477309775507,113.73937104044872,26.229770561518084
SUB00257,2,62.59158996550415,613.5403506322451,71.39694703681863,2.4963619421485084,3.2078192855069663,3.0,2.6860125599546647,3.2195248214623557,0.5945832909358841,0.48643722986395793,256.9800475606564,8.519357276674837
SUB00257,3,55.416706909892966,692.0713510751176,95.51751847466296,4.480304895898248,1.9790212663987587,5.0,3.0562756192391327,3.223309854717242,0.5330082317372977,0.44663189962900374,175.90478000518723,18.11775974905803
SUB00257,4,65.9482030036795,472.206584019821,118.12898884049196,3.12826334606075,2.0880806933871954,3.0,3.0,3.7154082823589563,0.5047907104679997,0.426294691687515,512.0044712337425,22.06366516544415
SUB00257,5,70.9972622048798,611.5521224666567,96.27022131471054,4.942167124281064,2.466078098182791,5.0,3.345433340417355,3.710678397241557,0.6195941929681887,0.46175228052916734,443.86811361982456,9.902921531756203
SUB00257,6,69.82635737246173,636.2828086651937,77.23488631437054,5.055989788038765,2.006423137319111,3.0,2.5748023043450834,3.293150832161483,0.3845219907587075,0.312155380339355,492.70463550834046,21.477971498042844
SUB00257,7,71.27006176076644,592.0411839178936,104.17704891957183,3.953046255793997,1.947048821088263,3.0,3.0,3.3486472017948983,0.5333633049474771,0.42776717821592924,333.6378576726893,20.57854040187567
SUB00257,8,56.36449275452526,566.8604087324132,74.87205830045465,3.8773746757155916,2.1972451303985205,3.0,3.0,3.500050480388622,0.2854300923955844,0.3258368884601378,446.1892641210396,9.797443978531119
SUB00257,9,71.55962614898962,620.8832051891736,118.63064902262917,4.316246618482063,3.353295106508038,5.0,3.309205304690785,3.186788717195005,0.6349196837804765,0.5970870245467916,488.8771530477387,17.029876303276787
SUB00257,10,72.20417493485046,794.6820153761277,103.0024925774465,5.389321115536395,3.147617046205308,5.0,3.2053836623757537,3.576646640177683,0.26675335633663116,0.5904460593614445,338.91378375964086,23.93576536647454
SUB00257,11,64.27135828189192,629.5482187521541,72.68089130484115,4.347842818431606,2.488243990165028,5.0,3.198255171288282,3.8279874901438915,0.5764110560476302,0.5052277997411783,182.87154229019228,20.42934742004125
SUB00257,12,74.40186481834886,696.7174409681696,103.66456212673982,5.450172664550755,1.7905935292142667,3.0,3.0,3.6866111678514195,0.36768282310054456,0.30238095997292536,497.32659201069407,8.988399044222454
SUB00258,1,7.201961009155609,121.23300087368091,31.808174601031038,2.027833122207555,0.8034247604769099,1.0,0.641612027986848,1.0,0.5308406673847954,0.4266377044905396,40.02727286886392,18.40922346643214
SUB00258,2,3.8936254116692615,103.6621833378519,28.85367185315752,0.0,0.5235835295936259,1.0,0.973668337447136,1.0,0.18579862323770113,0.5646818107514708,19.75084707357776,17.39355741138333
SUB00258,3,7.917111395069636,106.07904624084472,33.1794835708053,0.09621425900906666,0.9661158793506467,1.0,0.5166651777288971,1.0,0.33784118108003347,0.5999125139790762,23.808273158835004,14.52410204895829
SUB00258,4,3.572112678689229,150.90564304465488,39.81301628680036,0.9983019728790814,0.5799040396418447,2.0,0.8056644661486813,1.0,0.4952681677667815,0.4446578524989943,28.148436327551266,21.11251537077866
SUB00258,5,5.091697190353904,113.11230917419192,27.31059198478562,0.0,0.3223723437891671,2.0,0.5725129075098827,1.0,0.5273460436329811,0.3313729682544404,31.102837615986992,8.75964886450224
SUB00258,6,6.672905530740752,99.90870081959062,17.473468497269376,0.0,0.355109453422364,1.0,0.8463778173344401,1.0,0.479237889416922,0.35200980906191887,22.286951633976578,17.890532883046923
SUB00258,7,7.741952913232469,139.71210940887588,44.34873954756037,0.0,0.26240821597859265,2.0,0.7369677100232888,1.0,0.2924027123285283,0.42213700346779814,46.295028458558185,27.061001509404743
SUB00258,8,10.302346231252438,99.39314501113454,40.05980651980594,0.612654868839376,0.4472748073435431,2.0,0.8312735547933064,1.0,0.38935066128806217,0.3586956529546784,33.157078179257475,20.976985198215296
SUB00258,9,6.522979709228169,151.81993264362254,20.355565590878513,0.0,0.39588739146898555,1.0,0.5286569127099744,1.0,0.5003002659843846,0.5034942872532995,29.38418650049787,10.322837159298668
SUB00258,10,3.1445450336090324,106.0387770576063,32.26961787338683,0.0,0.28513644705819186,2.0,0.8563249397772783,1.0,0.35403769345548053,0.46641492191152956,18.886315487986526,26.455845856436856
SUB00258,11,7.006581616794579,156.54395492891783,40.18047529667169,0.0,0.3264120828187147,2.0,0.6146074063514151,1.0,0.4608054102146485,0.4020732287578762,45.039584393685345,18.20129871582229
SUB00258,12,4.499346006294345,120.30480591943063,40.757936962558965,0.0,0.14490527609452697,1.0,0.8947839634439027,1.0,0.1741323338939548,0.5094171023210884,28.154884976414934,16.043893335995797
SUB00259,1,124.0409506229548,504.7986919633295,33.79890921331958,4.254122750358674,3.236380237588813,2.0,1.0675172343425914,4.892127414237704,0.3896867141934427,0.2791844066768452,684.870697150772,22.879236237714306
SUB00259,2,123.18446473158298,424.7590361041771,49.59290247677529,5.702622841854694,3.0327101984031093,1.0,1.0,4.259201217214192,0.6116991650222952,0.5446004918605514,976.7054129436021,17.948432278603065
SUB00259,3,113.384959025446,463.6413525939165,40.70715851713393,4.307539550942414,2.3720966158299954,2.0,1.5423955583767084,4.77237579434864,0.6318972033249537,0.533646995152772,544.8887397325547,20.962382280866102
SUB00259,4,128.54093640841037,359.0010147843758,51.570563924258536,3.9187682333401472,2.499692451334597,2.0,1.025405594596748,4.529928726922593,0.2706671971836271,0.4573495901406675,546.7035073435258,8.137368078962005
SUB00259,5,117.3596069551296,416.63997063187287,50.37432744630884,5.577494314435112,3.493177961091193,1.0,1.0,4.975105104828166,0.5860975034530684,0.4851739068982044,688.2634235868499,19.536184019593122
SUB00259,6,112.63484335368713,373.1878624277016,45.1239823055589,3.765179490998488,3.70775346083291,1.0,1.0,4.395410242780617,0.4416966541128713,0.4506471481244991,354.8996440227984,15.245603775602854
SUB00259,7,122.94661674532918,402.29931028275314,40.627675067932955,4.2994032196996965,3.707612054663862,2.0,1.4173745737545087,4.686949750100537,0.5997075700086067,0.41698232867875734,868.6230108081244,8.040428496192659
SUB00259,8,136.00452194721197,319.5733717876375,42.85577016588917,5.859258294084582,3.2180139584871412,2.0,1.221127973913261,4.813670991260493,0.5472089438721562,0.4404468365023355,1042.3785993550432,26.5332882277902
SUB00259,9,132.89180516682694,534.8907721063156,44.25194957133984,5.634366253740762,2.3995055177015683,2.0,1.17423155217982,4.327327421299024,0.5453133883452249,0.41816269012160634,579.4044718501926,26.374885338967005
SUB00259,10,130.60040933227518,410.4260167716172,36.3272486053874,5.615643975398128,3.640170797063177,1.0,1.0,4.229431050737085,0.28143940592846095,0.36946618472557885,653.2041011443047,9.719165933290675
SUB00259,11,112.53698541276474,333.0839437923936,38.061302347998804,1.80928747960064,2.614480669585816,1.0,1.0,4.418684414189472,0.4596315664410463,0.46790067859171414,839.1097866243518,21.761406669488174
SUB00259,12,114.2938937888231,456.72096996119114,34.23384837506438,4.524703800047197,2.6886228882178624,1.0,1.0,4.890375655274931,0.6379258239731012,0.38886086795566954,527.4762497363515,11.257414173868806
SUB00260,1,1.7458804441366813,38.217305276033144,23.701183600119464,0.0,0.14354937535529727,1.0,1.0,1.0,0.31614397180579135,0.49969558504987854,8.785381377018025,16.1466287744139
SUB00260,2,0.5276973621237397,29.222849181332172,24.290804643572987,0.4666369729423981,0.11929425688772977,1.0,1.0,1.0,0.32076369976038865,0.2975404563091196,2.786206191150955,10.265026013449358
SUB00260,3,1.9023666092987326,63.91220354198211,17.988496812566563,0.0,0.1585482396655688,1.0,1.0,1.0,0.17262838192203556,0.46625594109744106,7.406278870233277,22.222813907115217
SUB00260,4,1.8261591278768015,84.39298152596348,15.188653262130611,0.0,0.39711789998237207,1.0,1.0,1.0,0.41787277246984456,0.5900559455149053,13.010852118705136,23.13731344748934
SUB00260,5,2.3758193060841406,63.28638385136899,23.884713799018684,0.0,0.38453924294894304,1.0,1.0,1.0,0.3594367612926928,0.5400732817318961,6.784884811395078,26.861282110377548
SUB00260,6,0.4891788291894946,72.8654845179966,19.001109734504475,0.0,0.30385844253753486,1.0,1.0,1.0,0.5022904459132297,0.563344922178225,2.0455743403923017,26.937313055933224
SUB00260,7,0.0,59.52189292278814,24.357319166183522,0.0,0.2691189056293251,1.0,1.0,1.0,0.4124809500859439,0.3341548860684381,1.0,21.49856567484187
SUB00260,8,0.24515595915260646,61.95004466040331,20.542332300044325,0.0,0.19269539919613843,1.0,1.0,1.0,0.2526999684842483,0.5997852052950863,1.3565138695526266,13.042241358651667
SUB00260,9,2.5830970225185643,57.46973585621463,21.30214216480961,0.0,0.3778534208920455,1.0,1.0,1.0,0.21627823361620901,0.46147904067488377,6.874111378207323,24.956535959315584
SUB00260,10,0.6057009626551981,42.40940637161832,18.15925598480905,0.0,0.30358549696137743,1.0,1.0,1.0,0.4248132591617969,0.3437377755553267,1.8399620516671968,17.94118428060318
SUB00260,11,0.3671080302562144,71.14237642613614,14.615897473650163,0.0,0.08543458256130243,1.0,1.0,1.0,0.39496720199124447,0.5449210958990323,2.30482719800904,27.96588679721037
SUB00260,12,0.6257413294397469,22.424237322508077,13.539318938013324,0.0,0.4464885116721857,1.0,1.0,1.0,0.3146344024723438,0.49063354577033524,3.5322652628116953,24.009433251719678
SUB00261,1,114.16717500290322,144.9259165655222,43.980202629181804,1.7772112723527627,0.7343268309352995,1.0,1.0,3.9975987352795808,0.44305718841655495,0.3165099883210527,254.8257726658015,17.227330464779968
SUB00261,2,111.60875186053572,305.89162002565246,39.50442166163205,0.18295498354831496,0.8204403574462881,1.0,1.0,3.460556219509352,0.6181488183835697,0.4867359014154418,452.5143439208416,26.67903311909331
SUB00261,3,101.21555898431735,175.162673142272,17.12975751960134,0.8151216023480397,0.33417301188210985,2.0,1.4199882180335952,3.6533399315617014,0.3492152158292121,0.5146308624034137,793.19025375407,13.224700065851104
SUB00261,4,115.70379849713709,248.66980429557586,21.432805904786896,1.419032452220148,1.2559316136869365,2.0,1.0327230564206566,3.370850240810912,0.43974478550199314,0.47384866939883563,310.5832959329034,19.74584788349995
SUB00261,5,121.17111691981228,306.2901707848475,41.97741126044011,1.3098977715928461,1.4605078658541348,1.0,1.0,3.543667918895614,0.4769728478275106,0.47327574312005116,344.38778572087364,8.348467809727468
SUB00261,6,106.17010877025417,151.85895219508095,44.965054467059666,1.9806013058122482,0.5641416232623695,1.0,1.0,3.836968209907163,0.5957812306460234,0.3092518202427893,222.60129915320968,13.365123659358183
SUB00261,7,116.77572093664645,216.28765834661766,34.86565251441834,1.9145595924074597,0.767299797996742,1.0,1.0,3.0392209074240126,0.4542382629545674,0.45894167810978514,846.8731643613584,8.104550119327085
SUB00261,8,101.68744418750933,314.8951471155072,24.157632947934076,2.1467568913098605,0.8605762458048585,2.0,1.725053263664729,3.0155843091908614,0.2506720810265081,0.4889905122069142,219.63970720496624,14.743770156252033
SUB00261,9,108.89903351315215,262.86330277361236,23.404639169935137,1.097228425783567,0.06561891286151117,1.0,1.0,3.6414928371906616,0.4410864334268326,0.44764707086900735,234.37183715085473,11.08446561356001
SUB00261,10,115.9183068519583,238.36363953673418,26.56439254015126,1.1733723327367513,0.10157903518400341,1.0,1.0,3.192384333618829,0.425556715474648,0.2646993947490436,517.9984375698655,17.621080506780675
SUB00261,11,102.8093298509858,205.0874151572791,33.214287583518576,1.0500380966086524,0.28033169456626694,2.0,1.5216084506734486,3.9022724493085357,0.3025600830350532,0.4800312249778371,605.8087255918979,16.98657840828244
SUB00261,12,124.07059511544695,292.01756469834226,26.343594591577173,1.5649877955117972,0.07163032675857717,2.0,1.7372341803569005,3.5566706501033543,0.3926738752536898,0.2540980376411379,627.1002994260258,14.554119065549164
SUB00262,1,36.01757291043135,299.5097176393531,51.97582379634957,10.508643218813834,8.46348781890319,2.0,1.1201282435627389,2.643066858631518,0.2071899922952118,0.2696127294444596,117.78978980696662,9.940664149038966
SUB00262,2,39.143599652119626,313.4941252302185,58.1261766440993,11.477597634137913,7.851742830046097,2.0,1.3875680744395524,2.7013395835935827,0.4733848191211969,0.37657178506325817,225.23749800712702,21.286167519385174
SUB00262,3,48.210326103489614,238.69329107989086,63.52069688499723,12.118771432205154,7.1568343540932124,1.0,1.0,2.31802835554105,0.45444739019011016,0.43643937121386356,366.84276082804195,8.17481943439522
SUB00262,4,44.77177671879739,337.80514380569275,57.44207511833421,13.5500142743089,8.841567867671474,2.0,1.0282299886007489,2.001879002008014,0.4454492824710107,0.5415559705289794,305.2642519525188,19.180772017313245
SUB00262,5,41.215867270953275,353.8993033669016,63.264086150318974,15.401556291169074,7.2644004564923526,2.0,1.1187166414823764,2.958168965806217,0.43974661436344964,0.508654487029313,181.5805200828191,8.168928665068373
SUB00262,6,34.66897439936961,309.0061957519208,45.77126376424815,11.574829144274013,8.073997276126882,2.0,1.363210102944679,2.2175616891547465,0.23801884651239064,0.48198545278056504,230.04456263436958,23.699686111041558
SUB00262,7,44.8766578670232,292.13228638761854,43.08240676483007,10.90262487639713,5.575605627180247,2.0,1.8352091200080203,2.5371272686987614,0.3057766882266246,0.3330852327976889,248.58095891461355,27.46783955683028
SUB00262,8,35.17696391802383,392.5200820233655,50.700262114443426,11.175209704247917,7.946354792811663,1.0,1.0,2.036222334962608,0.2057783785747203,0.3875342899170838,279.154976536998,9.697917177326605
SUB00262,9,33.36919113349043,197.40308524439564,32.40438122955957,12.126889485343375,5.158007388970916,1.0,1.0,2.6843065526068304,0.3702529237535085,0.5234328613697523,79.22796037997672,11.81427028413029
SUB00262,10,40.89080962329341,240.67090101767332,60.39673579444349,14.029042535859706,6.217561716660432,2.0,1.2067847831663263,2.2580800174440867,0.2688150929963037,0.49728374211559767,319.7296876997245,8.90876540834959
SUB00262,11,33.07643865178666,239.1831139317337,35.873871131483114,12.633517349792251,5.386189279009189,1.0,1.0,2.4963929658098807,0.20271384305549947,0.31746674420870025,241.08808622179495,10.511268321656816
SUB00262,12,32.246624258839674,368.3732062543231,54.22241670924579,10.469898552694618,5.240380312786453,1.0,1.0,2.6035159640113705,0.229322277894599,0.5234627371636493,79.27839532716884,18.447788406999287
SUB00263,1,2.6020647369747056,1713.9063186500412,71.44783672103279,0.6709850697961274,0.33831389304047976,1.0,1.0,1.7449045857628402,0.4479224840393635,0.4051856743149613,12.172262116715755,20.05803126364945
SUB00263,2,9.38901371933525,1439.4764478067134,61.948241565753335,2.074065135708921,1.3815776243630518,1.0,1.0,1.0050105465447072,0.376464196672907,0.3213719920748711,32.32949865929986,16.594784005784
SUB00263,3,3.2137050874399327,1208.0810242001103,65.29273206838738,1.838931060020185,0.2669166884189147,1.0,1.0,1.2628624397291124,0.3467009048772336,0.5798099036405887,8.710775458632048,25.414702076513453
SUB00263,4,5.941523161429184,1756.7516879773257,74.18369432520882,0.7524088628588932,0.18352955323662018,1.0,1.0,1.2551048118853223,0.17384993536923563,0.35678448625226344,17.724365909752525,21.706940732895674
SUB00263,5,5.388250625142142,1637.5876581296836,48.55317309423853,1.742523923028612,0.9451476550540103,1.0,1.0,1.4380045227395752,0.4269404613191726,0.5692214177801131,29.35092285466673,23.222249186326643
SUB00263,6,3.934489732476461,1669.7231461081915,48.892132434135576,2.6521461086819933,0.6744258985053735,1.0,1.0,1.8085952297922128,0.3610969272425602,0.55484351075099,23.064749456807686,13.204362431018144
SUB00263,7,7.2003657511652435,1659.2683510306433,56.683138801611065,1.8277379794226323,1.4084904516952097,1.0,1.0,1.863293872832025,0.5184277219535042,0.5839338319071142,53.30256992141939,21.9073536150496
SUB00263,8,4.695355395099663,1408.8717530417416,49.102729981976864,0.6142136517505937,0.25822271876966874,1.0,1.0,1.5269874160339403,0.3508160706236963,0.4912789035403309,14.346083704064988,18.01614796783162
SUB00263,9,0.0,1245.737660379453,42.39662209341421,0.0,0.9717782172309868,1.0,1.0,1.1661526324428213,0.17594686022883912,0.26723001611474667,1.0,11.58799233189073
SUB00263,10,0.2658712029569532,1423.1225702874876,44.83092001889172,2.2784958132523774,0.507462169133046,1.0,1.0,1.338101612843388,0.436064821611558,0.2615597506178973,1.0441246278327878,19.604639340150317
SUB00263,11,4.792442698947388,1581.8835574880518,62.00212019110583,1.9289427965013521,0.22380721161699824,1.0,1.0,1.2167777254598713,0.41273823724145453,0.5573791931687319,15.92586382799718,26.472841448320434
SUB00263,12,0.0,1775.6522453122957,40.93136307543692,1.6122804170943796,1.3075809046942177,1.0,1.0,1.748231753885468,0.45374364397445555,0.39942855746313055,1.0,12.111156303683728
SUB00264,1,65.89373497184833,714.7168569470886,108.55931087090333,1.9128080336286826,2.0668191067287642,5.0,3.201619376500179,3.4133920178371437,0.5681812917418434,0.5838056178404104,423.0517834749968,21.465468162575565
SUB00264,2,63.24764695652906,575.6656262381418,61.572640859345185,3.547472360244997,2.4347269821095585,4.0,2.8671328948138317,3.3218969214971925,0.4287333359989196,0.42342278322363186,229.96924832636677,19.99840895577651
SUB00264,3,48.703589750290625,696.0852794581523,118.69575405788592,2.368656292857252,2.08359224405419,5.0,3.0214259951376947,3.42432018868772,0.5168903554372762,0.445161317238554,233.4826779424511,19.73149813746653
SUB00264,4,69.5322604584859,512.429242773739,84.9347790038827,3.8540419452994574,2.6315401925125195,3.0,3.0,3.428574181933156,0.508294041639372,0.47288924183417813,414.4725488412286,27.945833761651073
SUB00264,5,48.1750735313893,724.6739418110782,105.44359617699452,2.388018617797431,2.1447902467459774,3.0,2.902624159188143,3.1660605602221485,0.39263846478831976,0.4273839484609884,108.56008538572252,24.415180227597112
SUB00264,6,75.5815976012245,781.0685512541779,87.86217331024886,4.858885627131339,3.1689713383689195,4.0,3.2803208546939073,3.236539939417744,0.5489919658355672,0.3325643176589367,506.66379386172065,25.875192132934792
SUB00264,7,60.25177518043838,522.4151493301023,119.53292472962532,4.414524659112543,3.128015898523449,5.0,2.8480876481738853,3.027264600082466,0.573888150772752,0.5527091031617712,244.48192197578524,18.300417849444095
SUB00264,8,62.783224011846336,667.148161257795,101.20009834688162,4.49082447343751,2.735767831276908,4.0,3.3851287919529023,3.943732334471653,0.4834991331558357,0.389863348117921,478.9364421336873,13.395990600210608
SUB00264,9,60.274750504719826,516.2264839411619,75.02918357533463,4.604781692265506,2.833675250245358,4.0,3.4268634916068197,3.36591726500695,0.2581277819395474,0.5039475497939379,369.21711593743225,19.60298721748968
SUB00264,10,53.47172872300434,555.7923928794506,119.76863120425256,4.555367240635692,2.6390054299890098,4.0,3.0019155140313485,3.8474277103913264,0.4827493528625244,0.3366087319729194,287.6674378008458,12.908160685187761
SUB00264,11,59.14466232029394,717.6058743690268,103.75762177901376,2.673184215951459,2.129742299765045,3.0,2.6337646029061954,3.696477975013157,0.5233282934011401,0.5149236997214024,462.2620630344918,17.65918147513804
SUB00264,12,47.743650780699156,657.7263979285133,107.5791416571476,4.5414410365691245,2.4513870067349726,5.0,2.935971729829635,3.58660141934792,0.42340590530996136,0.290507592845497,315.8952908800637,8.299013522271576
SUB00265,1,9.425842489953753,80.03587527123001,30.73485228161376,1.1877219704544826,0.5616061385218909,2.0,0.9079153346423168,1.0,0.4328076272885698,0.4260035451167754,45.220941037582335,11.246713997434366
SUB00265,2,9.053694722224236,86.27404326881515,33.27449470296932,1.9199793083381282,0.25270463848021074,2.0,0.7690313875393477,1.0,0.1729116682723671,0.27123464207888764,49.576278439224936,24.13389069305989
SUB00265,3,10.95387499051061,134.00431625859596,33.81567859111824,0.5587154586301242,0.8389003395879739,1.0,0.9219269532676321,1.0,0.19881141184256373,0.507991313244131,57.639285406307344,20.97824139673508
SUB00265,4,7.262073122215878,138.6738758252958,44.71748957356181,1.2915825823228055,0.8666479316395224,2.0,0.9062674032183522,1.0,0.22653620208083175,0.555670548715208,52.92074930747255,19.94105063255918
SUB00265,5,12.333338311770651,98.26319001387783,34.731076349803544,0.41980221385104965,0.9011119205511486,2.0,0.7840968951976717,1.0,0.23025940268834852,0.2690009339097995,70.6214854424586,18.537252283264287
SUB00265,6,12.419081499317501,109.01010225899334,24.702249470612557,0.09989007181253173,0.3516368029010418,2.0,0.8070242133471607,1.0,0.2922988718715029,0.2642450026005773,45.66766194858603,14.521845751212478
SUB00265,7,7.815704769597303,160.50215391866266,33.16319546080997,0.2912874656422073,0.024963452714879986,2.0,0.9455111941943743,1.0,0.4397164594266768,0.5449665794298557,20.631187493205072,20.538048723334747
SUB00265,8,9.692670378573535,117.2015892112721,37.036043994160984,0.0,0.8794150073026321,1.0,0.6027082618579196,1.0,0.35742930736349054,0.538859074363804,68.88926285146441,22.875634810934514
SUB00265,9,12.811628731699503,139.0685697269276,22.183997485503724,0.37527494903555203,0.5214865569153438,2.0,0.8880853798621664,1.0,0.3092616399312835,0.5951901652316347,46.16867207783737,9.724794693153003
SUB00265,10,12.687820792414847,128.36951972280505,34.94172967934257,0.6791156985590971,0.17133868336998248,2.0,0.7036682103734826,1.0,0.1907525196678165,0.5507692958162411,95.76402373870987,10.876375563132544
SUB00265,11,15.577755498057353,91.14382287394822,28.647467489789715,0.0,0.7106374368654822,2.0,0.6877171220050147,1.0,0.30598564549726626,0.291600511165615,88.22108573287505,19.630476559165263
SUB00265,12,17.9457996941014,133.07055837045684,27.490373675856347,0.0,0.6051675717614698,1.0,0.8685725464252124,1.0,0.1631030680482947,0.4956725682806039,105.45658027851299,16.570813122149104
SUB00266,1,121.20745299480834,444.66520602748267,41.43011435319772,6.579087625074833,3.969860960327435,2.0,1.9651103661356157,4.865247769550264,0.47501497454729136,0.3304449818387116,779.6651256383884,8.38463193191997
SUB00266,2,135.75734713881198,356.5638386796068,31.449428731212492,6.160542538705634,3.0401408061100623,1.0,1.0,4.694809259163552,0.33398454123362176,0.32017365939185893,546.5047028290152,26.70378409347766
SUB00266,3,121.7725915695238,422.14560961576655,49.129788403645094,4.197486645630532,3.259785717486856,1.0,1.0,4.077763234460392,0.5922686764875921,0.5928677232646213,400.8201947819915,27.868544535155085
SUB00266,4,126.17299928984039,523.4017285894863,44.200884516601974,5.379963941062361,2.439552726039338,1.0,1.0,4.109795291584454,0.4336209301198204,0.36049207679602885,693.3207575742026,11.787925627727676
SUB00266,5,135.5913088035656,341.09671046397074,31.079819156447154,3.830110314201724,2.65891437641422,2.0,1.3321797166533078,4.958177154748938,0.599962226777656,0.25468175698133294,761.1630140755512,10.843220421578238
SUB00266,6,131.00651365869928,480.4523489038848,51.2860566357041,3.9085086458662044,2.239866927430395,1.0,1.0,4.2720847258475345,0.26835188558057993,0.272094754151576,1032.0895604288808,12.461897664257496
SUB00266,7,117.6896051308595,533.8530999468898,43.58017500789316,5.457942745321985,3.796634077720684,1.0,1.0,4.401618656951098,0.6061909996151494,0.3476030538466172,834.4204581529842,9.78538989168587
SUB00266,8,108.52795039324927,518.165284185674,54.826368499089995,3.8134317361734986,2.3878428389569515,1.0,1.0,4.184333410528775,0.4617670101441831,0.5393809624660769,317.80343054193673,22.82112509548014
SUB00266,9,120.23371580660994,316.89853039484467,40.6190201205316,5.183748372879289,2.819652168628788,2.0,1.4639278039362633,4.985490407949122,0.4797847104275088,0.5780231051384105,876.8856854605203,16.280705300028284
SUB00266,10,121.97647055466774,451.7928046789223,42.09373929390915,4.228369038996294,2.1599410144086226,2.0,1.9441237647790044,4.106336873135727,0.42347383279793593,0.45473250754564454,969.469978182792,25.30765918402842
SUB00266,11,114.65245336612675,371.20554038101585,42.65646698682245,6.773239769550661,3.484933141013486,1.0,1.0,4.65646620190698,0.4350242232386413,0.506117049064402,528.7241040158923,10.133770430192794
SUB00266,12,115.77123680284801,366.9615876422455,48.533660635562754,5.722930594074447,2.9750781759653364,1.0,1.0,4.200520004239897,0.4635645951673806,0.41215791795704715,335.59600333101,19.61314634963174
SUB00267,1,1.9859377362372554,69.21647565497713,12.96047255642729,0.5476713407181089,0.43132395347745095,1.0,1.0,1.0,0.1633669631848357,0.25963670262482796,9.892869176218863,11.61683643894702
SUB00267,2,3.8344754152227885,20.031057123287386,5.734494917129163,0.0,0.17650720396048547,1.0,1.0,1.0,0.3217234406889339,0.3835101779115986,9.037107864097566,22.208949671981472
SUB00267,3,1.5894753756650046,19.685498995263572,12.535324765533487,0.7661811482120118,0.44111468239564033,1.0,1.0,1.0,0.5238006620847663,0.4429131825300633,9.41553737484599,9.520415704581584
SUB00267,4,2.4874294221696522,17.271241174218005,14.331599935355385,0.4413519266646448,0.33825264295667107,1.0,1.0,1.0,0.24407354552053726,0.5539568107220395,18.183879346724638,12.608635713177138
SUB00267,5,1.1728029796164336,78.72065757016493,9.163348271516218,0.09390521593255113,0.15203022993709403,1.0,1.0,1.0,0.5262950322353471,0.32919883046023524,7.283352749083675,26.391076289510476
SUB00267,6,3.276431328513925,58.8192817034216,17.0332545016495,0.18409903274594733,0.3712745842725035,1.0,1.0,1.0,0.4126953961726212,0.39969719032989454,13.357013023231122,21.877938232945386
SUB00267,7,3.3782939508698444,90.07968632117455,20.31543563364726,0.3542820584101085,0.3202407938389196,1.0,1.0,1.0,0.44023903595920144,0.4540250212037389,20.82351818384949,11.465781468620515
SUB00267,8,2.6765436224579053,33.350171318357766,23.724372142216602,0.09413465249378242,0.1895125110108133,1.0,1.0,1.0,0.3655985019265502,0.31771927338854233,11.810853646817677,17.206493404633875
SUB00267,9,2.637472817135197,11.087970651019795,7.637283170408484,0.3350540787059652,0.06996900626287728,1.0,1.0,1.0,0.21323889204937796,0.3044911126670065,7.862322374556704,10.97151845462068
SUB00267,10,2.23739630259911,48.36458648683253,12.039313918861808,0.0,0.16080381300352609,1.0,1.0,1.0,0.3579836148019525,0.5187954020189349,12.0672069819127,24.175341887904032
SUB00267,11,1.5192978552785301,35.63578170720103,19.319365223291623,0.0,0.46466279577727304,1.0,1.0,1.0,0.4194962472644118,0.46707387387537747,8.37068496403815,23.58276310445273
SUB00267,12,2.499887400329583,67.05983793879162,15.623151134335407,0.0,0.10974231203017648,1.0,1.0,1.0,0.39598617597587304,0.31011338085551515,12.36674898479773,12.275394675673569
SUB00268,1,103.98000313795819,219.97935368012446,32.95262537936194,0.720352612347963,1.3103111954327764,2.0,1.8375878905049003,3.211243772820435,0.5986039433265153,0.39684509830996056,399.94479394317955,27.681226252461325
SUB00268,2,115.62193506607629,237.5411071988415,36.35814641004161,0.3949247768684891,1.2708930481323195,2.0,1.2942740986849732,3.970192669449551,0.25503552119796086,0.5226555116036229,451.2342318415065,26.82410651857884
SUB00268,3,122.20515863033977,187.97451801636504,24.97959446169405,0.7221580533045002,1.0806801036806983,1.0,1.0,3.123514491589532,0.2800095142149265,0.5813031749926463,678.7753744942686,8.122922799339346
SUB00268,4,111.45162021105705,172.16459197067002,19.608269015226156,0.14179929934919897,0.48203987555979383,1.0,1.0,3.1730086238360493,0.5939611934182651,0.42925683859670916,780.7594739376818,9.574902216450464
SUB00268,5,103.09173952903434,236.54127803310493,27.48028106734167,0.21640986773371151,0.5718505972559009,2.0,1.8691678813314434,3.994081693929265,0.296923316994508,0.393932070551373,355.3106262201441,19.338007430018045
SUB00268,6,109.28134778122848,293.20829574402853,25.692526246064475,0.6004314268342774,1.1286884719931638,2.0,1.0510926326757195,3.6782279982546093,0.44147492618265005,0.48546325693536485,416.3227892932488,11.443448729569742
SUB00268,7,102.0361015911316,202.12141599258513,22.40299004417723,1.0175500850309371,1.2800135162047819,2.0,1.943222962603771,3.3710657916178253,0.5293087608957018,0.3910947968888776,580.3511972402979,21.395318947930726
SUB00268,8,103.54238595525611,169.86396112165397,32.75830795740714,0.6880305129119211,0.010988027862044447,1.0,1.0,3.651825320747677,0.28008910489178157,0.46707615731321506,680.8536095644467,8.94775800086519
SUB00268,9,116.44526798943906,189.26456989509873,33.577741401810755,0.30119447979875247,0.704982871885427,1.0,1.0,3.2656451978335985,0.6132399466848699,0.3433477555294075,494.552982748307,18.081681531726172
SUB00268,10,124.04835767810202,287.73821901710403,19.892770325296336,1.0106466614560055,0.5420650624732866,1.0,1.0,3.649417483151055,0.34915953340939065,0.4670772397691678,991.0790185598465,11.370679017793849
SUB00268,11,113.4636885701881,183.27331421400328,36.2190861593498,0.0,0.6387002874641634,1.0,1.0,3.226835026863918,0.486938184883125,0.48505148503862017,830.3596398930462,23.445865833978424
SUB00268,12,129.56418684884272,209.257566593259,29.915499602925106,0.7074965448491024,0.05272738698277496,2.0,1.010293196095569,3.097752380559676,0.5410913182564845,0.5408501310808606,506.42584383743707,19.380125260099422
SUB00269,1,30.931419898931132,356.69233579081305,39.181564961142314,10.949949364246056,8.383151081303982,2.0,1.8115214586271022,2.5915631330418596,0.26978477693176883,0.4006524048828474,137.78510475355196,15.036494976733223
SUB00269,2,34.64441773516017,326.74357451517886,34.96461885866931,14.177749566070803,6.4086755352454405,1.0,1.0,2.331736532346435,0.23650239132245873,0.3631100808088903,126.19172784143325,25.33618460640734
SUB00269,3,48.316467195925846,250.80635507332858,55.06458684945444,15.285172306228114,8.499593862836669,1.0,1.0,2.563124406100283,0.4054724570483794,0.4755328901268462,322.40179035043286,9.894905382169753
SUB00269,4,37.50127100075638,326.93322281148534,57.44627614547339,12.841899174012948,7.638795671626049,2.0,1.3642125958467326,2.121902073512535,0.24577611564090676,0.5403274854424502,198.41287102071848,25.209205136918925
SUB00269,5,47.66235137658403,355.4795196533125,39.425243151610985,14.362063580609538,6.5005983991543435,2.0,1.1066349892844651,2.721202063745044,0.46751495575720947,0.5696595656118473,291.25238105208746,9.914158711881926
SUB00269,6,45.877397202255914,282.99393738807095,48.3791362285901,15.580188081605797,5.901797293483415,2.0,1.198520135499507,2.3307178528387054,0.23923727146823898,0.42917147473468975,91.93202936386237,23.828032661397394
SUB00269,7,34.05802445777562,215.85750528757058,32.6961288501901,15.283410601462684,8.696879789132609,2.0,1.8358266217192543,2.463810813871685,0.17377725277307404,0.26633785495522083,250.97765317084142,13.234142933988245
SUB00269,8,38.66378425745074,317.61752806512226,46.502521171186046,14.112379395980254,5.6811552750011165,1.0,1.0,2.3452328701418534,0.347551454267641,0.3956296423056327,237.0774413972502,20.54035084162248
SUB00269,9,39.3550562842144,230.66669442369408,55.6371915857911,12.48189586064116,6.783454326218518,2.0,1.6703085328593836,2.7628679090193757,0.23296498859112993,0.5095074653726703,148.65143787825266,8.00124266685032
SUB00269,10,43.39418856984269,194.36945689397663,51.22271654933982,11.468363653871004,6.42522880399204,2.0,1.5147927052577281,2.775040212614528,0.4285588397698372,0.32229034237149373,285.579138159689,18.136182592168915
SUB00269,11,50.39003445474373,248.2154478957068,31.025174545324635,14.339273932582511,5.702594680739168,1.0,1.0,2.487723571046125,0.5330345932023368,0.2968308875882302,148.84295395068938,24.28050681758233
SUB00269,12,35.794913295872576,222.40859556135385,55.64042506028349,10.728578440146752,6.332449211775807,1.0,1.0,2.6778351971790904,0.4422196217359472,0.3210163949298403,226.60717870264415,13.333213505619998
SUB00270,1,2.1981268973945496,1433.505398462625,65.43209151505883,2.720290214938805,1.30214514139455,1.0,1.0,1.1003153704953765,0.3144788243740183,0.320858062698801,14.147397001677223,23.098514310579056
SUB00270,2,2.2368957813214405,1289.5293879476642,46.60162848936451,0.7677149150551975,0.16467951958780336,1.0,1.0,1.855472206636361,0.5474302287715554,0.2843025937193714,4.498506955178444,19.312227998237326
SUB00270,3,6.250920016536054,1695.2049056670537,53.26748155883509,3.0526863000019264,0.7134609526849638,1.0,1.0,1.0711301431485392,0.3517451655214652,0.310610081495191,28.15854976195185,21.76104401694206
SUB00270,4,2.2090410606539237,1780.1877678629637,79.87866948156201,0.4910976786829666,1.1763609285809966,1.0,1.0,1.987757339383573,0.3265400929198038,0.5202368630053373,11.288874182363477,13.952049289102002
SUB00270,5,0.0,1589.6149788940077,57.31027842363389,1.6967929608311467,0.21197683592860062,1.0,1.0,1.3978311999766948,0.511010263235442,0.5796702382689127,1.0,13.313004844311118
SUB00270,6,5.213051983768418,1455.037884796261,74.99068031063794,2.3371360023833185,0.693220267854354,1.0,1.0,1.7689638423261416,0.28671466581466193,0.5605240974066179,23.488005281042785,13.005350169149859
SUB00270,7,3.6779386525287308,1478.6552851126576,64.09548034940877,1.2349416318951927,1.2520730945380127,1.0,1.0,1.9362108605955695,0.25797017002426614,0.5268191223421725,25.247593211971033,9.26769581241334
SUB00270,8,1.5268513686319078,1494.5593228534865,43.157142780105055,0.0,0.931822477585739,1.0,1.0,1.417251466971893,0.42234790284286905,0.559134431075194,10.62521108043097,22.300793079611914
SUB00270,9,0.0,1720.1638470178016,64.7622599994742,0.6674618545984695,0.49104888667594093,1.0,1.0,1.9350046071630196,0.34898818217031113,0.39153054783586644,1.0,13.72688664133517
SUB00270,10,0.0,1355.0453068428264,61.40108566905846,0.0,0.7684487446610992,1.0,1.0,1.467035441239035,0.3612065877462456,0.499517965432304,1.0,22.668053024724827
SUB00270,11,1.9811662440971336,1694.1700927526365,72.37397819004704,1.3548318003313957,0.6958986154121626,1.0,1.0,1.4980662680854762,0.39340247862496824,0.38354820350160446,8.501228049533239,14.94840560595172
SUB00270,12,0.1718826521464294,1510.844965497294,41.203775791705766,0.04532641326576503,1.0750582125665467,1.0,1.0,1.5139344873553386,0.4635480761153923,0.3980114717328078,1.214159288080935,13.809761291867643
SUB00271,1,76.37971175803276,647.8706252807256,81.2049145351959,1.9844605315498747,3.470657945032521,4.0,2.7263004049912363,3.5621312209429563,0.32596325532735626,0.583079070714504,471.86941770207306,20.505923315747992
SUB00271,2,49.46404229468151,735.3550507539057,104.29671304558175,3.9684083394605794,2.233289804720388,3.0,2.7604309531172766,3.5575318266630163,0.3971775924977697,0.4049512653998927,129.30854489180211,16.68404972960998
SUB00271,3,57.786792438038525,479.0889181824057,82.63973065632571,1.6170888044681435,2.1260071506184097,4.0,3.36440972360292,3.5035695878144457,0.4385038100344276,0.4366576269308251,250.90632130389076,13.901919089173361
SUB00271,4,54.33087282263472,454.6266221153965,69.98641491804088,2.0921630793659185,2.411930848785036,5.0,3.394364425856113,3.6838386659101032,0.570785281042937,0.4436559898509842,174.2715767699583,24.997103656530243
SUB00271,5,64.42924934032281,431.9225161153596,80.3328784261458,3.0539000533290652,3.1490866412707113,5.0,3.311663260239188,3.8350834001975054,0.5274266564613803,0.5159692547744207,214.3534984733906,27.14496242128373
SUB00271,6,65.20896405525127,621.003010439289,101.54929918104622,2.4058116313204563,3.010264301299358,5.0,2.689573297629891,3.742867341882607,0.5199371728510679,0.3355313715045593,250.75853611540765,16.388090091959914
SUB00271,7,71.08821755708477,785.7976953439254,84.74636158249692,2.4838734032514727,2.4634551799013034,3.0,2.6668059106131996,3.3706198020026017,0.480460300703745,0.37274976795701403,217.26676033726233,19.970938789124837
SUB00271,8,51.154349200192435,822.9584580956579,66.09533848458878,4.643948524953414,2.0016631353818206,5.0,3.2751022852422933,3.321907949723781,0.5089077695467676,0.42071832830359673,376.2392809413613,19.20587331144471
SUB00271,9,69.88497015423579,520.7155800884158,95.29466355288378,3.644747549526512,1.964266416357684,5.0,3.3529545002304375,3.8318811301794544,0.4884583161917391,0.5655528798269711,397.01073901954544,17.818293180729412
SUB00271,10,66.62789083317637,508.5638243046148,66.73472368549032,4.589438905769938,2.33690013496208,3.0,2.6579302668085116,3.2421656264786796,0.443756488887467,0.2873758206296495,208.07916370280094,8.463849918794603
SUB00271,11,65.40142880028677,697.0056871589321,101.2465627672032,4.882464300317128,3.3276585678668575,5.0,2.944233627131592,3.930795679997948,0.3170221427610468,0.27017246132820183,235.6798810102749,8.097105593358638
SUB00271,12,54.0825621322137,716.6994427818839,110.97944181819162,4.911097872275106,3.4842683157995697,3.0,2.5602258793928914,3.1105686446889607,0.45517531072036377,0.5726350777072227,140.1216872600849,19.434304525006752
SUB00272,1,2.2092085883715997,82.41851985966268,40.97414442161521,1.1369246383543485,0.41884789793305643,1.0,0.7187589943237527,1.0,0.428679545377892,0.5264061106050995,15.429493543151578,8.08581714999055
SUB00272,2,5.104984976714254,122.79089509810713,16.94372171008952,2.160319500475174,0.31904633033093965,1.0,0.5733783039063807,1.0,0.2834552572115084,0.3484336368344998,40.20842197893219,8.48715024945195
SUB00272,3,9.279857139730822,65.72248164839472,26.39981031880268,0.33080184260197265,0.8144447518253517,1.0,0.7044136499572502,1.0,0.4256625434832346,0.5842337186733058,61.604655322821394,11.418967524994901
SUB00272,4,5.400472554421417,103.39330513835618,35.1495419354545,0.6698251715968983,0.49476371382210094,1.0,0.7041999601767794,1.0,0.5433585614829987,0.3037554393510275,24.926168898857597,21.940505561831355
SUB00272,5,12.66772733476913,102.48222066718246,33.682023117212495,0.3030948459018815,0.5325848879237827,1.0,0.8839433611068768,1.0,0.2638018593992247,0.49537408822995077,41.236436519214195,10.352119123099426
SUB00272,6,14.03364479407773,107.93535404542206,15.213189461382246,2.04315057353356,0.19456312621530836,1.0,0.848165502661999,1.0,0.4122959164202268,0.5708487478053695,57.07074633488639,11.128197778336705
SUB00272,7,4.662899591003691,174.0235132858102,16.36677459190106,1.0796078782665566,0.384887783721647,1.0,0.8779997563280955,1.0,0.40986802619549456,0.45836983377369195,33.048296889688174,12.005709081955837
SUB00272,8,10.613169852109712,131.73702626240748,15.780962264372581,2.6121706368513893,0.37737014583620054,2.0,0.664859494700174,1.0,0.2813949901603823,0.4307096410086607,27.288124424833715,16.68990393058236
SUB00272,9,11.318603982103374,78.88119529617393,22.778743168618007,1.2574720676155793,0.9083372302771475,1.0,0.9790211397353166,1.0,0.29786989514280915,0.5122614829645531,66.00180408950801,25.09679132609549
SUB00272,10,6.785490902876087,104.67916120631499,33.05218066104642,1.5460698647704556,0.4587709019123182,1.0,0.6265733493322492,1.0,0.36171966400115396,0.5908656265558307,34.70215409922158,11.611113609049463
SUB00272,11,15.005603411055066,125.31734266769121,44.29097290938886,2.8949850699981416,0.7419211316650907,2.0,0.7230676601868895,1.0,0.27894311449146514,0.43831170368646133,33.300798340875865,24.969829078432454
SUB00272,12,16.555009968789648,162.7397460756551,40.43645000988485,3.3854201991334154,0.8127145047689416,1.0,0.9885180539000908,1.0,0.4276572149900558,0.35724209109657395,36.27524458075658,11.261902643766902
SUB00273,1,138.92854125928852,458.96649432512305,44.62693862663319,6.488709742981399,3.4703736916464445,2.0,1.7723644367580458,4.080943050907501,0.273157202621184,0.5584377654317101,1093.802727370051,20.092724771318125
SUB00273,2,114.79786018838594,338.7503663934285,32.578989279212635,4.076667980701849,3.3961236733408704,2.0,1.4218141718986343,4.191029142045733,0.2935592051001227,0.48049220467109705,318.3170469577552,21.16455571167429
SUB00273,3,122.41213830780522,369.102967353711,47.90467467674831,4.919916430366538,2.720891864814826,1.0,1.0,4.004400990170606,0.6192981776490282,0.4574996325520786,366.51024164169013,10.53172748793622
SUB00273,4,119.05825851400142,540.041951816029,38.81940678124922,3.955290826989501,3.584192731686345,2.0,1.9349731146555689,4.256441185763332,0.551084606260125,0.4738151771662129,629.4226075522296,24.877660586271602
SUB00273,5,125.4990603471512,426.41885726724155,31.187224522212627,5.3928535895922876,3.300676699670817,1.0,1.0,4.689111733836125,0.6088971122299589,0.2600611956732617,381.7605360874119,12.99302771736723
SUB00273,6,132.8729428149644,535.1963018022857,46.69139453026366,3.298931797419404,3.888088221259146,2.0,1.1431277215744662,4.947440418001024,0.6083171128551271,0.5967384872195578,670.6258851298915,14.963491114233227
SUB00273,7,116.55929394198908,527.3345922977503,46.213161737038504,6.20851365421743,3.0504335132545095,2.0,1.527472668267425,4.766617036109803,0.3158820978431376,0.5002205322072609,872.2299097113714,10.0379764632246
SUB00273,8,106.69823795183996,484.970905529316,41.61223693885138,5.545458006732093,3.200252868162777,2.0,1.451260088579539,4.874822751348212,0.4592787917699358,0.3906517110777261,380.52039775630715,22.60621678418621
SUB00273,9,123.59247534568877,457.68432300454145,37.186116181156976,5.439511533786773,2.2278330813068683,2.0,1.0617400844184264,4.363211833954703,0.641015567952407,0.5629357442762488,973.7612386269705,8.571472428758229
SUB00273,10,107.25881789472825,513.4873440738777,40.15951330707728,4.619811841752575,3.258432661719884,1.0,1.0,4.6533270090236085,0.44499023968885143,0.40749185449861136,452.5182827910834,24.40396118191202
SUB00273,11,123.72140399196206,401.8901462390858,31.144102088188674,2.869748976952839,3.9261851447326173,1.0,1.0,4.223943961547379,0.6137613255593778,0.4787016158454135,293.56001518248127,27.132387575789124
SUB00273,12,113.67437639188051,510.16344826843493,48.066654008092335,2.332883615129791,2.818426991643829,1.0,1.0,4.741773725335939,0.5673845242151068,0.42528883782943133,696.9276521372511,13.817572270539964
SUB00274,1,0.0,44.30558397991711,18.17882643245181,0.14044096245476864,0.13191274388549074,1.0,1.0,1.0,0.33250649316988495,0.2963691867174343,1.0,13.347843457059376
SUB00274,2,0.3444199735336397,70.85681280760534,6.124171071842108,0.4155667625552528,0.07681876456710035,1.0,1.0,1.0,0.47599348139743636,0.36508167912564415,1.6457967488745469,19.083263835852836
SUB00274,3,0.7869303762516212,84.96010326399997,21.24635888241548,0.2450443689715325,0.22862552419975535,1.0,1.0,1.0,0.47113650897640147,0.5580745212209646,2.7804758138943457,10.717098649054858
SUB00274,4,1.531847225016143,76.75458627602313,6.820080873580734,0.01423859202058049,0.37381793989573514,1.0,1.0,1.0,0.43119900038398085,0.4890942072165867,6.048139743001107,25.85293297691657
SUB00274,5,1.8234650832137014,36.09287376906011,6.09383637807799,0.09478913028930455,0.4157199630757283,1.0,1.0,1.0,0.5094358016422076,0.4382518521915134,13.668289091228331,16.303852443570506
SUB00274,6,2.798337587613699,5.908846578460571,23.55721290546841,0.21939913393240995,0.48361286982498264,1.0,1.0,1.0,0.267990613070412,0.5528385596938703,6.614114356415756,12.747213385769403
SUB00274,7,1.9318342024144433,32.46497417643982,21.05826343196493,0.42111268135914715,0.23746253280871238,1.0,1.0,1.0,0.2807377740628679,0.4693654413981014,11.574911119567483,11.778944349477449
SUB00274,8,1.5753076023122896,42.77816160109087,17.96289987677698,0.0,0.24799366600520067,1.0,1.0,1.0,0.3766943228537276,0.2833237177246951,4.321387218715356,21.30763283639186
SUB00274,9,0.14822067550213025,52.06984152072179,14.914770672385007,0.0,0.4396832445863606,1.0,1.0,1.0,0.33951190338091,0.4713025113534144,1.0,13.693082586118782
SUB00274,10,3.570163923820758,59.53981295762469,10.880262515966736,0.10433079771762599,0.0802015883316739,1.0,1.0,1.0,0.36956200067282974,0.4812158306856552,12.249368522233233,8.457267550304588
SUB00274,11,1.440552114740266,45.550380926875576,23.507447302984463,0.0,0.03981377194951141,1.0,1.0,1.0,0.5442578583645851,0.3997116166991178,5.775250118859883,12.173663840925634
SUB00274,12,2.5393682777896993,77.92215496496705,18.846589381383392,0.0,0.14007260417127637,1.0,1.0,1.0,0.2431324774930621,0.35055552282922653,7.634902713345166,27.632277283235474
SUB00275,1,107.5724209004467,211.18301978626397,25.516565999269382,0.7800760895194734,0.9527675288465732,2.0,1.8535646094884912,3.644922978679052,0.5047869206665714,0.32781012362531126,699.257058517834,8.737697255993758
SUB00275,2,100.69266887588347,315.6614125706893,28.345980213545936,0.28621480025665413,0.6080388331784898,1.0,1.0,3.0829221572533516,0.48413637161268563,0.3071443157683561,265.74112644835697,17.254479951104635
SUB00275,3,105.85879299492136,174.3402473102535,38.485032809178435,1.6398435004130394,0.25759318166824624,1.0,1.0,3.2218610363120073,0.48530891548182786,0.48850365057117584,521.3532867465357,21.369380742506973
SUB00275,4,94.42105434513721,260.2725543673375,20.83345881774445,0.741290475992014,1.3477795078472457,2.0,1.8819971434780995,3.883636029742438,0.460281836943643,0.5547868832428078,232.27706906116566,10.523267469897565
SUB00275,5,107.794862859907,299.3915723282556,15.221456364206716,0.0,1.034974871215746,1.0,1.0,3.5399964742508265,0.3077008051225555,0.47583468548883895,708.6555185418845,18.268326344780654
SUB00275,6,108.39573557759911,303.2522232369109,39.45496384129255,0.0,0.7235895205850141,2.0,1.4049721268096398,3.3372863089367457,0.4301483386505802,0.3780905851838642,242.83830943566255,21.85492886418188
SUB00275,7,117.65293241503238,293.7416338405624,32.05703330649844,0.9552823275620502,0.3916499459174682,2.0,1.1853721506742863,3.9222874490156587,0.6384952657130568,0.43610371294048056,632.8785142637593,26.60966760840273
SUB00275,8,116.30154320077361,327.6506016554975,15.619856857554218,0.0,0.1916486547834762,1.0,1.0,3.035256662921369,0.3824183418329722,0.4274071402207227,285.653776666541,19.59228388027434
SUB00275,9,125.56384767006918,261.95429905414835,43.919082563148336,0.7237333765310159,0.14944140802171302,2.0,1.5210505472883138,3.8385085406140833,0.6253821910537789,0.36676144950130596,890.5305086170002,18.080041552340194
SUB00275,10,113.790656329928,166.90850607595192,32.9534823839642,0.3717716768820494,0.25781568690804313,1.0,1.0,3.615581457346641,0.4202214610104753,0.2973501094873495,243.86463796236293,13.179388575892824
SUB00275,11,95.22009845928135,196.29756385682725,38.95720698615641,0.6288019464991661,0.37998110085201803,2.0,1.1090132478554469,3.7095934314218795,0.5817947345891794,0.34454857270216754,612.2995717813482,20.8073970357244
SUB00275,12,110.02377430164222,286.76620346566943,18.298321582446732,0.0,0.20124196246945636,1.0,1.0,3.6605515201761474,0.6376087650086026,0.4986025018404551,729.4831254626299,17.234404279582066
SUB00276,1,39.11435526156869,222.69061540670137,42.548718156536786,14.798072128261003,7.22476155028404,2.0,1.413694675564981,2.409271653731392,0.4513231479430525,0.3032069650820074,273.10780386362967,8.958126293766632
SUB00276,2,40.063837495185794,199.0323924896055,39.57261204222827,12.069151946676017,8.885243951930928,1.0,1.0,2.944576686921442,0.2202368357417876,0.515505746584114,320.0754352344133,12.957066257006375
SUB00276,3,39.36889128980079,359.3875749489374,42.18839773560251,10.460303189928446,6.358247813254481,2.0,1.4586072587349599,2.8815115198968386,0.4061837219029395,0.46857721346066794,308.06592984362595,13.394887332612468
SUB00276,4,44.277461804349244,310.7091182987042,62.29748144096826,12.332273048915797,6.340265747937552,1.0,1.0,2.6854221232169793,0.4322935167637001,0.5431693514984894,155.62158554374798,22.937916536093446
SUB00276,5,40.82439773433972,385.4451205897118,38.21975086467503,14.920316559695667,7.9810941969186,1.0,1.0,2.923153028961268,0.3455634886010158,0.2764855665765036,261.6674388567916,22.336888550301303
SUB00276,6,45.410466338297816,238.98314701866795,42.08884465473022,14.579144093609122,5.68174225985313,2.0,1.3484108924155138,2.4802864417923254,0.4857776232174116,0.5973157804028881,254.09638024210952,15.783649926129454
SUB00276,7,31.234274832437496,337.2987382140794,41.337319776860824,14.648209661065213,6.801067688850081,1.0,1.0,2.870338129341866,0.18639990378794882,0.3245591756070868,167.73779022276855,17.222676900125894
SUB00276,8,38.35310182108953,264.3233573187929,34.24507980284635,10.142393022403759,6.829879159178437,2.0,1.674072348575646,2.7773617993087867,0.5248514161170303,0.38980311491594866,235.354668462676,13.412575701298529
SUB00276,9,43.45878257170377,334.7050300867633,53.08656405953076,13.103387474060748,7.961292543147825,2.0,1.3095668389291637,2.500436294576839,0.3888247881104663,0.2787746061915979,215.20576449358342,10.049141597936758
SUB00276,10,35.99446739950453,266.8867504300769,30.261223226936988,11.128560533835618,7.360092361248233,2.0,1.639749102502849,2.8937808771661215,0.21504069061301684,0.3510094776076629,263.5644856199448,8.103545687808179
SUB00276,11,35.670852195303986,378.84646974976135,61.72157163122427,13.014356281500415,5.5930646449654375,2.0,1.3352094196694444,2.523067153921836,0.3733152371435623,0.40537651478516834,277.6554588318044,10.96483748400432
SUB00276,12,45.8527480609169,370.17811151816636,37.52263229362584,13.605457678920539,8.007734233160992,1.0,1.0,2.96195150608229,0.5256762264043168,0.5639475773373059,267.06693347327655,24.933692258373163
SUB00277,1,4.008124722574172,1455.2335553947892,60.2478036156071,2.037623643162116,1.1267315418096042,1.0,1.0,1.1571460017801116,0.1723907636556395,0.3065453455937907,12.357972937844306,23.230683798553017
SUB00277,2,5.78973445282084,1632.1264602434767,76.43628664842592,2.2888488264444184,0.858518601891036,1.0,1.0,1.3671195487784158,0.34851548598168686,0.37446074966646153,27.657902151411854,18.894428334169966
SUB00277,3,7.669037501236053,1304.2227459821538,58.999415574386106,1.663994294556859,0.41117961861580066,1.0,1.0,1.4958898671259648,0.38756297739500123,0.46424246219720877,43.72412199972319,24.612182492948072
SUB00277,4,5.783734543615602,1752.6041456606347,75.25009942186776,1.2397206164224714,1.3911041444078185,1.0,1.0,1.6860242958893141,0.29702321061450837,0.4811290393578134,26.188907510688555,18.0375580559199
SUB00277,5,4.6610998316264265,1545.3515557424578,72.83706881112323,2.885170322164934,0.38131337615538596,1.0,1.0,1.2387620687334495,0.4623294287666663,0.3302762758274126,18.69666115717503,20.65479926075313
SUB00277,6,8.00296754372527,1646.8331465960648,46.57587645891049,3.3469192459008044,0.6732493036200078,1.0,1.0,1.6825322346052847,0.3134020818389996,0.34354379928660705,33.309622168443916,19.465704780945067
SUB00277,7,7.555334546579823,1479.8071017040525,66.40182198752562,3.2956992653631367,1.2030428360213474,1.0,1.0,1.9998914873699971,0.1651673170925007,0.45901511499306724,42.28300321033842,18.49825986899109
SUB00277,8,9.721733998379147,1323.4901561352153,46.66344201438743,3.825117975249708,0.9692595281268701,1.0,1.0,1.2297793752900814,0.4842862062375859,0.39702827509872507,48.57794565928809,15.943083997237064
SUB00277,9,4.532067285907659,1374.1279750463184,48.068685202119035,2.8029615292075536,0.24848958784955077,1.0,1.0,1.8588859413530976,0.4625735128075703,0.3801367258907992,24.337314909322142,27.739907051352
SUB00277,10,4.81987585795847,1309.181274039222,49.983182870213,3.8003217999371186,0.8851153497100025,1.0,1.0,1.3207645665528354,0.44176914479053697,0.5085646237689913,25.002357943075555,16.978728390894833
SUB00277,11,8.77861738879222,1703.009729472152,76.10434948446076,2.875749485875533,0.5864647986051227,1.0,1.0,1.497319160674511,0.30929019698674365,0.3528963661664602,28.733841115307115,25.20424922418879
SUB00277,12,11.049417565292272,1344.7207598073128,77.02562451381843,3.891389882779429,1.0541142431962867,1.0,1.0,1.3468465115573018,0.4827845936457257,0.3120457416848954,27.08168457200103,24.928190696080566
SUB00278,1,51.139997478644695,529.2328003847557,78.29639700430522,4.493926199806423,1.508649195775675,5.0,3.4515401471077056,3.315441953237697,0.47276510908748526,0.26447224390187285,102.66714218908018,8.31517037511803
SUB00278,2,53.15898300589729,743.5926027210487,81.22226003304688,2.5510043467568173,1.5500250425808055,5.0,2.519138701768489,3.6878041326964643,0.40553827716972846,0.4348546031814282,259.048058094627,13.668633917345918
SUB00278,3,54.626981479276566,783.1918586473896,110.74230100785083,4.356224153152045,2.075527917911755,3.0,2.9367403407334485,3.465754742705867,0.4230335165884359,0.5569731436519294,418.7965788940342,21.259835132497983
SUB00278,4,56.51530387152844,574.4109526190487,64.22068231308332,3.8854898497597885,2.022088899866106,4.0,2.5529774530432174,3.892179024624625,0.48069089801634546,0.44305291615393483,118.96529365830875,23.419877417354385
SUB00278,5,58.01634238731032,672.9801633838425,107.80166442710214,4.499266743264972,2.2308333293273246,5.0,2.840563163126422,3.8095240887244697,0.542977586671914,0.3735250658909682,195.70680874191828,15.154815175277465
SUB00278,6,61.48927125917818,670.7796335831385,77.01365650628766,2.959591959551635,3.45342621390315,5.0,2.6540530806232407,3.990946898169512,0.3577179349775925,0.46760510654128573,445.85711454054166,20.315199982127297
SUB00278,7,79.4918898785036,442.75198946505117,103.25111951924956,3.1001353874503463,3.1018421440590833,5.0,2.7125814790521066,3.220539034037217,0.48568924560189086,0.47496847778385626,229.9899136347755,18.97060337403512
SUB00278,8,60.30962126130124,721.5067064243855,75.13720202319186,4.822236711197978,3.1316526582130186,3.0,2.8877963657646566,3.614795493937523,0.4098178826026695,0.5267277688215868,475.21094759023,18.27064744112526
SUB00278,9,67.03051332609024,696.3580547905119,86.25536229162263,3.5253036218957994,3.0181740367835905,3.0,3.0,3.794201484610552,0.3430509240357946,0.25898791965079376,340.56395876539483,16.199757559532237
SUB00278,10,79.748808757134,570.059580517462,76.4924983452393,3.2914652568635363,3.3065545143911867,5.0,3.285911040326676,3.7285771088164497,0.3912613546043636,0.25565885942542704,175.1463616489643,20.384894348904204
SUB00278,11,79.93019194346118,711.344905503397,75.77172205720053,2.3823831342065773,2.4484627559243903,5.0,2.775978748066304,3.6670480483246726,0.4917386104985373,0.4964843232678563,203.5405904065875,9.667054812245452
SUB00278,12,71.85254191034113,465.64824568456083,98.01635663620199,3.9016314053413974,3.355624915175252,4.0,2.772575538423216,3.0675454509242797,0.36334804156608724,0.4898546594424338,153.96935889029248,8.775285188810845
SUB00279,1,3.352962634756172,136.9403219979527,15.45146329984346,1.237506139768364,0.05934105927117994,1.0,0.5558454047999715,1.0,0.3436252557824975,0.33789940772310945,7.355714286905774,25.85200299919333
SUB00279,2,8.256827772969999,127.25662110183909,36.0894891545489,0.5114918725749964,0.7723647653619595,1.0,0.666398250647211,1.0,0.35104806896188334,0.5339621828238232,44.455487832440134,15.093687967484893
SUB00279,3,5.406498106443049,133.36446713341226,33.290282432377225,1.4100040744043767,0.6843271274080024,2.0,0.8682244830234714,1.0,0.5091832419405983,0.565139084907512,22.215776724648578,24.106064478351392
SUB00279,4,9.478307052476236,93.14069473954817,33.317235074711014,1.7026726742951563,0.7537405249642075,2.0,0.848081847898361,1.0,0.37868818493419765,0.34871831661797087,26.76201058917962,14.681201061666211
SUB00279,5,2.586424666518345,147.6831502304205,34.78404962562146,0.11967947779632598,0.17318443535777417,1.0,0.7098697559310404,1.0,0.2295798867340308,0.5452756269558344,11.537932660484074,26.719585938779936
SUB00279,6,5.237020544409979,106.32017590434074,40.07115523396902,0.025427635186987263,0.2827688939183638,2.0,0.8673543781074452,1.0,0.31334924841268014,0.396722345952049,39.753591307633194,17.473670520558393
SUB00279,7,0.0,71.63605067456216,30.404994972606147,1.399554783885856,0.17523384252503005,2.0,0.7103418305891028,1.0,0.37096878748859036,0.4369831507196371,1.0,17.879615645467723
SUB00279,8,1.7566182480046475,142.66432642880972,37.10204319891813,0.0150568884370052,0.013679652103055884,2.0,0.9070563946875407,1.0,0.5198516918931874,0.3973969662481604,5.501603200628625,17.181569135741093
SUB00279,9,4.437445647008985,90.32444056115358,35.98021448354002,0.5600579388289897,0.40063332668726537,2.0,0.6043440673804015,1.0,0.4374051824221127,0.35435236343154314,19.986663167252075,17.021044877557777
SUB00279,10,6.253319129972271,134.0839939818114,36.328908591220205,0.2933366566228454,0.8499220699090819,2.0,0.8297680529672959,1.0,0.20102048172258238,0.5050815949214352,29.152239320193583,14.928231229715307
SUB00279,11,2.8766336190758466,120.61510206038763,35.52758973323735,1.7288986329907896,0.15433590059928215,2.0,0.9310573214195885,1.0,0.1550383713816724,0.4854435369014197,9.406377695045894,16.938775840539485
SUB00279,12,3.932537956024192,109.30731742534388,43.32468934987368,0.5406679284097902,0.1350186602278204,2.0,0.6491192773178562,1.0,0.1837372272679405,0.3364263123209221,16.056499289523632,26.676847331671024
SUB00280,1,137.15131133049573,506.3709605480263,33.39446699224214,5.1026404962847804,3.6904073488244946,2.0,1.4892407548229092,4.502287072033611,0.5934179614934956,0.3925570477380749,897.5570341465633,19.353068757316706
SUB00280,2,114.02287003292969,516.7689897247467,54.58868900194426,5.700414405476234,2.417066663268271,2.0,1.4884058189530607,4.377333844555324,0.5229812020312642,0.2797480485904826,572.7749329959892,23.1622791252032
SUB00280,3,132.62187701205116,412.21427362139224,33.20623068274318,3.162216799523367,2.253001288609769,1.0,1.0,4.705179526951545,0.5566165595956069,0.4844702346527439,482.0930368040195,15.22249523330364
SUB00280,4,114.66043116938799,306.64767404556784,34.911235326899416,3.5499018790779946,2.63955527498129,1.0,1.0,4.279646464674311,0.5458094066662594,0.5041282735812906,397.5812603466301,13.553756881612621
SUB00280,5,122.65638482483807,459.422001485348,31.07976025739309,5.5331790321050915,2.6877832472985403,2.0,1.9034919788404763,4.665669200993143,0.6337136008851039,0.3884681433267339,319.683855036841,17.04535865580767
SUB00280,6,128.65792736785704,530.7977297125898,39.32659121108605,3.6044644048815395,3.3855288896958995,2.0,1.1951354626029589,4.446203835927587,0.27970995178232805,0.4321348333063981,422.6666623427317,25.78348692572959
SUB00280,7,131.60916475665084,328.11299722880904,34.50515189604083,2.7612742530576724,2.627464000288141,1.0,1.0,4.014332597287767,0.457554927217811,0.25638356266513224,740.54313285025,18.16838833708949
SUB00280,8,121.23389444028518,328.24053383364094,36.050205420007856,2.956473133843253,2.0569735660121795,2.0,1.9170337701402782,4.871707492002217,0.39209692902401805,0.5315445422892309,353.20329307881036,20.80852551498787
SUB00280,9,133.06551591390252,339.4818047661585,48.70433456653602,5.991853004705537,2.5681580247986737,1.0,1.0,4.18236535408039,0.39699628212357174,0.40373770531854325,844.8541984977244,10.154881514958728
SUB00280,10,119.99477653058503,428.2656785542621,52.30791907481355,3.2684182955128143,3.770732730463138,1.0,1.0,4.515229000210649,0.5743349816881202,0.5118061381610692,932.8893891292789,12.42207026270071
SUB00280,11,129.00833031345098,505.4090848844348,39.335802584109466,5.664079124431625,3.327559997829702,1.0,1.0,4.89252695729994,0.4325186078067148,0.502051872052035,619.6683559160987,26.7929545709123
SUB00280,12,128.52857744902738,419.1128767696781,53.52508955120972,3.2375790945286043,2.904234039932524,2.0,1.6827062433866626,4.254575468287796,0.3559801396463633,0.3324728612575494,722.2492856736295,27.14203710876144
SUB00281,1,0.678888382164283,62.21647205634155,6.512901522535579,0.14716158549769898,0.4803040686384224,1.0,1.0,1.0,0.3010505883027301,0.306630218892031,2.361091609727908,21.25567081671816
SUB00281,2,1.3590380454550015,58.88513869340627,19.80646728055296,0.0,0.2995949932893519,1.0,1.0,1.0,0.3671631784571898,0.3131846702568101,7.01719626375078,27.151993761100993
SUB00281,3,2.8613230724202943,49.698800196436345,23.343863403371902,0.0,0.11224101839706879,1.0,1.0,1.0,0.4651795145313701,0.4426131009108024,17.94015003920395,12.063618573831846
SUB00281,4,3.345038708137147,37.038348373480595,19.96594404534027,0.693446031095573,0.1129306832863815,1.0,1.0,1.0,0.18797051778524368,0.5724062601812028,7.225245791108194,22.978143800397422
SUB00281,5,3.9345935332142545,23.484056740852093,5.997336813735277,0.1162908288048268,0.2836583346970676,1.0,1.0,1.0,0.5479496831628246,0.48577745249727383,19.36749056254457,14.43699707468727
SUB00281,6,5.2865435682443325,17.898768600789218,6.29991841167683,0.0960047698718037,0.3160130144868762,1.0,1.0,1.0,0.3309760316789777,0.2794246122658712,27.555472923792884,23.420241481227794
SUB00281,7,4.377090360771745,66.61464167336617,18.145626722333724,0.0,0.3649742022238521,1.0,1.0,1.0,0.3103726090611319,0.5247816833252932,24.015448808115654,22.617489251929495
SUB00281,8,6.626420558459766,71.92251126659835,6.974243211066131,0.009722859810178203,0.47803162469645244,1.0,1.0,1.0,0.5046119959954288,0.31959731008032377,35.414312159250876,27.692225739254724
SUB00281,9,5.79070990563716,28.233481794200333,8.210585167451939,0.0,0.16378889079880105,1.0,1.0,1.0,0.29930999225206273,0.5683477983665685,44.2616987933632,24.05502873305062
SUB00281,10,6.879681744585842,80.90283917420997,19.29688474452189,0.0,0.35113596752146076,1.0,1.0,1.0,0.31147942266159545,0.5340775986458203,50.64964451886934,13.56827593620463
SUB00281,11,8.334341727163519,12.927680716343177,14.418029997383702,0.0,0.4165314123401722,1.0,1.0,1.0,0.2275750479935203,0.4465731457777278,54.198352568328445,17.866327817085267
SUB00281,12,9.653212581859012,31.607163830536592,20.682713467395864,0.0,0.0035139879719454092,1.0,1.0,1.0,0.4564679574041973,0.3951437486534518,19.553239184517707,20.188933527186744
SUB00282,1,102.33973290297598,260.66517004037973,25.74476512575682,1.4525956454252542,1.1741831273826966,2.0,1.5408734854310808,3.043584031567835,0.26360208657194445,0.5660511269895105,598.1320404482451,20.262564056490277
SUB00282,2,116.60837382106577,182.5333144282644,36.55161947687438,1.3809904718664907,0.8833034453496758,2.0,1.4063953118109813,3.5639950555073128,0.2815940187943504,0.30934380969973907,773.7484597710308,15.600094680692
SUB00282,3,118.00571266912259,210.72440252321616,18.79074739995746,0.5632606583969921,0.9836991650999014,2.0,1.8617180816870254,3.8998862117482638,0.6150148566214515,0.2576926943871786,801.3127795871525,23.236295109130154
SUB00282,4,100.01571894337054,165.4610646011748,33.22586703802881,0.4113911416407463,1.2461595584415759,1.0,1.0,3.1467054728056807,0.6310377928808035,0.32260157906743214,382.1709171366788,26.521684402917522
SUB00282,5,103.26018895763279,221.24936526361853,24.34160455157305,1.3663734835539283,1.3814128415074072,2.0,1.8730943892286915,3.602740637829374,0.2841853096978427,0.27470694370307414,693.5451790613502,18.34166465742448
SUB00282,6,101.16127174826845,298.6157654316494,25.927945594902397,2.0279716376429304,0.18956723933917047,2.0,1.3364012426690355,3.170605225194439,0.49682843980514146,0.5651568312457278,658.4728682370118,11.249394310008217
SUB00282,7,98.65701239894945,148.68046523740782,22.557395059113116,0.7741242266988535,0.06515956169779619,1.0,1.0,3.3526164451912654,0.28321167159335975,0.3740281301381897,197.69803683621598,24.50907582153479
SUB00282,8,101.6176517570285,259.0971080152957,27.858592343690567,1.2983685557785416,0.10685627666851466,1.0,1.0,3.1337331756737723,0.613217386135021,0.2529326742120476,339.67782685969746,21.59618524853616
SUB00282,9,113.45799856084791,240.73198673963094,43.630057894386994,1.9720605327996226,1.104642564550422,1.0,1.0,3.7224126274030773,0.6485310227550591,0.3800207227629029,686.922399288555,21.44789845885245
SUB00282,10,95.6594908173577,297.77761508228815,29.393298386284876,2.2117710753047928,0.3379146548748992,1.0,1.0,3.0345836707077214,0.5801089562490935,0.3557258262087636,255.01659824047601,23.293461674545334
SUB00282,11,96.4832153926843,214.63153258357985,22.93270887525489,2.1063477600345935,0.4248962947038301,2.0,1.5165557204184348,3.5432225765303436,0.5442127135569702,0.46803172259549264,597.0051654547863,12.366131469045254
SUB00282,12,101.09822228426012,273.7103231259629,16.918977289718967,2.144768907401114,0.6157108407023486,1.0,1.0,3.178702088278438,0.2637409350587855,0.38961400709535254,702.5210165381151,25.827415874881922
SUB00283,1,49.02373139760294,390.4054537080457,57.52744394343293,10.970790632369512,5.435187681818938,2.0,1.823893522937401,2.6449134739714975,0.5386111110357488,0.4216161397181808,260.3873147382017,9.517045995006864
SUB00283,2,32.30692976012496,224.11021763350908,39.11649534494029,11.391898333824276,6.94573254526716,2.0,1.3429363054321128,2.063412753009362,0.4876753182391621,0.5449357443687469,135.0342473396831,9.408135214037404
SUB00283,3,46.35253903244171,402.0768735723341,34.44959826876488,11.901511977593291,5.17307946635815,2.0,1.0441856674695433,2.15094833415769,0.3824095655468923,0.5852069533206297,354.22176467327256,13.150404593142335
SUB00283,4,41.57751022801425,307.98464604680663,54.27749996790422,12.37483252657195,6.953505772208661,2.0,1.7894353674418628,2.3469556909513125,0.22390094404743,0.40430041670291894,243.5722762858912,19.068833599544014
SUB00283,5,45.055469403631925,339.3748855146712,49.83557627403334,11.926410277679013,7.106848462329182,1.0,1.0,2.977827089648953,0.5361389512169928,0.3477274232194943,360.133589016139,18.502152874612165
SUB00283,6,31.85217959108121,180.29001201807958,59.22511298937443,11.729355588883601,6.089692469139436,2.0,1.5734384166900506,2.762059142609446,0.5046465795669044,0.4419957281527279,154.4809870361829,15.493668844809104
SUB00283,7,39.19657292597904,290.839532296893,52.025247121095234,9.764303323754982,8.04707696421405,2.0,1.871888970156581,2.7547671999193586,0.46891771310002694,0.527539072912047,249.74411376354786,25.124750905277562
SUB00283,8,29.02598496812075,372.64502500803314,35.43183465019423,11.792213278457892,7.895625765408434,2.0,1.2166311252711477,2.8478969325157153,0.2559927230504744,0.5503082948831235,144.2716141432211,8.809532547476476
SUB00283,9,36.02372032804942,373.41166141749835,64.70027097190174,11.20012959149986,6.773443021859075,2.0,1.0900063554224575,2.6242971453991055,0.3035312784501122,0.5241280254362137,129.04288544390147,16.66886336100664
SUB00283,10,37.1398958197396,205.91966086698412,33.22103713927453,14.877026263680776,8.292785692224538,1.0,1.0,2.301711229335946,0.3401856534181423,0.592258526399642,95.49409803639297,20.413095624433694
SUB00283,11,44.99328872196921,354.21271811459167,37.02315396365576,9.913050691446033,5.143208343329611,1.0,1.0,2.224079306696585,0.21099096877010742,0.2591372318007881,213.22512273942684,17.935136139851483
SUB00283,12,45.41972264894959,387.2965897573886,64.25665827874735,10.075974875450864,6.565223783588547,2.0,1.8246589865864484,2.5414484259543473,0.5309885273300836,0.35098339254928856,248.60434832109178,21.033072387734812
SUB00284,1,2.9060029295413696,1543.5067658246971,56.69475772088519,2.1866991858708844,0.4575041630080745,1.0,1.0,1.1883357533202923,0.39082018615965486,0.5879800266975375,23.24192475573919,15.488092377610238
SUB00284,2,7.735364757706076,1487.9123007085245,46.23147329381949,0.893469752861078,0.3884940141027831,1.0,1.0,1.8368068142797838,0.23337682751279085,0.4910199721119386,36.198156382039606,13.534854702093202
SUB00284,3,4.437623251150604,1278.2327319290064,76.46933913917688,3.0564958261209925,0.21542205202815595,1.0,1.0,1.2826280783947936,0.42354295918560303,0.2885856542748281,12.52132787068453,22.260656219914004
SUB00284,4,2.414703233195233,1547.5488773149775,65.16425092245954,0.07115530334509913,0.6757464758465441,1.0,1.0,1.8791972629071205,0.5176101926075871,0.41825332371846125,8.776164817772537,10.209681862037815
SUB00284,5,7.365902628487605,1377.8131978824226,50.73430431133686,0.046672968638623746,1.122764451524575,1.0,1.0,1.4158905572320402,0.1824079660003346,0.5394427526330865,42.80260134390807,20.24251491822752
SUB00284,6,0.0,1709.3322757837589,66.83356642255237,1.6108629659877467,0.07557117719058332,1.0,1.0,1.3594416444511261,0.17356683751984203,0.2888288766490895,1.0,24.625553743539946
SUB00284,7,4.426319271610826,1759.3707500052271,69.7230201183427,1.2635254597709293,1.0438412985894967,1.0,1.0,1.0059054304922994,0.42992415879941903,0.28557488620221466,23.35579918983868,11.146433949670014
SUB00284,8,2.39876121317369,1374.156801318644,52.57978678534798,0.9343723658944494,1.0458377717457177,1.0,1.0,1.2522214882098477,0.3618598444358627,0.5819900936917545,10.319841949244097,16.471295653100142
SUB00284,9,2.2225394560635694,1366.1535110817997,46.462989395061676,2.1319025267411083,0.4594244748418096,1.0,1.0,1.3096675881281972,0.3598146416140685,0.4800524580186425,15.598030845960656,24.493170090981447
SUB00284,10,0.3459506603471585,1320.3805990307874,47.42399001227474,0.5453886889176383,0.8192333016415627,1.0,1.0,1.8141502820680886,0.16141411480971435,0.2944674387750612,1.6699819249559191,8.846129457663896
SUB00284,11,0.0,1535.8123597562496,43.115980791689154,3.082856676866782,0.45204160712773217,1.0,1.0,1.8151697013342272,0.20005559181083798,0.32065790470049493,1.0,8.433248962947152
SUB00284,12,0.5412723419072005,1249.8861538381202,56.23803973449736,3.1502305571736944,1.2017538354281803,1.0,1.0,1.7889743681969934,0.45267689723772364,0.31426850542573537,3.407132405151167,23.85156363347855
SUB00285,1,78.1314887621164,638.3787193315382,97.89891549286139,4.866048162007232,1.9279135588329321,3.0,3.0,3.401453162346481,0.34698724065329045,0.5047072224627924,473.2444397383497,8.784322918360775
SUB00285,2,62.55682165553675,478.21725197656974,96.96305080272862,4.223633244866179,2.9954005441021097,3.0,3.0,3.2059966599029024,0.3572906419901243,0.48479912443700285,250.30790015055913,14.1809925292079
SUB00285,3,54.06816477599905,618.7131184668892,74.73218903534486,3.7126200266378606,1.5047053864040798,3.0,2.7839713938334625,3.9838093651615742,0.3494323927065055,0.3032170983849934,122.617482151028,21.730396623340283
SUB00285,4,60.28198533707587,503.3577768613645,73.82163015794313,3.373774826089068,1.7023938852381033,4.0,3.4924131100467606,3.6811226681459805,0.6496776420878843,0.27779285741689996,267.00393404759336,12.604582886415884
SUB00285,5,80.46813533258728,645.5510198984302,92.69138509841989,4.723569464704108,3.0305277048869526,5.0,3.2578702113106033,3.208590095526451,0.5982189551789421,0.3583775683720549,433.36477021407114,13.714864566773262
SUB00285,6,53.26937737894713,692.2927896339008,94.35029332959726,3.090397154692969,2.278595959099479,3.0,2.9080165178722543,3.224960465277726,0.6454587148024836,0.2799974303291634,342.78656631146464,19.352681771600487
SUB00285,7,71.84452186226149,786.9948652648809,76.25217879683619,3.0678024446892502,2.456146965927067,3.0,3.0,3.4241018415496822,0.44726165229033366,0.5749521391497752,357.0115859489076,12.496546139740127
SUB00285,8,70.49574446914063,564.5804010281172,64.25686088647312,3.814383942243867,1.95300712335755,4.0,3.1687946700679417,3.9741965062708253,0.3729381123269552,0.32270116115561187,557.2056909830741,24.693101392301696
SUB00285,9,83.5045991562987,806.3559144205666,77.98103067726292,4.369640387781737,2.33541979925164,3.0,3.0,3.9291583833070245,0.5969483830556596,0.2949944044390769,502.2764270864782,25.80859370544111
SUB00285,10,59.73252194683446,508.2579191746798,98.85128302626904,5.019883351189903,3.017729845840041,3.0,3.0,3.8768374178452243,0.5391968082909893,0.5575061636270788,345.17735469490793,19.028198946010914
SUB00285,11,83.34689686631656,732.7166397307791,108.85545764491985,4.371273912036319,1.5683735052777987,4.0,3.0520208502763175,3.198222013938268,0.49648397098269514,0.37113988216975136,459.2689060456984,22.70675560117901
SUB00285,12,75.9389905399928,749.8412437061819,74.30381777154004,3.863129241058873,3.3725675008291107,4.0,3.386255036985635,3.4898768938874487,0.4167047778803523,0.53659009458489,331.6585776326084,22.117143170614213
SUB00286,1,4.127241048792845,113.25068723487364,17.14369597873798,0.7999627024258396,0.8084293875858227,1.0,0.8252282030009253,1.0,0.5447436721071796,0.4631392367204469,21.781202239855002,25.33471678549863
SUB00286,2,7.7533451819218735,161.97703363803768,35.17649482173992,1.4299433667980164,0.18773638940860982,2.0,0.9049711997563537,1.0,0.5211083745206907,0.2668537692427529,46.44548949846818,12.65722979039651
SUB00286,3,9.672930045484659,129.92567987717086,40.759632789200936,0.973794337159653,0.30707830612505593,2.0,0.7546469646810982,1.0,0.15785793540141593,0.32629659461522975,68.69280075600618,27.184853951060774
SUB00286,4,9.286162426932897,91.473442932088,23.616002535336488,0.10227487832100235,0.4980184106583089,2.0,0.5034802983351084,1.0,0.4317866757932546,0.5126089413627415,31.631402405664858,12.929486770910007
SUB00286,5,10.299241488621941,116.74205890246571,29.98365464683871,0.5430687043389063,0.8885850691174058,1.0,0.9872132693765721,1.0,0.5308239245075009,0.4445987273293881,64.48308897009284,16.470940831402057
SUB00286,6,5.555902494857651,61.51291635909837,22.635450801063374,0.545886928801001,0.08359604669298593,1.0,0.6337755017154543,1.0,0.4009045456943787,0.5081264357214237,11.619746033294533,8.027563756449922
SUB00286,7,2.5333079098102558,94.4591985734049,24.240227361969716,0.6971692557651472,0.18805657677085352,1.0,0.6398383781632591,1.0,0.4682174785815366,0.3187479161108062,8.041872361867377,12.947198864541631
SUB00286,8,9.643612694770946,145.8881506506367,24.087579461009874,0.49916664905426644,0.4197790207692643,1.0,0.9988848990554603,1.0,0.5026484910966037,0.5627697713246955,43.990520605341956,23.504118509130006
SUB00286,9,9.480997619779915,101.92577732750567,30.217331448480962,0.0,0.03798391426661196,2.0,0.8131014358760331,1.0,0.5075099025753296,0.4574438888852459,63.41993154909245,10.904366281076381
SUB00286,10,7.570176086469273,121.69950453288757,42.05707899484703,0.7546295986707606,0.8787365337773965,1.0,0.7428043648811162,1.0,0.2511609338372456,0.5132547285662327,15.150775278001321,13.895281651446371
SUB00286,11,7.119682332028451,105.59743830507168,35.14794789383676,0.7644673908004276,0.1718344058268444,2.0,0.5572217274327116,1.0,0.22324662966089237,0.5238803582203151,14.241813823400724,27.070456595310176
SUB00286,12,5.722637056450692,150.82533824647078,17.616695912776816,0.9742687169468366,0.4598717585287566,1.0,0.6835779576630647,1.0,0.16321623434871965,0.2523924563130882,29.511369661028912,8.231757494020265
SUB00287,1,130.04748736910395,553.6754554610043,35.18945864116707,4.510287374857532,2.0883880115446987,2.0,1.408152019181707,4.484620584788515,0.5446125556874007,0.5330577727447803,934.9684600585285,25.89747923557977
SUB00287,2,118.59898005138591,324.1715140475152,39.75942307848032,6.783172155045503,2.576589543163512,2.0,1.4887044278477464,4.590719117864375,0.5173579979232507,0.30763524185583996,739.5266485107076,15.251747855500078
SUB00287,3,137.33395576493442,533.6582343244149,52.58426436119068,6.580787876790228,3.9528181724573583,1.0,1.0,4.915187805179049,0.32885879845194543,0.3189460915147971,693.0456596272628,22.585438916198886
SUB00287,4,116.38863774983552,351.6987445141736,48.61036363117342,3.230549244195337,3.987591968712806,2.0,1.6022843135372755,4.947848635596295,0.6323235363740687,0.2835770606414191,676.5271941540623,27.85655653283358
SUB00287,5,112.82648304588602,478.58539061506696,39.675576104090396,3.901713235628904,2.198598276689368,1.0,1.0,4.935672348233967,0.5989572973433265,0.5200028171177332,253.200980198105,16.112634421001104
SUB00287,6,130.79275786833895,423.87390048754446,54.88335053691219,5.736120862461825,3.9326287281178827,2.0,1.1319013954803645,4.979110649213554,0.5715876100722941,0.3426060342796808,1036.392455177103,9.592879581206319
SUB00287,7,134.1121688985153,332.62256568985515,31.510233669665375,7.25722036790836,3.0421834935532184,2.0,1.5124323746464254,4.735218852588734,0.2949062929089612,0.2552379089225687,763.2701598088977,14.76051250656711
SUB00287,8,121.0401461838707,357.36789613581414,35.964538635648054,4.216472724755755,2.2685842002962913,1.0,1.0,4.30361046083561,0.5710767121189314,0.28153373108998886,669.0943800359302,13.812756354761566
SUB00287,9,135.35354365972645,290.7743226334655,39.4009891822808,7.056375260385516,3.590105230796681,1.0,1.0,4.025241390536904,0.32887410795977945,0.4230580378115728,637.0519293740849,23.52007029738916
SUB00287,10,120.47041441610767,304.70312348800877,46.87105575539474,4.226484434915659,3.7204230923983266,2.0,1.8194359462735932,4.950373596790495,0.6245977658881514,0.29941732934344856,276.31676141959923,22.53155435337581
SUB00287,11,114.90179425500949,392.419169350639,34.044219604190246,3.4574436488009543,2.912193869832213,1.0,1.0,4.402652705235677,0.35914045829472596,0.5052223183303833,729.1786795643064,25.679859444963192
SUB00287,12,103.73973277118931,369.4952819918055,30.620520726795093,5.765225148977781,3.502527223452982,2.0,1.4721218417364645,4.909430030116251,0.4807042992131013,0.43242231494984784,740.9814202746688,16.86396270063603
SUB00288,1,0.2949676414819815,38.21375036309233,18.124719012286768,0.2597940791850769,0.1550179127486762,1.0,1.0,1.0,0.365654488471608,0.5845639106503395,1.796208759574662,27.251427359618052
SUB00288,2,2.0142596487119127,46.9232298540155,22.948245994614222,0.19431635258896868,0.35098224161453406,1.0,1.0,1.0,0.20499055104800168,0.4999756819189066,9.324372404894351,25.32397286901181
SUB00288,3,1.781718871272215,24.700699318034115,8.103615245648705,0.0,0.19397923094471436,1.0,1.0,1.0,0.2016034063707966,0.4516930071116847,12.102160921697951,15.218905994338245
SUB00288,4,3.384538533151291,10.635767584194921,16.311784708377274,0.0,0.41239167852426445,1.0,1.0,1.0,0.3655353681845843,0.3745970739283852,10.443281665452666,24.502557710623044
SUB00288,5,1.3079264228558913,51.36635201371876,5.1412339504566695,0.06207765783361324,0.09227105513361905,1.0,1.0,1.0,0.2767527566756678,0.2521450992465026,9.797811279717376,25.20948024854184
SUB00288,6,4.306808880629367,38.877695220143195,7.408739036383338,0.0,0.3646480150906965,1.0,1.0,1.0,0.4260235004610675,0.48978170066446086,24.0472275981298,14.464940701191932
SUB00288,7,3.120037534311571,53.680680924672764,7.764213852447941,0.0,0.4795110856438502,1.0,1.0,1.0,0.3017696802766381,0.4419326601706608,10.390611514338493,14.891537515826938
SUB00288,8,2.9302206652095335,53.76016171718784,9.822073112226214,0.043195305835928455,0.1330420903650273,1.0,1.0,1.0,0.20491834204013487,0.39973209657971637,17.686925231508017,21.01096475731476
SUB00288,9,3.1624540425157304,45.40150316526343,19.62733548225796,0.0,0.03712160652196461,1.0,1.0,1.0,0.3178285595998809,0.46826943220200024,16.636082581458858,24.738254266360542
SUB00288,10,2.5857944820603493,8.438306468559386,17.044967642219895,0.0,0.08557605451460337,1.0,1.0,1.0,0.2772585703051761,0.571543605566045,9.385659868006279,15.327073284208796
SUB00288,11,3.697010117949963,72.49229384718295,14.908959970278753,0.0,0.0187226717950702,1.0,1.0,1.0,0.4475145581261404,0.26677746289295473,20.079443976260276,22.50530303630962
SUB00288,12,3.420434815726919,33.522471299700975,8.515523712435982,0.0,0.12350553284591126,1.0,1.0,1.0,0.3377289330686658,0.3398391893150605,8.637212778401414,27.543931349442925
SUB00289,1,98.63035734196158,154.01104373192564,15.507588590062014,0.8718444796499177,0.5446531525622162,1.0,1.0,3.295391086033587,0.39250347987316025,0.38882775808954306,329.278891816181,12.68404178080565
SUB00289,2,113.4414648112701,219.59193230634298,37.84307322594195,0.4240856133519197,1.4729014149038464,1.0,1.0,3.5592497675179464,0.6077010095630498,0.3181759296285677,620.7621819724292,15.003348747086328
SUB00289,3,108.75983307073781,265.66689069849565,31.881119948695492,1.5662022825355566,0.49159806315068505,1.0,1.0,3.738434144168982,0.5018815667945553,0.28263022774934665,550.0772489430057,15.196048654751872
SUB00289,4,106.65314032259496,216.39520214700755,25.64792228068326,0.7646580884091891,0.11562678901100659,2.0,1.7693654644617354,3.007240632588199,0.3422130582905806,0.5932513705356818,632.8623904063519,12.910561049803091
SUB00289,5,99.91868575554729,266.0293271422126,37.43835785772606,0.0,0.8854131766118977,1.0,1.0,3.385497623256616,0.26505221509392995,0.2501647273159745,449.52423563377465,18.86708031538644
SUB00289,6,119.38885114597844,256.1040347113833,18.914305677749926,0.9785455728304212,0.614633492618615,2.0,1.4680436196352438,3.651296100815386,0.3508228198051022,0.5330355079204714,902.241565774275,19.41358383007192
SUB00289,7,100.86017977915937,203.53443668345182,23.55573193095437,0.18322337202410444,0.5058969019465063,1.0,1.0,3.824900856784854,0.3272883692169152,0.5334141052182348,589.347358198488,12.755960002562645
SUB00289,8,105.39614768701435,206.44418293872536,27.348213808833677,0.0,1.1805377282846894,2.0,1.4751277124039923,3.772103944922341,0.2588320820104776,0.4544696520765251,812.7761022842999,23.885898608016884
SUB00289,9,99.78887010570364,196.33196297078982,33.74983058948861,0.0,0.8165172750265737,2.0,1.7058013708969795,3.625363849496723,0.5996975331321659,0.5724101948025405,754.3620819722405,15.847812360331206
SUB00289,10,96.00521832406453,305.029168322597,35.91070665353867,0.37787869729371737,0.7526431160177607,1.0,1.0,3.3479788065433778,0.3569849929459661,0.3377367753435139,486.1963971505503,18.799484995620794
SUB00289,11,116.10014263145837,180.60722819390804,23.435739982903655,0.0,0.9436476602382879,2.0,1.8477258563459067,3.0601982287819127,0.6121890251947564,0.339880386075207,460.5193937585757,15.989959798698866
SUB00289,12,94.06733975511617,189.96275248310778,32.31755287823381,0.0,0.8448476193959503,2.0,1.6598900355115003,3.503775429151192,0.6037291992771577,0.29370108660234484,631.9200964282511,16.224023902213915
SUB00290,1,47.73598112401018,302.30213196770217,34.97155943222858,12.37243959158556,6.6063173507142325,2.0,1.1610314879189891,2.2227460409358195,0.3617677029137961,0.3056728372639073,333.04995862939825,22.72332070011517
SUB00290,2,51.28787486060905,225.81738503418455,42.24847709445857,15.788687325909251,8.834163657947425,1.0,1.0,2.437921337208049,0.36974236812465044,0.5096684297349992,277.7927085755999,9.268440724021236
SUB00290,3,49.226692782075894,386.9120035325416,34.31135192023232,11.63876683156019,5.613516115880772,1.0,1.0,2.2150281022013085,0.41969129224929647,0.27740817636162546,169.0549038812161,24.9475477673719
SUB00290,4,49.66543033324432,302.1166382996034,42.91949652282305,14.637483908190324,5.488467723744714,2.0,1.3115270018443237,2.8971684956832355,0.15909199393275333,0.5410153705886831,378.4564056421487,8.31103974903105
SUB00290,5,40.44762868366684,259.60176300023676,34.68026574054085,11.197806938231427,8.897613028920043,1.0,1.0,2.7624924336814036,0.33730114844324893,0.3848466550376557,164.9491312881402,27.46964227253929
SUB00290,6,50.4424032616671,272.22753742240747,58.868593278748975,11.632993171513816,8.277435420575037,1.0,1.0,2.5070934162172143,0.576314285870021,0.4412570816273361,346.80631766457424,25.270740306001848
SUB00290,7,47.41193177534659,284.30760181700487,31.52168844261329,14.711245668980542,5.244439549742719,1.0,1.0,2.697129130442635,0.15150064528997062,0.5549926375477097,113.33399798206193,8.232049721066225
SUB00290,8,42.028822783489986,347.87451748224504,57.419545543780266,13.203402395671127,6.370547201501688,1.0,1.0,2.244047499604821,0.25007246498134256,0.5005569933734046,239.8317795426526,27.176982749386642
SUB00290,9,54.99851634116318,362.1240596284542,59.964270631813875,16.853151522530883,5.457301623809364,2.0,1.9251387106464564,2.519240296741555,0.4458850498160337,0.5409592386540176,238.12144134765137,10.124414727289839
SUB00290,10,50.93253845591639,367.41883218508997,43.71694534199921,15.286119207123772,8.176076246445124,1.0,1.0,2.875280707050382,0.413717423763754,0.5381945743360516,230.38748727881867,26.990111424744704
SUB00290,11,49.46508898535547,203.41137524727705,48.20835787968259,15.138322133266922,7.812683409288845,1.0,1.0,2.7647549570598677,0.5146071977421969,0.2983408181795868,247.03715966407728,10.47831926235564
SUB00290,12,51.788970892898476,299.85127529058303,51.706923169436884,11.90610202658025,7.142739746166867,2.0,1.5010816669704254,2.7307395035219155,0.3195473220945618,0.47468218350141783,223.44920240131557,11.084443689125976
SUB00291,1,2.659640742526238,1786.2044122267635,71.63669072627792,0.39993341086533857,0.21136845633724438,1.0,1.0,1.6618935551244558,0.217557186535002,0.27843274070983703,13.840254660287659,18.5960696492466
SUB00291,2,4.618535828551375,1433.0709818274308,71.10796901738456,0.9509839006847406,0.7380649668721797,1.0,1.0,1.956288941621811,0.16332026523649515,0.31133200444376696,31.55257070588217,16.83537151492674
SUB00291,3,8.025864868783449,1804.7062208831062,77.95643536917144,2.34594144914202,0.24265145303493096,1.0,1.0,1.8297591145174898,0.25732570703548546,0.4340300133812328,25.358091000665933,22.148165063574183
SUB00291,4,10.033778051777038,1608.6166264675696,78.1686041256376,2.499781625287103,0.5100726506609925,1.0,1.0,1.9432862106035933,0.3176099981150467,0.42109388766592815,29.49284585738141,14.989134619455635
SUB00291,5,11.526060140534538,1417.6105869053822,62.91799071781618,0.9606206457088448,0.9448612453910935,1.0,1.0,1.6171419205231747,0.4258404580542754,0.476801061242599,71.15067360145625,25.803870305184763
SUB00291,6,6.663753560015031,1217.9244389171972,53.41643568585337,1.2132082477728554,1.3903969616353646,1.0,1.0,1.406332326993633,0.27514927676672885,0.5533378541265241,48.36045463270741,23.809430837693128
SUB00291,7,8.861231683411463,1368.5228474049409,60.93863001091798,0.7585590524353213,0.3598790820947634,1.0,1.0,1.9311879005020556,0.42251455001015925,0.27127136392342954,23.905394437746576,22.470174315628377
SUB00291,8,8.577679037618417,1577.671324189597,75.85094236111453,2.351004086885846,0.28959810113192896,1.0,1.0,1.0285559578754706,0.41701168102476593,0.5919312039820468,39.36757753372963,9.266131297305957
SUB00291,9,8.095603998927583,1668.4553860550222,48.775201738602185,2.1262540365963485,1.3735114956766854,1.0,1.0,1.339939029924115,0.35674339410160216,0.40974202158199396,63.68868342803051,13.25338645338046
SUB00291,10,16.289295276561255,1750.9389843785023,55.00134580644528,0.0,0.37294709463877146,1.0,1.0,1.949666870076363,0.3250435536312567,0.40103856915289315,82.87126636617042,26.233025127501307
SUB00291,11,8.135211788827185,1328.7605611805711,55.13066196251873,1.9440513132031219,1.3212823257548671,1.0,1.0,1.3769194331769001,0.3071263864934187,0.4155248021915451,50.2992850600355,9.269598668637757
SUB00291,12,10.931412599457353,1237.05895775547,77.75196714933236,1.633350187434203,0.677032632572432,1.0,1.0,1.052268870035297,0.2499636452964577,0.478457015667182,41.795058090130546,14.152645125400053
SUB00292,1,72.81477214931057,535.4428693530829,102.43640656525832,2.954657988443474,2.917048719967131,4.0,2.939612455273558,3.456950355970121,0.2503018586978165,0.3160128626873224,411.8384563892897,8.348908311449565
SUB00292,2,58.56471666211513,607.5919556766708,112.52146258844053,2.3005995858049597,3.4816252600410253,4.0,2.57057546192469,3.121109461448005,0.5910150681604897,0.5903250348516663,324.96365389183455,26.945202710406907
SUB00292,3,71.56589094658229,746.9292642848752,84.6985186526136,4.590982777958387,2.209019208655675,4.0,2.6197965529923373,3.3518133047408054,0.44711668418581685,0.30505054832925366,213.12888999706234,10.47950395015684
SUB00292,4,75.57644320068182,491.1224765455438,89.14955973116109,3.706471159501678,2.4520287893729202,3.0,3.0,3.15941436242559,0.6198925451532518,0.5795322259150941,307.56020341880827,23.445067059626595
SUB00292,5,75.60623294950081,471.02526366158,89.4244006133636,4.065190147026252,1.6532468612189826,4.0,2.9476579566877645,3.273304982231014,0.4243669849994831,0.45583638986843394,314.68630021145503,12.213064308905087
SUB00292,6,59.86516714786756,465.7296581263134,98.03165039690398,3.1941924527782923,3.078059901720408,3.0,2.9694190395610143,3.5237813928633575,0.5265637375961388,0.4558311990648152,359.7515659034321,16.64871697772897
SUB00292,7,52.39600393711456,587.5938589605012,82.14110603928935,3.6187365711708006,2.6570194418188033,3.0,2.673875474091293,3.575892804625351,0.4078299028961625,0.3362491651250372,118.65018486143504,23.35069518966234
SUB00292,8,49.007047455454945,611.3980553326098,68.30988495569187,4.067046118727988,2.758131146905771,3.0,3.0,3.4522221349148556,0.5321041655110558,0.3712649002983171,143.00232437550915,15.216590507358154
SUB00292,9,62.67821568983606,773.5311474856455,115.8364396882101,3.3815934356953634,2.8660426540420785,5.0,2.781618670677837,3.1685304754493044,0.5175985715527253,0.307966577573944,344.5609628267916,15.808699936412038
SUB00292,10,76.22623292392308,427.6921381226516,70.11942254088576,3.809265770669518,2.074935159980832,4.0,2.7409265731079127,3.8729664699363298,0.4256089981623856,0.319750922174484,176.86613224728205,20.130453045745956
SUB00292,11,67.2842083372281,604.6368960086393,97.141052166961,2.148124801302045,2.0110406717501585,4.0,2.545810162655333,3.895060181934343,0.4041507200923836,0.2769411718811389,303.50316902650883,26.990697676797506
SUB00292,12,68.59308146061294,701.0909338195008,108.23898244861458,5.020227730922263,2.390784697836504,4.0,3.185031727221089,3.1370358065275323,0.4388171897825114,0.5882914901447132,328.95499377438813,9.365853613390266
SUB00293,1,10.284794026075629,95.07967614562473,38.01094561442811,0.9243192119604431,0.5325760612919338,2.0,0.7368121395975153,1.0,0.5084549555046792,0.38593142398701363,59.37996493756711,17.10997058251598
SUB00293,2,9.169469956591476,81.29916940115515,36.13893365671463,1.5805888750985595,0.430766842255933,1.0,0.8518272047610366,1.0,0.2799934723335806,0.5866575328447095,40.6626510635189,12.180141916562201
SUB00293,3,8.744631364363661,120.28883467073327,21.658736288540936,1.2697713884617339,0.8629599931177832,1.0,0.6218916252334428,1.0,0.20320789232176453,0.44055329073277405,55.93785342907718,8.162254348096184
SUB00293,4,7.497289048907704,63.676560434009915,32.217116505219856,0.519351377237592,0.5674593913707852,1.0,0.8658119163476211,1.0,0.39266497725618593,0.28676738137216506,21.12199109747472,20.27440508422739
SUB00293,5,5.989151646773172,152.33700749614565,44.23651410403533,0.7405604066465201,0.9689899644551772,1.0,0.7009402552704809,1.0,0.2209859030311326,0.26116487514531295,13.287307157438532,19.295878206455697
SUB00293,6,0.4325505172563937,94.51332684376473,40.308843506898704,1.7616759580754715,0.9572270458726581,1.0,0.6295654044739606,1.0,0.32767680793088816,0.2645879461664959,2.3584480594895125,18.53411599333551
SUB00293,7,5.291490313431789,154.79661725747286,16.048512419168205,1.5207063988981782,0.20242778825178298,2.0,0.8448863173259925,1.0,0.18260550003035309,0.48333500460998247,34.665348735507486,26.9996946897175
SUB00293,8,5.60813492054551,168.08039833458577,15.100155206240922,1.7757515064851184,0.6050317751695745,2.0,0.8650220947504235,1.0,0.48381340998338185,0.27551545061197713,12.026976189514112,10.638533377094765
SUB00293,9,0.2400178678288194,109.25203623349206,40.96739202009363,1.5880821502013411,0.41943048732699906,1.0,0.5777831525284913,1.0,0.4211057135126799,0.25758375206090167,1.714196460774294,13.662323215756203
SUB00293,10,1.2339524377813245,148.85344971449425,20.60883464686153,0.4802347182141402,0.3792089729231696,1.0,0.7776801298119433,1.0,0.3472249843053568,0.29671550961096904,5.304094215367195,27.356841810578
SUB00293,11,0.0,121.88739363519966,44.96777204870198,2.032727045483987,0.4259238839501551,2.0,0.5410016209065117,1.0,0.4964288582976246,0.27769956860185696,1.0,9.664128125880936
SUB00293,12,0.0,92.8900424260573,27.521620504497594,1.6219313069337185,0.7259960262963046,2.0,0.7189821814096191,1.0,0.3887957420999493,0.549200102202702,1.0,14.685505741302045
SUB00294,1,129.68853038471227,529.9903981997428,53.8882311650936,5.146234152156953,2.3363534950609646,2.0,1.875284298976692,4.029505544667636,0.49177388737867134,0.38610308643401725,735.2575232066007,23.64329792841731
SUB00294,2,113.88595491043533,449.04773682263965,54.47702687039391,6.0201493652411235,2.177095016824036,1.0,1.0,4.463442372895257,0.2809214946312844,0.4396214157843711,413.28364716342975,11.86190342176391
SUB00294,3,119.97049329382837,435.44005792902624,47.374982141620706,2.9518688696530733,3.544704550672475,2.0,1.7307025736080024,4.41660196892106,0.3552292740877182,0.5139885224965752,499.3398336076761,17.07226973016254
SUB00294,4,133.92652896718153,459.5486255553574,54.44640731763816,3.8065239889821254,2.7340174592978332,1.0,1.0,4.232549593855068,0.5087684704870739,0.33166961215281027,283.1016031074336,14.009569124770191
SUB00294,5,128.67828721097115,454.244048445746,37.758481936528966,3.056743816893724,2.262711863497879,1.0,1.0,4.677379241430329,0.383037841814417,0.571499000136444,830.4351679807432,27.749421258558495
SUB00294,6,126.75144764225962,325.5142040518393,47.58328070285234,4.866284867613704,3.3961218155990647,1.0,1.0,4.310788163331764,0.3341281776521231,0.4231945026456809,999.3713774270559,20.931797828971447
SUB00294,7,117.16276111749475,413.36584924444884,46.857202354023116,3.061440318676226,2.1418207128662488,1.0,1.0,4.383317056139331,0.5589494014436881,0.5907555122235832,368.8272046477279,10.781166428709172
SUB00294,8,123.61312502302977,319.7982007219765,35.86310649110632,4.492068497339413,2.666891692479172,1.0,1.0,4.861756952280817,0.4343240566023031,0.5492237011347487,985.7540812463498,17.912070643257245
SUB00294,9,133.54543859710935,372.5853354363649,35.95037939003998,4.435656346399193,3.947228742733899,2.0,1.6032335885969322,4.419906783286085,0.3925994808612303,0.46495242767735456,544.0328229422684,22.980045608298585
SUB00294,10,109.81083630009469,430.67483837946816,50.98911131942842,4.083409955576671,2.2474347628706965,2.0,1.8786338489199301,4.4668247400504155,0.3683565435697982,0.4316072701820203,464.39418244322354,27.47639496033387
SUB00294,11,110.46944893016777,377.2678883203727,47.03724967060775,2.4151490773391338,2.974718069714738,1.0,1.0,4.069416762459302,0.3072841687779534,0.45517843602519686,370.3944699852899,11.914180849987673
SUB00294,12,132.2102896730056,367.01267231787773,49.87761065245742,4.329999907780784,3.0546525427892135,2.0,1.0634478955662547,4.731990959296967,0.5951008709735592,0.43217506247314974,1026.6659889280984,12.633502945301304
SUB00295,1,2.6739386564275347,38.705130382037964,14.597829866001987,0.5644524987009164,0.18314888541215318,1.0,1.0,1.0,0.41141956725392714,0.4999444277823562,6.2622801780276065,9.852563898404618
SUB00295,2,2.7866842464511072,63.83200313152999,22.695797352252313,0.24572759789677334,0.03485608448811528,1.0,1.0,1.0,0.30493014332895624,0.3744311684890069,21.300115382790015,15.02283951891818
SUB00295,3,2.1455588449447336,42.21303364840722,18.31871327344898,0.1542349327935861,0.18263508168727843,1.0,1.0,1.0,0.5275875692506262,0.32755422235650133,9.154163161832795,22.6691961419547
SUB00295,4,2.8132922843597594,75.9196788243182,8.225979811602851,0.0,0.11344408868956635,1.0,1.0,1.0,0.392504403004891,0.26270204491549065,17.577371643918504,24.514203116352913
SUB00295,5,1.5488140674432642,33.39446608025495,23.792564434261454,0.25076043929694064,0.1547111366197103,1.0,1.0,1.0,0.39018065321577755,0.30715264218047383,11.690208819002452,15.799523411648375
SUB00295,6,1.4123273880838678,12.885770254201546,18.628696848841134,0.22989954440580318,0.39626203703522306,1.0,1.0,1.0,0.22697797120609117,0.5503327632363989,3.5415959515129503,24.046662255516182
SUB00295,7,2.4881002031435067,0.0,16.38072585712397,0.0,0.23151631035130532,1.0,1.0,1.0,0.18804601543680918,0.5841270624788157,14.341070319104952,16.17002798232413
SUB00295,8,3.3469366887863083,20.08187815835542,17.591164853329616,0.10369827633499559,0.4749490167924954,1.0,1.0,1.0,0.5240885783478045,0.31552364947557865,14.079723300926771,26.11704509290681
SUB00295,9,4.813919577230511,61.3200183969592,15.437935031700025,0.0,0.14181162621959564,1.0,1.0,1.0,0.49624705377021017,0.5220324433440686,23.87140995795721,17.824448423906773
SUB00295,10,4.909987492501293,78.18831946960914,12.768575119264513,0.2312755820457982,0.07657717735907843,1.0,1.0,1.0,0.4358756327188241,0.4439173097789635,16.69533181698732,27.16722205350397
SUB00295,11,4.711571847927648,70.24761649778448,6.6136204649053205,0.0,0.4551457732676297,1.0,1.0,1.0,0.31993893726770883,0.3550081172674503,36.0064328181644,16.241095808254382
SUB00295,12,5.707507237737188,25.3682937599539,10.868488611971959,0.0,0.2679878207829975,1.0,1.0,1.0,0.45175750643709167,0.5542394943298654,45.53095846460891,21.002471164842575
SUB00296,1,121.51411964904638,253.39408086195877,18.35561405625369,1.0141732378658008,0.6534687115856341,2.0,1.1001050096811147,3.829900852243997,0.34759763913970754,0.4258189650712668,352.2512777878131,27.786615870601217
SUB00296,2,105.49964002887262,205.10386642349357,22.21484771198314,0.8891274525809738,0.9924839695791562,1.0,1.0,3.497767789017689,0.5247798319367052,0.5143615770428219,569.1073452090214,25.51799535468788
SUB00296,3,114.41276268189534,242.97765380578986,22.794725541223013,0.44959137804559823,0.6412319571462979,2.0,1.1849636224489628,3.732435745296394,0.38607352266811845,0.4993249367229364,759.3945572298911,11.145483782528583
SUB00296,4,121.30305832461518,301.9741360092305,37.70510443451013,2.413534674904867,1.3766997475120788,2.0,1.7016039216655945,3.567210055865104,0.38408619829913526,0.4681217877285905,505.2352721602785,26.987344624224843
SUB00296,5,119.0230651990229,227.34692179235878,26.005053987893078,1.5123986229591757,0.8917054309448645,1.0,1.0,3.983965483343999,0.593297196261936,0.4650235203444345,427.9069435677527,20.597777653519202
SUB00296,6,119.72767714612513,251.2211008725563,19.11586599859752,1.3002592915937412,0.5867338893375812,2.0,1.558205117977536,3.401352892312852,0.6466243464064217,0.3066570896419056,488.93628037514327,12.395857826653241
SUB00296,7,125.08938873429823,177.8550782522468,33.25763969588294,1.1079678853406723,0.8011546143049592,2.0,1.6149676944968685,3.6709058228305356,0.600904516340532,0.4862789496515978,791.2747991117329,15.930347649812887
SUB00296,8,125.2305832787578,261.3773373716717,15.567490783074964,2.5405868058862477,0.7636241801205021,2.0,1.3260515165980662,3.419461693627778,0.47897899586142756,0.2535012037789548,366.2418381992845,20.263716873869484
SUB00296,9,118.06536598038439,307.6252880287604,30.4558620288795,1.7224254672514405,1.3357312346772707,1.0,1.0,3.4364801175987036,0.5662085759063381,0.49520787901642355,732.2979300639992,12.301428710713221
SUB00296,10,96.56721881775537,173.20321696220614,40.317684140999575,1.214983765193299,1.4369088278257507,2.0,1.090875105448009,3.866847166026248,0.447839330994122,0.5292904707012436,397.1549123901364,27.14451049691358
SUB00296,11,121.28507722626972,223.32517581163913,23.26182209615309,1.9475730550663033,0.9661754898565658,2.0,1.2607607886720982,3.04519704346306,0.4029830889850786,0.41570771336089873,319.04736732577805,9.702581709731326
SUB00296,12,104.0768507943122,313.95789185673686,26.95254146169445,2.0058722586767397,0.5146238254024995,1.0,1.0,3.4271042054349996,0.6127598032642352,0.371072672581543,527.3091605082752,25.41172060539495
SUB00297,1,44.36028308067276,315.23784798137405,51.996757107097224,13.741958444395241,8.699322414148568,1.0,1.0,2.06822804277052,0.27942254879094536,0.32110679577865414,192.1368299990838,10.183399605138554
SUB00297,2,35.68441008492536,212.36426390888275,54.73392984982597,11.685693834353845,8.353765141625388,2.0,1.098572832111651,2.7853351609566297,0.4454030734205612,0.46357580341239957,186.5403358057634,23.043813315700902
SUB00297,3,37.83409771593601,313.20018639165994,52.16278029271781,15.007685522366847,5.331716532890537,2.0,1.196846035306205,2.61218227882242,0.2288479441043206,0.5369023872857039,133.0635073056977,20.58858156196348
SUB00297,4,41.22150969042302,296.93193246822403,52.919629862623495,11.547130893361386,5.082305962445281,2.0,1.658034920028602,2.320802916337096,0.18249580743392996,0.5755722941869572,155.57890545023238,12.182121125464617
SUB00297,5,38.70632615463508,395.34068404845755,55.9755617002493,12.65965400861437,6.760061888728162,2.0,1.5441162629093612,2.401853148968539,0.4201329759770407,0.39897686072175764,274.6080457041758,10.713887136089904
SUB00297,6,30.487381408657406,290.34858690351246,31.061512215004676,14.318147237668354,7.46299713057305,2.0,1.8384714963521807,2.8054255393267455,0.2807038031040755,0.2508229868772034,175.87497475253616,26.95164737398187
SUB00297,7,46.15854638518207,390.1995605046537,48.599014222781776,14.614869984807493,7.735408710870951,2.0,1.044087444197022,2.6322709001528746,0.16390904945229115,0.2646345582074338,167.18257588305443,8.303862638135328
SUB00297,8,31.97257165941289,405.28937048055917,51.41325105319801,13.288147942901887,6.469490411983714,2.0,1.12179882185721,2.142529142814524,0.35960634311143563,0.4588797603400122,215.19281322541644,24.0891967753904
SUB00297,9,44.80595906217312,370.5909304095042,60.81948364540158,12.407472211023265,7.479150144167331,1.0,1.0,2.3483729920627914,0.46151771138843356,0.3766840124048444,101.94876424918493,15.560122235694408
SUB00297,10,30.78610964947027,225.83337888007782,50.67987903462898,9.385527971154659,8.818552820566225,2.0,1.3567133957462343,2.8947651030525288,0.16337554578826322,0.5715081336921672,244.21031742069033,15.799512353717578
SUB00297,11,35.43284890852706,216.3904466483821,32.22135299011306,13.644748204841743,8.453798573973383,2.0,1.7130163382228731,2.2818520270933247,0.5058663698086177,0.3192593847168439,95.99581686606537,13.619677588863862
SUB00297,12,41.97014561886972,377.38852712293095,62.1358823913916,12.151234230811571,8.480726997428182,2.0,1.0064715217872942,2.9857638230484778,0.34883733426376723,0.5093320436561561,197.83403505706494,15.24158672320299
SUB00298,1,7.722524420203228,1526.7803142260775,58.51279793289386,0.23494651341272926,0.8505121953088979,1.0,1.0,1.2988371045103921,0.4956199594043488,0.495112370618737,60.18639621224484,22.389321768839547
SUB00298,2,6.738378011750961,1482.113776579543,79.87675505188264,1.6032434839160559,0.2706668960594304,1.0,1.0,1.2188237286629064,0.3690161212954246,0.33431358540662254,40.42753487596147,15.532720656614618
SUB00298,3,3.297419624365268,1596.8132902609425,77.20345966051767,0.7806060414649967,1.190533234458703,1.0,1.0,1.0209637154869888,0.28203790171283016,0.3444917917236971,21.858246454375514,12.414500255728104
SUB00298,4,0.3035389805880726,1652.2892655732026,65.76159091831082,0.40181766376040284,1.2096535332749094,1.0,1.0,1.9286750091135674,0.4980829864788209,0.5463891958664302,1.0,11.319546657898517
SUB00298,5,7.710182074922484,1527.089304608631,69.43183813812911,1.9282274722077513,0.15368397617157525,1.0,1.0,1.4022269865268888,0.4989108779566924,0.4504705392680468,58.42086408569497,25.68876645490447
SUB00298,6,3.5984888683026326,1629.1123962695754,46.396125577597964,2.39879529250844,0.4554718834837672,1.0,1.0,1.2661840359961807,0.5204327543247809,0.29938713621823937,12.639861249326955,8.708772917998491
SUB00298,7,0.42835257840202434,1604.7706512043808,77.57229720040984,1.2151534223961649,0.9974370438704148,1.0,1.0,1.120566104888685,0.4805128082114404,0.42082708519507095,1.0864608282034685,22.152723914324568
SUB00298,8,0.7456122526473798,1466.1442964759494,52.58311942846073,1.6006081612602991,0.7802334700824398,1.0,1.0,1.8516792387331695,0.3613613215320203,0.4333627907425486,2.6201600344521787,9.54559239352473
SUB00298,9,1.7393119256285527,1527.392882913414,63.72372481485492,1.4790478505748057,1.1098318280353234,1.0,1.0,1.7336769215737298,0.17465691055436508,0.4935025825558493,3.5981400188200716,24.236195741957243
SUB00298,10,1.2961553359942486,1260.567249094952,51.52561675387884,1.7311474260512745,0.15745743522193428,1.0,1.0,1.6370865843230367,0.399224869941634,0.5469714087375597,8.265788824687478,21.98913080100531
SUB00298,11,1.1260305023308133,1182.5866831607298,72.58276245419512,0.9660407676307334,0.36315004523245376,1.0,1.0,1.3634629741928808,0.35090464187003334,0.5056874467204131,6.71443035396763,22.155032645394545
SUB00298,12,7.123591377537155,1315.7488631231056,45.84222674846566,2.031160646183885,0.6876803488935026,1.0,1.0,1.3829271737390703,0.19554828014142722,0.39564132221622694,17.99393841389416,9.663961315617753
SUB00299,1,71.6604585064441,786.3876142058973,70.25521165878064,1.7997688134889906,1.5199638088417622,3.0,2.9588756933496265,3.4496809809369395,0.5882995272912294,0.4759596633298255,316.38355079015923,18.18702663526858
SUB00299,2,64.79089490086884,706.7894327151299,98.27065006446514,2.0289067271816448,2.679104729162908,3.0,2.820798694206971,3.9457286774627853,0.5897213336265371,0.4335714672877662,378.33994907462454,19.863339440009668
SUB00299,3,58.632369480462096,757.4970556181472,110.51137271872084,3.077659127459307,1.753833497936364,5.0,2.5320690840203994,3.819323341106941,0.5262706883055911,0.36316877882837817,300.89039856495407,26.64344576861489
SUB00299,4,49.64822376672476,806.6583150479444,110.48136525236798,3.0924731400774483,2.468130814431132,5.0,3.4279004459087683,3.2480768804903017,0.4943118658160309,0.3897360912424238,358.82867284347265,18.96841128707338
SUB00299,5,54.73124934023149,492.42306132345016,68.88998976088746,4.7164134907339195,2.645211638765099,3.0,2.683603655826691,3.003814491985777,0.5858542513016405,0.31812075885110985,135.4359964622333,10.636134586132908
SUB00299,6,73.20494460861565,682.8418503559584,91.74696649489096,3.9934155082215543,2.0978548332159903,4.0,3.3872868419911963,3.6651605740264923,0.596144941904379,0.3814397978078875,406.05176351150266,18.3548503988403
SUB00299,7,54.596822476611635,530.1046993659073,118.09014818531429,4.569820013395605,1.849136805824337,5.0,3.3715626751434047,3.153193985147913,0.34340759631942636,0.49193976924893323,265.5914526670847,21.08009012713954
SUB00299,8,61.42782816806196,732.0507923646175,68.3527176457416,3.2017757163790295,2.4808602539330855,3.0,2.98618057649209,3.5178722627029524,0.6227678428255868,0.2674586373515914,469.91730365597226,19.74426353437525
SUB00299,9,45.02493146315155,634.1077725261923,91.21685434598396,3.315528858883447,2.7131678482671413,3.0,3.0,3.017371461975735,0.32997329549313403,0.5166021813555182,317.49157250492345,18.741314668273457
SUB00299,10,60.35109550577869,547.6010559676939,106.01186537232527,2.000955820419386,3.407134494601393,4.0,2.545203740164887,3.3410373460663845,0.6334780994501734,0.40505436756436053,234.2923716897203,25.89372783482938
SUB00299,11,47.157784989387224,731.1917417810331,107.24222736223203,4.024665106307829,3.0628940918775234,5.0,3.293285717791547,3.9063302317097013,0.46901398043835896,0.5723312074763691,144.7291333509422,13.546241523606623
SUB00299,12,56.19215273694645,773.057646766122,87.53338475927592,3.309385703509953,2.0182877314499637,5.0,2.7919564170069133,3.162992017051577,0.3514328812625349,0.5583774659967686,163.77043350677187,8.638412774400267
SUB00300,1,2.642059618644858,151.63866720679087,32.18169246011727,2.0648523282929485,0.803832142350926,2.0,0.6722993003975527,1.0,0.1947503389763911,0.4314648574808121,13.619526873016943,19.49954536527297
SUB00300,2,2.143590367439742,108.35398305935783,25.103301496455728,1.3131814302953655,0.11284893157871234,2.0,0.8023041553181791,1.0,0.2856787816372404,0.3101589423179438,16.125353790589177,16.988786951117696
SUB00300,3,2.586353154973301,95.8291173833029,39.81167733905879,1.6300644391571975,0.6322896864462086,1.0,0.8640076856423056,1.0,0.1662818977087268,0.2845140687011727,16.158890696716053,18.63677759881626
SUB00300,4,9.914222186545778,157.69918631798862,15.943067870125558,1.6591855646202145,0.28668309943037484,2.0,0.6887643312180267,1.0,0.4595934735725059,0.4795788457637395,38.9882594177512,8.516888653859988
SUB00300,5,9.355176363032967,52.83348967643623,37.70767428687567,0.5090889423262208,0.9736447515380473,1.0,0.6109368236195905,1.0,0.4609456309189619,0.39673897821902815,51.766746154916746,19.316171762157943
SUB00300,6,5.700275548544232,64.18138145955609,23.10591714053698,0.24701043817803692,0.6083914305705208,1.0,0.625103132765821,1.0,0.2072940393719202,0.4921308384118662,27.67833127671076,21.29091613551192
SUB00300,7,2.5119273732953316,152.569703602446,26.024579130356738,0.9780067077791406,0.4817500606487637,1.0,0.9179090303465136,1.0,0.3390148333037426,0.26082798785731826,13.737644618615597,16.051134902539673
SUB00300,8,7.869949198657816,98.42202658243443,36.96096183266162,1.5739771047486475,0.5479098140797856,1.0,0.6420149905611376,1.0,0.26292604863628355,0.531346386556576,50.84157448557557,26.99018148967318
SUB00300,9,6.986579298510275,117.97160590150766,37.13653496917928,0.0,0.6824919930900814,2.0,0.9317200590920146,1.0,0.2372011459100173,0.5489060612018342,34.15861167860603,24.645118746073734
SUB00300,10,0.0,57.64077236612379,41.462960975639454,0.9410641777289491,0.02474447358917542,2.0,0.5463999223737925,1.0,0.4293729575846633,0.3370881135603149,1.0,15.90610861705127
SUB00300,11,2.0606767731590914,119.7695384914834,43.64040662554059,0.005257686835585251,0.2926527630315071,2.0,0.8662557628522958,1.0,0.21844413813661878,0.5210125682467602,8.48545918968241,25.10786476800953
SUB00300,12,0.0,135.90196405860667,15.370324362907047,1.2268564962795905,0.2413654801732591,1.0,0.6775053797834589,1.0,0.34107599682091927,0.5479268927799482,1.0,22.930611235119535
SUB00301,1,118.73736426634898,322.08032728687266,32.80245057525663,3.9613715873792366,3.8777589491086317,2.0,1.3252042170256386,4.943301313719834,0.6387262478688319,0.5280858691393064,723.0674551402054,14.575971062092862
SUB00301,2,137.74331567567182,315.6327233222997,45.53697271030859,5.906579341726455,2.8429684028391122,2.0,1.8356458143794798,4.4855330797427335,0.4038058698728494,0.30174782047462856,592.4728778158374,15.24154193085994
SUB00301,3,133.4935021247332,404.4559740815671,54.38062784394688,4.652539095081866,2.269591221119539,2.0,1.2429115251761935,4.234077117570621,0.439879371234809,0.35295004874944735,921.2074993331817,16.974316598046627
SUB00301,4,112.88007037416006,316.20494253739395,33.382412181174445,6.263492006830809,2.0019530850768925,1.0,1.0,4.717334809977437,0.6266519105124412,0.3096199949476002,413.002438366962,22.24565307469555
SUB00301,5,131.07525549841907,445.11847395123755,50.88390647155221,4.111636381299072,3.8790140067296766,2.0,1.2563758529182465,4.084704556906174,0.47398505197644036,0.5546044085748147,796.8776874247457,23.240369031563215
SUB00301,6,131.0433566297715,416.1832273299429,32.03257179607539,4.086140021074333,2.4302417940288983,1.0,1.0,4.678117382303149,0.3030597035163076,0.4118187467756259,868.2437211096052,16.877699719640397
SUB00301,7,120.52951798193325,396.652870702751,33.124374025713465,7.288415738875227,2.606486207780309,1.0,1.0,4.199054364832016,0.49579639092005146,0.5810070295524297,371.84012566102075,12.5181025995526
SUB00301,8,116.75346408052401,507.0200976166504,45.906898472088464,4.875253613552821,2.344394142350568,1.0,1.0,4.040908960818455,0.48062799575511406,0.3952355267029904,237.87916361216244,14.106737491854286
SUB00301,9,121.04022482075023,390.4362059571216,54.22045178484165,5.071237542535605,3.945781080265012,1.0,1.0,4.487869629421837,0.6216096474063229,0.4094716798278458,564.5144907404527,17.962328851596123
SUB00301,10,129.46525278381452,431.0911333217994,33.86557097477625,7.04886619545357,3.9137589283056564,1.0,1.0,4.671504733543557,0.2769355427576246,0.3490222598620503,870.3055539395001,15.221974572326474
SUB00301,11,134.1962949437229,443.6286255051562,52.12055635356598,4.703557574306372,2.0507559973634235,2.0,1.9789498654492816,4.120777560888346,0.5714435432769676,0.3581588141790889,468.0202780505072,12.100706027910793
SUB00301,12,137.9546144945632,445.2279933622966,39.995775307086255,4.657045165305539,3.534648840798022,2.0,1.6493056096771008,4.4282722182749295,0.27905922702461444,0.3555281474225922,338.3627010161304,20.585185496332688
SUB00302,1,0.422415481079737,74.9095745393849,23.879442188050383,0.0,0.33154536978094595,1.0,1.0,1.0,0.2790086788061839,0.3672424677329108,2.6752618913378625,9.806130996085294
SUB00302,2,1.0145368674959787,35.94053734960979,12.475600688620553,0.0,0.1599689491998153,1.0,1.0,1.0,0.43114435836728326,0.42226159595014323,5.27667401770604,19.408864558908093
SUB00302,3,3.64236635669842,67.4663252915952,10.18225014341021,0.4001664923592062,0.013348726503007224,1.0,1.0,1.0,0.5268865586146046,0.34757980322058313,25.212042983700673,18.294688855321716
SUB00302,4,3.822721597890899,85.88646546498543,24.10394852505362,0.03168255686590499,0.42863859543743493,1.0,1.0,1.0,0.28461060319338954,0.5538852144352128,8.195196405879525,25.371756295961788
SUB00302,5,1.7507483160274888,45.78188080928048,21.76431118535653,0.06909799672306338,0.49156450385407374,1.0,1.0,1.0,0.5424182825495399,0.5288946272266766,10.636964408538272,27.778169058262847
SUB00302,6,1.5592012149497831,79.16113841853408,7.884238188368842,0.0,0.008003762532224512,1.0,1.0,1.0,0.5081353681150047,0.3487652478491776,11.521636509466694,18.674413267651662
SUB00302,7,4.54946776551478,55.3858004845829,22.832896620693816,0.0,0.46757631595948446,1.0,1.0,1.0,0.49392140177304455,0.3966901232674091,31.14884068223475,16.055421704694723
SUB00302,8,3.3705073646185637,86.33299084926543,23.7089031277091,0.0,0.048416980771427476,1.0,1.0,1.0,0.4921423925362137,0.3154522894767412,24.77037893359451,19.796143585466247
SUB00302,9,5.240583048688423,102.16723163894645,23.234859127687432,0.0,0.4204967668691252,1.0,1.0,1.0,0.32541495497533096,0.4452479919807301,25.858063025710297,17.094441928684237
SUB00302,10,4.608444420408599,57.66230422128982,18.765766346686153,0.06593503394603539,0.4564704638874928,1.0,1.0,1.0,0.426124671092857,0.4403501295559661,36.24525353356097,9.209905227624802
SUB00302,11,4.1567353247657,25.13814540462838,6.8803730968432975,0.0,0.3633869767714119,1.0,1.0,1.0,0.3882798445422845,0.4496299322490457,18.44066152108058,20.783634025906863
SUB00302,12,5.9867374254086405,57.08212763073615,16.846694619159642,0.0,0.4914675640129742,1.0,1.0,1.0,0.3852200532007931,0.5665890074849822,15.794212433156854,9.093383770284863
SUB00303,1,118.50122320998817,302.7434089662068,19.697910406260082,1.4978013873516638,0.5352319662675202,1.0,1.0,3.8968044412734573,0.6450963411937901,0.31082813738782245,329.1969386035579,11.287468979776452
SUB00303,2,112.79038103739525,284.0684982294681,43.77162871828729,1.0569678300639755,0.7499879868302493,1.0,1.0,3.052550810908885,0.4950468161662571,0.35109899036683756,598.2199600178868,21.028272404083204
SUB00303,3,110.26247452091819,297.68216905914454,18.879732037942482,0.338201219042915,0.5298353884450311,2.0,1.4567216901837488,3.183634608328396,0.6394975268862058,0.5383369776670457,223.9923221558367,20.140269171959332
SUB00303,4,125.74856041116641,229.21125127912214,33.48993652487897,1.3684489401576276,0.699685122354856,2.0,1.7219764755781397,3.946131459758223,0.598233517299049,0.25857469057707744,917.4329540606557,10.945758545732264
SUB00303,5,125.63534832645526,182.63340882902233,23.336414778076552,0.11257870202368148,1.3355216699795394,1.0,1.0,3.5744529788919417,0.529353389728509,0.35541361615607403,594.9851925308288,23.458664181277403
SUB00303,6,101.6855174517231,304.90775871239435,16.778044966405936,0.0,0.7762931240982331,2.0,1.9233073393266193,3.9001118433824895,0.406481422127948,0.26297147640788393,574.0318327156706,20.55460260610793
SUB00303,7,117.38566109708565,156.42362496550933,38.367706341414625,0.4941626103206528,1.3717941789503412,2.0,1.6218172870987404,3.614977869253664,0.4623033931782331,0.31412090269569554,747.0355337348667,18.41479771171236
SUB00303,8,115.6754538454526,226.54142162612055,22.445122504206992,0.9320706394725984,0.8877555526504706,2.0,1.2883319686623738,3.892724755324278,0.3806813807516648,0.5349194536408148,514.9267624831768,25.59416254834274
SUB00303,9,114.28261545917363,149.86624240144127,31.889487631002446,0.5569873130451014,1.035821565214196,2.0,1.473284289657704,3.5359298819924567,0.5713949324945367,0.36967536866280143,832.4804417449683,10.216162469629355
SUB00303,10,118.00583250607731,308.5879458455344,35.354249776633985,0.8955307596480986,1.3754448139587296,1.0,1.0,3.9569139179410326,0.43774840530360093,0.4919326372783181,464.6985350495591,13.126187084969686
SUB00303,11,110.06856536132463,268.78478963245107,23.61321786977729,0.0,1.158029590565843,2.0,1.2170226407012938,3.6419500630393706,0.5424020686846144,0.5332190879862417,671.8991639192344,26.215681927928237
SUB00303,12,105.87749464307043,244.87987395620632,31.480521555416765,0.5138816808208234,0.21373720689208675,2.0,1.3233155355303174,3.116917890998042,0.4740001378119304,0.3572939822115915,316.67953718991487,8.437848028528403
SUB00304,1,33.47583094210923,244.98780935985454,40.64575638405321,11.22378007311926,7.867838911549335,2.0,1.6347643130806078,2.7693457051586057,0.2874806283935648,0.3258550933300557,157.2973533490016,16.334295781295463
SUB00304,2,49.07120922770128,239.4058444036768,49.66706888180234,13.394835503689947,6.444487395045202,2.0,1.7924788621305683,2.446475103961112,0.508912191304044,0.4234604224401687,364.16834143928673,26.480161672508384
SUB00304,3,40.22493127273552,198.14900947298398,54.5102545045181,10.445700642588482,5.922619966399436,1.0,1.0,2.710632977721044,0.45060034884962086,0.5240695531262958,281.1610069162785,11.406706016094454
SUB00304,4,46.8412746055314,300.98717457362716,59.84037027781363,13.231399377176782,6.6383952347962385,1.0,1.0,2.6772076129492763,0.3391965179993333,0.2668382300697057,252.71430968014286,10.061536088412517
SUB00304,5,35.01186231555364,230.45608511924547,54.789826655650685,11.460320437975916,5.298537926736186,2.0,1.6263044502985675,2.7514553424248467,0.25204343410784474,0.38314381640609196,131.75137365933958,24.034624899640374
SUB00304,6,44.954637742343834,216.26832414544708,50.473849133440936,15.50819464172364,6.829833658371376,1.0,1.0,2.6721057356385094,0.17962324393952617,0.5767331165372657,272.9839315710218,11.100989034321488
SUB00304,7,34.82314960881648,308.6144627192761,63.95919259572459,10.640123638547312,5.731546518754982,1.0,1.0,2.9342040401303704,0.3853229225788585,0.3395287361319416,145.4878332099064,20.091400204289613
SUB00304,8,37.018390821175075,386.6102986464249,57.94789913434622,11.864270622435912,7.809696759546872,2.0,1.3877447658105124,2.668248898950978,0.16360576208155878,0.29824396610690984,82.03214515870621,13.313949908061641
SUB00304,9,34.61223804239615,212.5045198705019,30.33005969171457,13.001263310497963,6.289197541300625,2.0,1.3672446253614097,2.283031875757992,0.45341384246502614,0.49428868508270296,147.7465442553976,26.107123122507545
SUB00304,10,31.515134170324355,385.8668939842497,33.80824626778228,12.219904507595562,7.973653476009287,2.0,1.207019429618702,2.3437458512719602,0.2743806137199303,0.5351152617143304,250.19484444072174,14.07723834291107
SUB00304,11,22.574295720549674,278.674461886268,42.29196557185356,13.12553282802163,7.448631075255944,2.0,1.738118897978278,2.389415746207936,0.5184850169053614,0.4809151417607779,113.37708627194377,13.68156023818144
SUB00304,12,36.93750301951961,299.5024759583159,43.618894049895275,13.925089426748789,6.883799705574927,2.0,1.8052250016550375,2.3817187656264935,0.32807960225226807,0.5598667167898539,161.69630836094822,17.503264824900498
SUB00305,1,6.717880012703453,1611.4891734123914,57.390785362608284,1.9295449253670844,1.0657121478551044,1.0,1.0,1.57544139855132,0.4691921901808246,0.41303462635530885,27.019359161379874,18.487399088415494
SUB00305,2,5.3897777910327935,1645.9665805216823,66.42285041128716,0.7370310562452966,0.5286981713608894,1.0,1.0,1.1564720957928474,0.248176189387532,0.375920785178269,19.61241993766082,11.489667129921546
SUB00305,3,7.07879717940656,1569.4650563749517,46.53833641787779,0.7682132490685252,0.14377352584451014,1.0,1.0,1.397690490314086,0.37756867678346967,0.2948462533407801,51.59258675766355,14.607817786809477
SUB00305,4,3.211850259003924,1785.562338718928,44.84064025893008,0.4719722526927749,1.2680658850510622,1.0,1.0,1.0472505707446385,0.1997097298965449,0.2982324161674061,14.848858666640458,8.253330704582647
SUB00305,5,6.379585650180278,1427.649435895331,53.24456605550469,0.08404008919487987,0.7005727491021675,1.0,1.0,1.334284994937347,0.36848065801413177,0.5547423819397048,26.473857924148263,18.700186400920835
SUB00305,6,7.1678779651698115,1279.7572694519504,60.18346741276786,2.199694769362501,1.1527391275838874,1.0,1.0,1.441441008447944,0.2778353381171087,0.5929721467274717,17.966089976441147,18.116046403932902
SUB00305,7,2.672945457526117,1577.159972771971,66.93176220219449,1.5955234413663422,0.13731110232147253,1.0,1.0,1.1462442232201089,0.39585919362666566,0.5681251227364374,5.753194598101963,13.057652097078073
SUB00305,8,1.904132427352025,1658.0152616935839,58.472897749649476,2.5952536489914806,1.1760605110659117,1.0,1.0,1.0438122689801346,0.5445354942865945,0.3754630496572061,11.444087126060072,8.585058495128433
SUB00305,9,4.405973128423341,1567.2630878094817,44.31574521047311,2.2177915021747494,1.1654757306109886,1.0,1.0,1.8511432721214396,0.3843831946879629,0.4841766901159532,14.269611373473202,19.116313811096127
SUB00305,10,4.918478674134178,1388.9264156847928,78.51667864772199,2.7502313570174772,1.2483968270449002,1.0,1.0,1.509480090344589,0.2327050569239205,0.5496872854719184,37.519758800990246,18.613438268964195
SUB00305,11,1.778639978006895,1273.8717790697488,74.43245309662404,0.7250725971683627,0.014719028329839512,1.0,1.0,1.3587137292770635,0.505765926807023,0.56229394571897,13.24964743189056,18.035082941872197
SUB00305,12,5.004957217694043,1307.7324286465212,44.16060577320838,0.02133051678647123,0.6816293858714668,1.0,1.0,1.4217908389547254,0.3557535928840686,0.535676008513304,34.4754650418082,14.531555878137713
SUB00306,1,58.559735229896695,656.9045074513465,100.18451972374308,2.3327541305402666,1.5566912230171133,4.0,3.446772613171435,3.163828258910526,0.27901118993087737,0.5125904533167713,344.98038137983,20.72179344013753
SUB00306,2,76.84079171222726,671.9993214777014,93.9409694341824,4.119452813859304,1.572110614503623,3.0,2.876895520045026,3.1817681875668176,0.5335106488481546,0.5315729738369647,226.78511168969933,17.62425546679686
SUB00306,3,61.59495398001768,490.25597233000275,63.81894314570354,4.614243142230572,3.0417899750989745,3.0,3.0,3.9356646709382828,0.5954242044896602,0.3988706855616089,281.6372304032291,27.04978831887511
SUB00306,4,77.19486908577174,622.2644566556286,81.68872371675988,3.659288143340115,2.1480905003387725,5.0,2.526417002511116,3.039598240548722,0.5732201436180904,0.3074542843238911,601.997184920094,9.203341380831219
SUB00306,5,74.59853768902163,675.0057292044561,73.56724005305226,3.998273924625059,1.8415555107782868,3.0,3.0,3.361453967525488,0.5081197907077404,0.5825104401406684,466.5059228289534,8.358625087671463
SUB00306,6,56.90185984234566,620.9474594054957,86.58732813036771,5.366400160018294,1.7777548638607858,4.0,3.1815887518773485,3.163768647881313,0.2702774431191981,0.5851986948753343,381.6934395904101,25.704368816007232
SUB00306,7,76.15642630590726,731.4400699387118,75.42766809973853,2.634806151749453,1.9387577965403022,3.0,3.0,3.3853772712206425,0.41774427375144263,0.34432389934743823,282.9905100324134,17.548625688931146
SUB00306,8,53.48258765728711,494.8418666421306,83.9428947983361,4.150082287368016,2.978026591788593,4.0,2.805592758677757,3.1498148426419994,0.5055232951038385,0.481303253835086,392.33192697756454,13.68278679434149
SUB00306,9,53.98897794037558,824.1261617198238,81.20395664534563,4.433569304224809,2.4555032997084982,4.0,3.2414463383212624,3.628537353565963,0.33255791081510344,0.3140030320782121,388.69035543207485,12.817283612090444
SUB00306,10,61.85283589567035,467.5678502189732,96.9531553629956,2.888415343139467,2.099849020702406,5.0,2.669221190563379,3.853787738106051,0.6199662430166121,0.31128163304546486,338.3221624062214,16.664026166310993
SUB00306,11,64.03284819558709,487.09479846077375,79.0580015172555,4.60215734379325,2.790285353666988,4.0,3.0698211146920045,3.31062584144339,0.41778004561652393,0.3331026248283116,364.603307967889,18.71812633134233
SUB00306,12,56.67785233179088,539.8601563969028,112.1010820742128,4.247231045840557,3.224440704890311,3.0,3.0,3.081321528880939,0.39509917561867036,0.49590661464546376,279.42050808545486,13.169386599790595
SUB00307,1,8.17069810426736,108.00729067803138,18.218256148916492,1.9753988551007948,0.8422765334053641,2.0,0.5844051028692256,1.0,0.3734052630110366,0.3490131855985854,31.77582818450517,13.394914110004123
SUB00307,2,10.654170793084948,100.05592720861182,21.399663566859886,0.9828018986028573,0.6252500194245676,2.0,0.8657235191009423,1.0,0.47436406885132454,0.25277353381632495,73.862220652527,8.599873001328909
SUB00307,3,0.7145480517176672,133.76243514272443,39.42128607846884,1.1197623108697132,0.17038008638053181,2.0,0.6024813608760315,1.0,0.2346699044825907,0.31358217361220636,5.642941440158496,9.531381450426911
SUB00307,4,2.3294452909365138,120.92999692285139,37.049040519412756,1.3435941749980844,0.2655433501658947,1.0,0.6241600404439942,1.0,0.24241153767850526,0.5148105143589925,16.674951430428482,13.70524556697396
SUB00307,5,1.7189196649486598,114.71323487877436,26.418394362439763,1.2422278103917392,0.8438075818077072,1.0,0.8186582208827641,1.0,0.3848300601359212,0.37657886033694243,3.4924149023251347,17.901768295755126
SUB00307,6,5.166321085916873,139.0095244116711,16.06656908317459,1.7854948937904551,0.32554406854842843,1.0,0.8519277660319577,1.0,0.3150691912673952,0.45175877628855154,25.099721012866045,15.278700633888048
SUB00307,7,1.118375701712532,84.34131438026517,26.998004671530865,1.9374028632794036,0.1864644743857531,2.0,0.7674486828962856,1.0,0.4895358697437614,0.38101087791289845,7.478847196709695,12.496146713429725
SUB00307,8,9.973655407201962,151.0029264706801,34.70173735550348,1.5422229727878243,0.9804333463259826,1.0,0.6075834107405482,1.0,0.1886758506445969,0.36740118464187926,37.47836504640664,20.87351389879663
SUB00307,9,8.497810779769875,151.81197735139355,33.97913360420723,2.1623295050708022,0.3721737391504373,2.0,0.5424299705594227,1.0,0.28399409651005153,0.25970759500957197,26.125766166106366,15.386798046058365
SUB00307,10,1.899838725317867,90.08877023949005,18.851324313407424,2.1768853063362954,0.7234834699450241,1.0,0.7882133389632173,1.0,0.5270786663153259,0.2525796768059331,6.324663662652794,9.659836756899205
SUB00307,11,9.03254977952751,92.34020221183279,41.43752772338108,1.91873593510126,0.9594919971838963,2.0,0.9855401828451842,1.0,0.3358055708574943,0.4728893252606925,56.874871145111854,27.249828084440782
SUB00307,12,8.231918215603558,96.22518463498298,18.568895731706665,1.9859175912652238,0.3582636668414342,1.0,0.8524989186695869,1.0,0.5174386780152411,0.43215600995156517,31.894808522916478,18.739044819879556
SUB00308,1,125.18020699783936,465.1792637392432,35.34632338872491,6.145416605525282,3.218554674202207,1.0,1.0,4.577639948077713,0.5064420326879829,0.5901752748828137,917.9382798454925,12.180498636186439
SUB00308,2,125.60162313224538,371.27541583315883,46.03128824530017,4.731918766162351,3.6834975125693634,1.0,1.0,4.242185371431776,0.29642482026136463,0.33766119564876507,973.9960952975816,16.353247390680295
SUB00308,3,120.75620126579916,458.34316451342823,32.85335281090519,6.374794547927624,2.549440487060652,1.0,1.0,4.097000081841119,0.5007508939930382,0.5073833707314235,686.9767523150884,15.058255707679141
SUB00308,4,126.11095742709824,516.3032304680711,32.37694195731959,5.906066906152494,3.6021249556840744,2.0,1.1504775715059188,4.816089516609529,0.33340336811636617,0.2530935647090459,874.021533568159,9.876326833517435
SUB00308,5,122.00612713080726,330.9247480819748,32.117242655059876,5.291428030861926,3.4498856826115087,2.0,1.7691179580731675,4.529440281384919,0.6442411116504574,0.46270520690024475,705.8332978871513,8.423411524159325
SUB00308,6,130.7616860335896,475.97987370125117,30.55725633909277,5.123923893571252,2.2558911818344747,2.0,1.3232201892665465,4.509357965015454,0.6114495419856751,0.47153366987537415,601.7845972482936,21.941772085404935
SUB00308,7,115.55706464351908,487.1749042781682,47.48939307318594,5.878336614913898,2.1698549722409575,1.0,1.0,4.804680830213046,0.2551703641569262,0.4153941342920851,402.2782800298906,27.05484178277479
SUB00308,8,113.92743302596755,358.0184075703669,37.884681949789645,7.731008051581645,3.143902783081277,2.0,1.3999153215587963,4.891015467313289,0.33404807664557123,0.39110937602299023,310.30082538887865,26.73196280195287
SUB00308,9,117.61330925225718,334.0982963577293,42.60178071179127,6.856696443833407,3.4053670332448647,1.0,1.0,4.447085139448565,0.3785972732192191,0.4759737638397814,709.9985585948863,26.747890989650276
SUB00308,10,118.7118121140163,441.91393457902865,31.00136621290563,7.68019164551834,2.4504109084913956,2.0,1.1988583483036765,4.133551563235326,0.6297374529491424,0.4750736824682922,912.2017504597698,9.262041111439114
SUB00308,11,109.1095662386197,301.1163865897221,54.03828568687194,5.937454664746645,3.292869225721213,1.0,1.0,4.092036840648543,0.4329406653872766,0.4871582668246014,440.67883789302977,14.242672918451731
SUB00308,12,130.0407884132848,447.93809399880934,49.73961643283875,6.491600044481569,3.5120335674783867,1.0,1.0,4.332985890237686,0.4281739601720088,0.48564845025275194,661.932880626606,27.085389148140482
SUB00309,1,1.0320258077380595,75.9099816387048,13.91154208020999,0.17418009191278067,0.43006310747297344,1.0,1.0,1.0,0.2572093723506008,0.31996334181898317,4.040615752763359,13.93372906115301
SUB00309,2,1.6903471237097678,92.32934686195125,20.219385529813298,0.0,0.2061638005591485,1.0,1.0,1.0,0.4383557926619397,0.35352439794954427,3.4031447255887315,12.33439859600637
SUB00309,3,0.0,48.89379166927351,21.159871596129683,0.21561368005756695,0.4984968800614437,1.0,1.0,1.0,0.20988387163071676,0.34253145598112467,1.0,16.927103869264823
SUB00309,4,3.273222878886114,16.852291469279226,22.551143899220914,0.0,0.2960171626031326,1.0,1.0,1.0,0.17396825510970015,0.4364603761276306,20.950714745851833,27.124796577896575
SUB00309,5,3.2795474704719036,85.27517491741136,8.883841429554955,0.0,0.18294012726197284,1.0,1.0,1.0,0.2405207855673665,0.44823255239262527,16.247363704551102,11.320728879085586
SUB00309,6,2.628295632017007,83.61861095447246,10.021214084479888,0.0,0.2161102842610269,1.0,1.0,1.0,0.29872379044184416,0.5452530479219488,19.5551345122708,11.02532343188393
SUB00309,7,1.567809332044121,53.485352779016964,5.721511532649948,0.0,0.2055257577920841,1.0,1.0,1.0,0.27181706115582116,0.419946889123516,9.091592918088839,20.273546105465478
SUB00309,8,1.5265128960393362,12.94224193248479,16.44888469736508,0.0,0.48181678543400813,1.0,1.0,1.0,0.3275877938716863,0.5851373726015181,5.218962369924394,14.62157182717726
SUB00309,9,2.9464931668338297,72.11369990010047,20.82631502064683,0.0,0.3381298843828856,1.0,1.0,1.0,0.44660299786175306,0.3976680650010396,23.0199922619462,21.535968086780024
SUB00309,10,2.2613602217738045,42.59261666756628,13.38307866356029,0.0,0.455604646682988,1.0,1.0,1.0,0.43397792892777565,0.361093497236997,12.269156229405386,18.535198763411923
SUB00309,11,2.939039679421424,16.702820396423387,17.8160362887614,0.0,0.4548213190133034,1.0,1.0,1.0,0.2733518275548195,0.42648028846169933,10.600096599356538,15.361837653111024
SUB00309,12,1.9589328034671596,0.0,18.746187753321067,0.0,0.2717348017251957,1.0,1.0,1.0,0.41944423718601975,0.5808988118524325,5.235943737827273,16.548782371202716
SUB00310,1,114.12330887714134,296.3016883890328,37.87523388712184,0.5158453660545068,0.6285748862392094,1.0,1.0,3.1065823995205264,0.40020649927945284,0.30937946101435654,233.66004013519165,25.582748626409167
SUB00310,2,117.3675660165145,259.74221030818285,36.16820921371434,0.9131703470069694,0.9969249797864608,1.0,1.0,3.0045503466158774,0.5502891555722509,0.34759093821022413,520.0915434611006,8.155428998416753
SUB00310,3,97.15189712031989,300.4810821489599,40.27023175328868,0.44405079294601535,0.5205658931491948,1.0,1.0,3.2312196206273773,0.610717218061158,0.43801010934188667,253.79046798418707,18.719900067631922
SUB00310,4,111.99939928091206,272.5065123602207,35.035253879910854,1.221611574801998,1.388308953708223,2.0,1.5951527230666966,3.773771297655988,0.28347197966955423,0.407560823587241,244.07861017453496,12.524373613122224
SUB00310,5,116.60900356978235,223.76986400194207,30.74578000655812,1.8814307387168738,0.9538859009966084,2.0,1.6911712377191555,3.8611329259377247,0.46933870762305996,0.5557690156019951,505.15676564447773,23.187486682157672
SUB00310,6,116.00165510862328,232.55403695009983,35.16893263158398,1.6366758606986516,1.3547837846861763,2.0,1.255348847025616,3.98882456410393,0.34665939268523466,0.5395646220340564,602.3584427034921,15.697929580852207
SUB00310,7,121.09214985402116,192.33641905689095,38.3511831434756,2.3006107303574126,0.055326084707071566,2.0,1.7631459423841025,3.8732124356150806,0.5156092581332165,0.4724671390779926,620.4629432671555,19.32529212515749
SUB00310,8,129.07618344807608,265.4725137580288,22.959696168537874,2.3535446704004626,1.4199268968741463,2.0,1.7719142723219568,3.140471514309793,0.6446992919746891,0.5286851032347653,910.6979668345066,23.033317664709003
SUB00310,9,124.90565729405591,131.9058827905572,22.45047660668111,1.4929650867185613,0.9469062504484687,1.0,1.0,3.020205778239661,0.5516754819287065,0.5755007823828456,829.621433823977,10.329761461753442
SUB00310,10,130.0957466831298,239.5157530904364,40.39922621110512,2.9780777321910272,0.3106694214774284,2.0,1.9764297006767393,3.8723262839538304,0.5925890972289924,0.5229624980482064,343.3415121656059,18.294197781541552
SUB00310,11,105.8527517227122,205.6911279969716,35.14921009895562,2.5512404990221826,1.3381165448891061,1.0,1.0,3.056785709890234,0.5663544786050903,0.2665228348594722,610.1908967940643,23.938168779639348
SUB00310,12,115.85191904839135,236.16047050637607,35.80254069010006,3.3448761483343663,0.18923294533542906,2.0,1.6355472239448379,3.983431153361557,0.5746923211055858,0.5233703883825763,482.1839145848976,20.200451354297726
SUB00311,1,41.76566486171649,366.9555241878206,47.414477330258656,14.686804736894533,6.439682111742157,2.0,1.9433047175743745,2.8788551300936165,0.4549862230906284,0.3414920816749065,214.08866192674625,16.333762951262948
SUB00311,2,38.08318878342589,284.4346130525389,42.19979816351457,14.828341053312979,5.050574477113619,2.0,1.1748515779198638,2.1077233490676264,0.2717511368640721,0.5195754674166457,87.60491072613563,12.144278736143702
SUB00311,3,34.222485072416404,234.4251428158359,34.41919756848672,14.71101747370852,6.844691967492576,2.0,1.2584445578441952,2.0004187065227543,0.36020046809426765,0.5912142030210772,239.0499638563248,27.85878744280147
SUB00311,4,37.91246089062362,345.5717308045577,33.95136718829555,11.208596604580647,8.16108054309784,2.0,1.7808043314498736,2.704949856688711,0.3377187883263837,0.2579637293194996,241.42293722775176,13.808500224675537
SUB00311,5,35.1190707789055,229.91647112951253,40.21896681285399,14.923224459950173,7.066136549761089,1.0,1.0,2.347899180571722,0.22049044357290082,0.42583863195518734,196.9256366593394,24.065280958038517
SUB00311,6,38.29151679640223,387.61783037862267,39.83236680501594,10.605228321166733,7.764457893158678,1.0,1.0,2.027482483703068,0.3012337180257616,0.47680449404912884,126.98189486530883,8.07696519398651
SUB00311,7,47.5785111137338,392.95922501540855,53.7123149800052,11.522755756291733,7.986833910694035,2.0,1.269105338290299,2.154937051450926,0.439127505295677,0.34044520336691375,246.3054742128863,21.852175363514924
SUB00311,8,37.87096454980942,192.31224317205468,64.66788853305815,15.970814626305417,6.663809311823901,1.0,1.0,2.5782308723430885,0.4396445086119626,0.25839532674761834,275.36309014930055,18.777721455109493
SUB00311,9,38.301698976138645,262.2943983501609,62.20189520037017,13.25721536117409,5.556724470692111,1.0,1.0,2.4479189973949587,0.24479793118292484,0.38186676765079164,193.85623813903302,23.07302466882303
SUB00311,10,38.161540811636065,294.70630998069043,33.99991305665165,13.335257128091706,7.1331963268399114,2.0,1.0803439161792463,2.328906742096549,0.1692306074000705,0.37462978241266565,206.55609573791824,26.511429771005837
SUB00311,11,37.66532175405555,343.84529425094536,35.98947642667123,14.285069099528,7.036674539048471,1.0,1.0,2.8213239644491717,0.40903640414879416,0.2589790560156781,158.6022822707503,23.337388512610396
SUB00311,12,30.943692284895157,203.15070280999453,32.95763801921518,14.59540998174602,5.405492089189821,2.0,1.3496429687985776,2.1879152353436853,0.22347836224236223,0.5466171888882092,122.91963149264926,9.987772730991395
SUB00312,1,0.6119129209918243,1252.090705666172,74.00003468856873,2.4112163586346282,0.5883409161670312,1.0,1.0,1.807890537026644,0.525570593800174,0.5946878946248363,3.8121107342372884,11.847106512093886
SUB00312,2,7.4610350291276655,1342.0197701819106,60.60967735526124,0.7210611720322508,1.1556876494082622,1.0,1.0,1.287182641239073,0.30914327471649794,0.3242017003816039,46.59605787743013,14.282945849210304
SUB00312,3,5.235137796995769,1289.9209118518763,53.222690549599804,1.5242146485132921,1.3853116796820408,1.0,1.0,1.0496173215662643,0.3183922110642462,0.5304565729759232,35.95974026178205,16.394469846228414
SUB00312,4,1.3896309631474346,1657.3384268222203,50.02504032322408,0.0,0.6680490658839411,1.0,1.0,1.938796633641113,0.2911223825077587,0.4809080996438646,7.751171306749429,11.282752702438723
SUB00312,5,1.6476953037968656,1304.1190517772598,74.33002743618982,2.0574059401786906,0.14770847159947098,1.0,1.0,1.418643260873033,0.43121912225177883,0.5814221303727194,6.823137872542059,19.549652341186096
SUB00312,6,0.0270302400315221,1359.5426027038523,53.03234664551378,0.0,0.9290650512861918,1.0,1.0,1.4108617931571066,0.45251532939232475,0.35844914962465846,1.0,24.71821080058479
SUB00312,7,5.818922626448362,1689.1626181884967,47.45951796782724,1.907039300504896,0.09424276695274497,1.0,1.0,1.7799002880214334,0.23036003050686196,0.32737532387771107,22.77595509163184,8.359830112715418
SUB00312,8,0.0,1551.9302277319744,68.61657619623443,0.10092034890160168,1.454033874773637,1.0,1.0,1.8196878748020384,0.39320196011001235,0.5971004825206447,1.0,23.90972813238429
SUB00312,9,0.6106001090176534,1346.114327359186,56.42702436118758,0.26500295466322,0.32130465784589973,1.0,1.0,1.6762260471294488,0.26354890565855843,0.5852592684767435,3.937842726502188,26.02353863064049
SUB00312,10,0.0,1722.71325968257,66.00855729045631,2.524275096303853,0.060845366636410325,1.0,1.0,1.9259976593839514,0.1564337579706904,0.3609674613088086,1.0,22.25955497826613
SUB00312,11,0.0,1752.794501664766,44.327065610782896,0.0,0.20186613396965952,1.0,1.0,1.1917621841142818,0.48326934807621014,0.4601043777890705,1.0,21.666831629893615
SUB00312,12,2.131142905412627,1286.3813931571212,60.86423151101554,0.18031591432772465,0.37847875033580985,1.0,1.0,1.2748104062921606,0.33226314952430913,0.3370772894062909,14.779401231710063,23.904867078902832
SUB00313,1,68.10651797547835,774.3819381295414,101.98413351662855,2.5430480186570836,1.812159873080939,4.0,2.833601780007191,3.2826159336553355,0.3495583938001744,0.2676660203553748,275.23792477801027,9.889104218270404
SUB00313,2,66.59546135878766,561.4944409338987,82.86570400940526,3.1782942039378033,1.6166971470932536,5.0,3.4285355970722473,3.9679044846877907,0.5948249723186709,0.5334470512208349,227.7791844895507,11.602974045899849
SUB00313,3,69.73882631095411,683.8153559099842,77.16475954275845,3.9780155498228984,2.1972317405322768,5.0,3.331132985937626,3.146207813098387,0.5497191486176065,0.29967150497045314,328.3731034678389,17.322326741694702
SUB00313,4,64.4104021446181,630.6021869783241,79.86290517193258,3.761596442961233,3.442169522300296,5.0,3.3522715440311455,3.432097662099487,0.3525392023200864,0.27764526191884953,444.5810861485421,21.96278194478614
SUB00313,5,77.83713867349503,472.59072297391145,79.89156626594934,3.691321291773067,2.632469943627177,5.0,2.996205220278485,3.2351666361624556,0.4544498551934879,0.353258442570327,257.0844217633394,26.806279630370273
SUB00313,6,61.20498139726082,639.7383505209723,103.12608327349926,4.336533064043068,1.5509575771755537,3.0,3.0,3.399659616627587,0.3348182805310547,0.3734699646257272,360.9038085406476,25.062885053979528
SUB00313,7,59.627009828525026,464.88196591056106,61.19460317795456,2.9226765134129997,1.8978547687285994,3.0,3.0,3.196655268486013,0.5027837322741893,0.29104083041288326,189.90284171997607,24.600096519184405
SUB00313,8,82.44316512470206,636.8990352490789,105.6518427506529,3.9822444410344473,3.0671808779001966,3.0,3.0,3.2830086283734405,0.5852829158612002,0.40463973525553565,438.2908080636441,20.648532746257974
SUB00313,9,72.47210670034104,593.6041618459691,109.33674873409399,2.585912753450178,3.439623682256212,3.0,2.525922410365598,3.617343068728173,0.3161664152699397,0.579209642870935,430.71912020243406,25.181366485809086
SUB00313,10,84.85528581130214,488.25829643101935,64.2161201180469,4.719487872782556,1.9259134593473348,3.0,3.0,3.497626300665457,0.5315479515934924,0.2958701259615967,376.97773598686075,22.34597068949686
SUB00313,11,56.90864469396251,634.5735415080883,117.72924071068304,4.890229620537986,2.56118304228093,3.0,2.834306946173957,3.2421649703777415,0.42659549586692114,0.3664073174138612,391.83896177525776,13.503891219148747
SUB00313,12,68.71563518730761,634.9022767804477,97.60096901234266,4.956227916139617,2.630967260574777,5.0,3.1501962059951385,3.8715381143451957,0.5861035547254756,0.5605294162814771,303.4504501492099,24.226257957071084
SUB00314,1,8.06446844216639,144.26356674545264,36.06403481644942,1.233043859180557,0.11356291529511497,2.0,0.9466206474738921,1.0,0.4032980759683644,0.29354537384545726,47.82751937716734,22.602962162439127
SUB00314,2,3.6740875561233937,148.1902534485066,32.448598310797195,2.0283587542899952,0.18243856830661598,1.0,0.5354801667878799,1.0,0.18229586103556975,0.3170635437708691,19.422197988173803,24.30768017932929
SUB00314,3,5.860928281595592,111.89445294816372,20.650625917163982,0.9992329474910782,0.893560779361423,2.0,0.7674334748520022,1.0,0.48384862705131715,0.47997646562342056,19.949125915910116,23.221199485508613
SUB00314,4,11.849135766224027,68.33357697361888,37.56578474848875,1.9394821382885274,0.10646686223805035,2.0,0.9158021386033619,1.0,0.4792096769670243,0.29056489107705274,26.50193922658878,14.19224853084601
SUB00314,5,3.5373656479359377,73.27733395078188,42.62860841054497,1.5341775952753696,0.16744381509576323,1.0,0.9349973860199967,1.0,0.4615978971983118,0.3852115197923246,21.44156348701176,25.625439715567325
SUB00314,6,2.688577093597183,120.61390387596084,28.944340385996586,0.7192354570329899,0.042209270205146976,2.0,0.8995411312461775,1.0,0.2555328000989051,0.4020959929552683,11.09011212633025,10.833626906261351
SUB00314,7,7.227575639709788,146.45552349843902,18.50877842146247,1.3820355776799587,0.18567294569308768,2.0,0.7913502374480723,1.0,0.16917845900397355,0.5362823968705301,26.833103382199447,14.093212382120882
SUB00314,8,4.542933699285027,138.4041107879308,28.789651926445146,1.672035356627727,0.04041224517481612,1.0,0.7507749603036593,1.0,0.418103661839884,0.278628787503704,21.20564984423507,24.39731611589663
SUB00314,9,0.9430600696526374,91.88483573573187,34.398238554759615,0.7019725992197048,0.5260380563705246,1.0,0.8569781948786983,1.0,0.2112791734394527,0.41350696530719855,7.328050323495722,25.047189843157234
SUB00314,10,1.6473387619043862,52.43765359606084,33.51962383660278,1.4486016566745452,0.10038487726762535,2.0,0.7422681669365847,1.0,0.5159154020713046,0.5759204336458068,12.622577011798198,24.695899009450326
SUB00314,11,2.474182879957922,69.12722676611789,42.248830588977086,1.372843942671948,0.7722458475984489,2.0,0.9570865311212845,1.0,0.40127256774310216,0.2614192611880595,14.299012079584958,16.256900699787565
SUB00314,12,6.859739520488895,94.22421555917957,42.94039662925313,1.1121371520592616,0.7432198621136028,1.0,0.8876764671459539,1.0,0.48876010920573454,0.5962627684657132,28.674901526316656,14.971432054691228
SUB00315,1,117.98359044527979,378.25003225950314,30.172144839277436,5.9242668805595695,2.5720881447760653,1.0,1.0,4.083272970876798,0.4147461314485408,0.30565452578330565,628.3405802274931,19.567996200301252
SUB00315,2,116.0444644541105,371.95853327541397,54.47788656338575,6.261165688017909,3.0483115213847416,1.0,1.0,4.56774457731356,0.6184165361999104,0.445845816846444,815.2997055856813,25.716489310407198
SUB00315,3,132.05259927979952,501.4435234828285,46.84234108301203,4.63782163461946,3.301550847177828,1.0,1.0,4.289083302461185,0.5465699178936171,0.5924577754534043,494.26143492678995,13.486283947240668
SUB00315,4,134.82339670629875,365.841885367185,50.02001877797463,4.29737791298878,3.687195124847003,2.0,1.403158811605481,4.66719002717844,0.4027248999947819,0.4047365693848556,812.6116025685315,16.29358446700139
SUB00315,5,120.41059465108657,347.3097833265146,50.67389387978562,5.453450527399497,3.9949593512603485,1.0,1.0,4.956245863531172,0.316328591606606,0.5303389489782526,593.163108579389,20.887967110356527
SUB00315,6,124.38079497536,548.9777090083587,35.778398592994904,7.144057315202702,2.2156310098432987,2.0,1.3571388181967623,4.878404109428356,0.515521086378505,0.29434047509173966,648.2365769599132,20.45574792370941
SUB00315,7,131.1772207955511,364.58216813002724,36.489885167545026,7.834337692425347,3.0360367505882353,2.0,1.4893772240381058,4.883980177575303,0.5799818008557288,0.31652282063536286,308.40918472972277,26.333841807016103
SUB00315,8,121.97287832105377,477.2038591290635,42.08274760933263,6.780305904452588,3.4186350215978236,2.0,1.2414339427418408,4.8029318697370496,0.461900708533737,0.2712649076022562,716.237307910515,20.546273550623606
SUB00315,9,134.4312590487613,313.15113701867995,37.87128112316159,6.693953142982496,2.7108842044879777,2.0,1.8716969990745547,4.946620406842716,0.6464033052338871,0.29085916863161765,420.4263387269751,12.112131076579859
SUB00315,10,132.62362813140788,474.11757769916653,44.382459160040696,4.265480641635309,3.419631470068783,2.0,1.5056891220047226,4.045205032950731,0.6093326494472977,0.5668865834393277,744.3692173833618,17.525881076912494
SUB00315,11,115.7992571865717,506.9323276628114,32.70161271215593,7.330098147822238,2.564831947673568,2.0,1.1148763517619305,4.812616082774701,0.44933593312454256,0.48425886492905773,357.16714525490346,12.359194376397609
SUB00315,12,119.8486730985645,471.9627133997123,49.54826426724691,5.762655846039474,2.3260535100216586,2.0,1.0135056879495195,4.170810577600907,0.3851525789645016,0.5229757658779726,262.4961522516071,22.806096332274308
SUB00316,1,1.0873090149930817,23.159772458152894,20.442635242478758,0.31012799044454115,0.1048875205397134,1.0,1.0,1.0,0.36680846074522566,0.5579557227067907,6.731584167864527,20.26565076195454
SUB00316,2,0.23769322287342765,28.950154284961798,10.402225973858076,0.13096583419360774,0.002247933944384106,1.0,1.0,1.0,0.17851224386745188,0.5325994300613399,1.5498238224286283,13.632117846572251
SUB00316,3,0.9902334045977077,34.860704411783956,5.97977402296978,0.16108314396697418,0.23129946751641872,1.0,1.0,1.0,0.4766530823385495,0.5357245473705912,6.157649273820567,27.672065187541435
SUB00316,4,0.5283178719942794,60.678937796390244,9.449597446819052,0.0,0.49888431307486986,1.0,1.0,1.0,0.15963055569295226,0.2509612999647312,2.6499243770085186,10.350695059184751
SUB00316,5,0.0,80.25367076354337,7.423558103538095,0.0,0.31881434953347043,1.0,1.0,1.0,0.33319527963737805,0.26234075371814647,1.0,24.47037714652963
SUB00316,6,0.0,77.88608777850001,10.353369133051466,0.0,0.43362250544559694,1.0,1.0,1.0,0.23519991530595635,0.5104142763621293,1.0,16.363876960632293
SUB00316,7,1.107141333917272,45.326269127825896,10.978252091421616,0.0,0.34848984906467245,1.0,1.0,1.0,0.38149382010494237,0.2874443080031588,2.998592659392292,11.905949858555465
SUB00316,8,0.0,103.78788196225327,17.565758379180373,0.0,0.14659084823123625,1.0,1.0,1.0,0.45464862516796356,0.29491124456160345,1.0,27.81586106104286
SUB00316,9,0.0,34.1392052922973,15.150298858761762,0.0,0.2162315132468648,1.0,1.0,1.0,0.3993070719416013,0.3041160397931037,1.0,16.00382958443905
SUB00316,10,0.0,91.34608001429447,19.508598680176675,0.0,0.05287431164897449,1.0,1.0,1.0,0.42802317908794274,0.3518162150348121,1.0,9.642058759253903
SUB00316,11,0.0,65.55037035448512,11.136054049014259,0.0,0.10188780969094624,1.0,1.0,1.0,0.507135724597865,0.4822666193626858,1.0,15.70804058548821
SUB00316,12,0.0,38.3966115715205,15.182602187262615,0.0,0.05230113967562511,1.0,1.0,1.0,0.4933921934387351,0.40863275337540517,1.0,11.15895149614154
SUB00317,1,104.19537031678148,266.6949052821836,38.763697460146275,0.49994987727071827,0.5260276953961834,1.0,1.0,3.8054746757566957,0.3332968341529573,0.2745681867576919,305.0421781123616,14.151169483367116
SUB00317,2,113.42788099267923,205.29346824640197,30.62911676343859,0.7873283316448885,0.8928116941428187,1.0,1.0,3.8968975873034286,0.519219505787991,0.5300417900948897,573.5615044652977,12.744471961417078
SUB00317,3,96.48757923530965,275.8140491367059,15.774624189328282,0.39705227643980096,0.6033108933089353,1.0,1.0,3.5359967320885968,0.6434910613468406,0.5738215013750148,413.9531768458482,14.681025630132565
SUB00317,4,125.85934363387938,245.08840324099688,36.86611776487718,1.666455430549944,1.0853080388653609,1.0,1.0,3.9406817176000706,0.4167435368774618,0.5994860782741919,548.5902288551362,12.979915747459868
SUB00317,5,100.9365595389247,232.65829369978573,24.73513139185069,1.943108765135609,0.21964802311929998,1.0,1.0,3.2040337930490645,0.38352325061099357,0.5486714673011346,523.5837298717526,14.896698323807247
SUB00317,6,107.51709090137975,221.673795031703,39.02756742504876,0.2726312211677815,0.12257665594870731,2.0,1.676435147102508,3.462274963622365,0.6242273478039884,0.2943224142056049,291.4746749449882,8.205746166858754
SUB00317,7,122.08875014198897,253.51415033886693,16.579732541070896,0.5156129847842036,0.41633294446655505,1.0,1.0,3.1839593623266165,0.5994987710611587,0.5209497771209999,310.5424858063236,10.164754803756082
SUB00317,8,117.29076212097883,247.05857228200105,36.37002073461987,0.0,1.08328816326449,2.0,1.2123620469822893,3.635941290906721,0.27566911548396267,0.34344194732051797,302.4836259004294,24.6141075927955
SUB00317,9,110.16634357235935,149.32705975391139,30.432165334670135,1.6991033971282152,1.4590842551220176,2.0,1.7593539327341219,3.9573180371155643,0.3885170807755338,0.3722735226815202,536.2194429763143,21.902120439321134
SUB00317,10,104.812570456154,203.84153881779037,16.262991252582015,1.9882724778946392,0.1592680555481552,1.0,1.0,3.766606450779327,0.6020851324258361,0.4263012534085965,325.7048302233085,17.449468082937383
SUB00317,11,114.37626176134413,283.41860012618736,40.24242260714222,1.0941202244647033,0.08403094715407128,1.0,1.0,3.9713161664938195,0.27901888758256266,0.5779238598297038,440.17639466281406,27.65406755665049
SUB00317,12,99.66273649660457,285.04041111276223,44.21294935140148,2.0862307567657496,0.00607658484918322,1.0,1.0,3.679691415544141,0.3064028638470654,0.41790824911366,311.41217439358434,25.33898083301465
SUB00318,1,37.57306010546367,207.18510110246766,36.28083510756365,10.543038261986021,5.688100897560272,1.0,1.0,2.759912623944501,0.15825749807273184,0.4309829648683396,266.33521274011156,23.74336610791641
SUB00318,2,44.703338850211786,253.23241272372118,47.87924900178984,14.646564127634026,7.867026018382074,1.0,1.0,2.0037906371912353,0.3302657213346217,0.28978531336806085,285.6205311400972,23.626193171078285
SUB00318,3,48.36617878795859,222.758850060864,61.76772989124446,11.47723480038135,5.533726527162083,2.0,1.3722981304686632,2.7424568302063035,0.3889627806773692,0.45841154809847284,111.43130695904352,12.365165355603155
SUB00318,4,35.803883786377725,212.72986500192806,36.73928436344643,12.921411954780678,8.214132973499847,1.0,1.0,2.8450832881296337,0.151996975967675,0.40307264002838006,108.17883378016487,15.808632744928959
SUB00318,5,37.64807331057809,368.81288271069786,40.48868866404926,13.998506327335221,6.600045213270565,2.0,1.0789861653593755,2.621518828842799,0.3671082131310704,0.3580252561457692,300.053615648317,9.632191282582697
SUB00318,6,47.16587607330941,211.04108900645411,57.36797028856813,11.375577223769305,7.188811193720088,2.0,1.3793260940768444,2.4419060004397104,0.4595765908924361,0.4595702590043307,170.80987654175303,18.95253058703296
SUB00318,7,37.05060038254606,246.85880017102585,35.20912323801268,14.977248692898463,5.34374887667786,2.0,1.6389588361066663,2.745537703324217,0.4160825102063106,0.2545194445222922,212.0800284317165,12.892146347977251
SUB00318,8,46.28808853150445,350.9209615930418,46.55714365649333,10.756198262546722,7.241554860400297,2.0,1.3954778885218784,2.1588742819490268,0.4138571047413875,0.25417200564105963,317.1637217918119,21.50583427911912
SUB00318,9,43.41777299614418,265.01256196807884,52.14122395252275,13.741592220862746,8.767943886244058,1.0,1.0,2.7825353047400534,0.2811727253992219,0.3651984980502671,330.4753554968061,24.659913644621792
SUB00318,10,37.83528030511798,274.8373378431034,37.89847911979227,15.827727132746917,6.7854556672311315,2.0,1.6454858190037858,2.7709662787116947,0.30165761050223383,0.3663488655968468,189.7735826394328,20.694512543620213
SUB00318,11,45.683808557027476,365.5882069065459,30.116884137975127,11.785818653461334,8.613712048890061,2.0,1.483350490225141,2.75332068691889,0.29727680928809497,0.254272080673005,189.742776793053,17.40702041417374
SUB00318,12,34.16145738835005,237.02558685892194,61.885989531596465,10.615038125849367,5.313265261354493,2.0,1.6474631153163632,2.923888869090113,0.2892842061755224,0.5109709720218413,228.3018964407239,20.80752738857339
SUB00319,1,4.661495589806824,1406.6992116018487,44.93672678922796,2.6431161190570935,1.2499414087235965,1.0,1.0,1.6881400029217473,0.3395264784718778,0.5559151843466889,24.343648377461502,8.36256455419574
SUB00319,2,7.12478054124247,1593.628407381388,67.95663436559092,2.2722215611077017,0.5471984985972684,1.0,1.0,1.691799566638417,0.34268333813129825,0.5515879827296601,55.424147670633026,27.59848431268717
SUB00319,3,1.7692649152493363,1363.073233064908,71.2494032747223,0.25079525885235643,1.3938331581882357,1.0,1.0,1.6892309717317793,0.1759211649732154,0.4011448652872931,13.285025916551682,8.235949183589735
SUB00319,4,7.077308953066509,1456.401636522014,69.06635160489104,0.5965015553944463,0.39069153384973143,1.0,1.0,1.1386228477740294,0.26898084875723616,0.5638134518833,49.384988431907786,15.043321384029541
SUB00319,5,10.799545486307666,1291.4679789842178,61.734913467539954,0.19043503157321612,0.6959516864143827,1.0,1.0,1.7396372436183807,0.45253988105138976,0.5212669217116326,71.98484055295117,22.1929064691152
SUB00319,6,7.098801349840461,1808.1653919177813,52.20915995269742,0.09790442433038726,0.49172869298616184,1.0,1.0,1.6678844314746415,0.5383507722617887,0.4328446565930423,56.538899045716974,9.10198255834797
SUB00319,7,7.354564568127705,1573.6642441012668,48.48980347485447,1.3692104841584951,0.15534117089965488,1.0,1.0,1.3521844970669492,0.4727332683940879,0.35171914884963446,55.894234721280725,23.524868313952886
SUB00319,8,8.197745256169155,1599.8117810550411,62.521228079933536,0.30301478616442223,0.1318581073351079,1.0,1.0,1.5557218313767232,0.22372300939194945,0.2795054281968048,18.99268244823945,27.112127444560866
SUB00319,9,8.40088508674359,1480.7684566505066,76.98532593780496,0.0,0.04768973105722196,1.0,1.0,1.024778471275094,0.473925464478574,0.41463833411567563,40.55584441214431,11.72323969536984
SUB00319,10,9.130357347138139,1212.4397347885097,52.81384004927082,0.0,0.1838085283281058,1.0,1.0,1.5616874322674583,0.5218697261035987,0.436280750323662,42.24675280105216,9.902916926469702
SUB00319,11,12.121805075177424,1620.2099087446077,64.60905215295523,0.9431169038764791,0.09652861861524131,1.0,1.0,1.374655620045889,0.18567305898072956,0.5400105135167268,77.59943408143407,25.31141144417731
SUB00319,12,16.829029272283154,1616.6615868342628,71.43259409113995,0.7304950922164987,0.4125522580252463,1.0,1.0,1.2498375516032096,0.4242669808481965,0.37959765465050144,97.17159225579641,21.165159592662164
SUB00320,1,68.42848303312041,478.1765000519623,67.72617815916703,3.4900300720301,3.064840557897389,3.0,2.901510211027955,3.265051208393349,0.6341844274642073,0.35222162284391634,223.7762493117328,16.629289017364457
SUB00320,2,60.1790173354398,472.32733459983916,85.32660838856975,4.186631372650438,1.536268471984139,5.0,2.6325384005564416,3.4777761552475432,0.5831982212936215,0.5737482505695306,209.18536093739468,24.76331061520405
SUB00320,3,73.15767807119231,720.9991718373569,116.6630373590869,1.8619822004296152,2.2784703738688377,3.0,2.623797413362041,3.837047490913908,0.5067278198877344,0.4162125886088815,486.3244787359294,26.303141854319577
SUB00320,4,57.67316571855136,787.0321344550229,76.87435601821005,2.617248383426114,2.570047797016664,3.0,3.0,3.4436640333500033,0.593319252336647,0.3747778805453777,381.2676422130149,17.068320878307233
SUB00320,5,78.0545275755113,589.4452542171019,111.60803132340419,4.1890289460543535,2.3803419753324695,4.0,3.43152055161118,3.7252298620902824,0.48071266923274836,0.45419250316102044,167.04301457309307,17.075029963074194
SUB00320,6,80.10754431912002,655.5789404459797,66.3020678756467,2.772676213078248,2.657159076780257,3.0,2.862698702931107,3.8584393485238095,0.26711234753826335,0.42675648005839345,474.7821127106848,14.384540333780858
SUB00320,7,55.94499089199252,473.6311108981176,60.27492251801814,1.994502848659401,2.0994600999580935,5.0,3.390706765787396,3.92873888853069,0.6215254980472051,0.35757016242819606,179.15116734493972,24.559924380008294
SUB00320,8,75.45512405350594,657.4046996352271,60.89876860637268,3.1165546389552765,3.215870286190748,3.0,2.806958084111854,3.073857926502633,0.36921418526815897,0.3541885039321206,174.98709355114082,25.90490482036201
SUB00320,9,77.98801586497143,716.775318464662,107.23452236402076,3.724163462250443,1.855471871461299,3.0,2.5297179713930076,3.5464031715290005,0.6048534011585912,0.29410657707173293,302.41161433562814,27.735000361206918
SUB00320,10,62.42539458690955,723.7427040076201,73.83958735198212,2.318886821619111,2.5718147397101716,5.0,3.4934867286261593,3.8130239723980144,0.3663631173668336,0.5251594610439699,361.145023157995,17.81902832860174
SUB00320,11,72.60018668877076,729.260080982305,60.823296151872185,3.522564510162713,2.1732856021533786,5.0,2.825564909613719,3.8193154893891244,0.3848237768513625,0.33026374197094066,334.2548063397471,9.797285779391846
SUB00320,12,79.08775354098097,709.1720236897294,84.53474398828232,3.085519093114713,2.9286365615914622,5.0,3.074152430070195,3.0385938043892553,0.5346458829666914,0.48340597399155394,320.73845257041705,16.18473551989855
SUB00321,1,7.855519405498572,160.65622212058148,17.09442367206899,0.9067220043578383,0.10976763879633866,2.0,0.8477391315079399,1.0,0.16819362479094102,0.5470598930408216,55.372777235794665,10.91897294977593
SUB00321,2,3.29320148114317,182.4140169678208,18.769219261196817,0.5105045177975874,0.6311755987004973,1.0,0.8033835098749331,1.0,0.15423726777759786,0.38647127383974533,12.352172075427951,23.03410962642569
SUB00321,3,8.922191097477768,117.68661013766476,31.150753947704306,0.5639876910959435,0.23357099563390993,1.0,0.757442313140481,1.0,0.5401892707535694,0.4546262481589254,20.209430064995914,27.1179593078941
SUB00321,4,3.69737442594138,159.75864299282648,21.977284369232635,1.8510904823730538,0.5166959666346396,2.0,0.6770079077837592,1.0,0.5336233665413196,0.45086773489741505,15.424240013397773,9.603020905105144
SUB00321,5,6.584085935619878,109.52788793662212,20.09772427516007,1.520878124741755,0.5623228094394792,1.0,0.5646985808377158,1.0,0.18122327896730034,0.30589382436364615,15.200792095880132,20.284999321468923
SUB00321,6,11.80776008809744,121.10912392143177,40.50077372561144,0.9403609152497265,0.04324505194151329,2.0,0.8627975284114413,1.0,0.19572187732623392,0.353673740494648,35.7817987497373,9.17879748903309
SUB00321,7,10.44045719854452,83.66595813132857,24.661591489886327,0.9871508830410819,0.9267565234813644,2.0,0.6078113508203289,1.0,0.4530951387517326,0.30376835333067714,51.3820341763487,11.909986670752597
SUB00321,8,2.0527679221413706,91.81227451005238,26.529033982505965,0.4383170819474784,0.2619594805908587,1.0,0.6064729711749436,1.0,0.45469993222606,0.5622827876250485,15.728744271956629,15.295125126560443
SUB00321,9,11.367764974434094,126.32715889290954,20.037477990280053,2.232864564254296,0.20584153813216277,1.0,0.8198352824544122,1.0,0.23801428889168658,0.5182287597201689,75.28811136004083,18.21645967565557
SUB00321,10,9.687300663856412,119.81206343720613,44.74867878061687,1.207289035038048,0.19612787490746486,2.0,0.999611184788235,1.0,0.3422086702251571,0.4830314418117688,60.173177756187634,10.60746582656219
SUB00321,11,3.3080692084300316,100.04495999383302,24.082336099752798,1.7927666664529727,0.8713572316047835,2.0,0.5750033649954376,1.0,0.16527545413325542,0.5501082716065948,16.08299709819686,20.183647106447943
SUB00321,12,5.929021791166984,118.81471743654201,27.19753436002858,1.8580091215608672,0.6474939480367655,1.0,0.9912300729753925,1.0,0.15943630067661116,0.4687496373213007,33.780293445903126,10.466893231796739
SUB00322,1,118.43435873139019,386.098498764139,54.66912193353956,5.971792220502018,2.7689841959617816,2.0,1.4848479515004562,4.536982400748241,0.3715484017141777,0.38593507736538873,376.90875020533196,22.210247232801645
SUB00322,2,118.27252819303206,537.1263321581713,38.426829136570404,4.912425286013917,3.46507571310553,2.0,1.2526715789794132,4.420249783399065,0.46275393000931697,0.5536051091522314,474.5461046712628,19.564638962750156
SUB00322,3,139.06665497403043,476.2974749914409,33.74182774400223,7.034461771704803,2.8573063009871333,2.0,1.2617726900944786,4.896135745927839,0.4840074780127044,0.37930492746604805,988.482427238603,16.846362176606274
SUB00322,4,116.8456268516003,532.609682771194,39.88617716020271,4.966423321488758,2.8643185429106417,1.0,1.0,4.113048354340992,0.6481598615137865,0.32690992867436586,895.9772885880828,24.91422967485713
SUB00322,5,134.8410887565736,313.4672424926216,40.041970460458785,6.251092750970971,2.0625593240451434,2.0,1.028731916205585,4.7557193987602195,0.3480040541303342,0.42053652667662633,910.7318647796337,19.049042873033947
SUB00322,6,137.1508493320607,336.79288421328147,51.60637952297475,5.768601268686778,2.1663712387953336,1.0,1.0,4.268136422835147,0.27347738200863614,0.3802171438570595,631.6780087348285,13.37747283126453
SUB00322,7,112.9825885160338,334.9367111996845,36.46634020063527,6.7234024413824125,2.2015589344606545,2.0,1.3088366188735079,4.407860936179548,0.4923228262546714,0.47264957903910837,277.34392193625786,27.062181526093042
SUB00322,8,113.46349452452917,473.2357534622915,44.92852930188098,5.554518751290103,3.4753892980201906,1.0,1.0,4.198096851379718,0.5270270754655024,0.39971160584899235,867.5716542069058,25.110638684102863
SUB00322,9,113.35197688834768,457.5550071926455,36.457697776754785,6.439493711986544,3.797685266351446,2.0,1.7006889512592445,4.386791105793133,0.35180019158138975,0.48416266403988883,453.5082095773299,12.33880323409139
SUB00322,10,131.3359020141669,269.217735725632,41.27131674256674,5.693951961374579,3.837546139794009,1.0,1.0,4.478671581633678,0.522532442409137,0.43906189203825885,348.41898083312725,16.449613498370056
SUB00322,11,134.4796922860721,368.7218636908254,48.34169657175304,5.645981498197362,3.683917634788316,1.0,1.0,4.029264258119092,0.4910830294943783,0.472502448936517,506.00511117780616,20.353395303103774
SUB00322,12,117.855612103726,369.60583747592784,54.48077063627649,5.506176078441703,2.206303738210048,2.0,1.9226421392354884,4.8664608010379045,0.574171575235798,0.5979790540630736,304.16223656731466,23.314736537998733
SUB00323,1,1.731630450147746,96.85403982241358,23.26987363402783,0.38384727324085444,0.4493015653345356,1.0,1.0,1.0,0.1802926792673872,0.5545660767181075,8.4332301497083,13.230532508176362
SUB00323,2,0.6419284805317543,57.00147846522995,24.802295363760173,0.334249256463909,0.3993712416771288,1.0,1.0,1.0,0.5464339298265638,0.5439740980954204,3.3719569161999665,8.018341030612577
SUB00323,3,0.0,34.425008496494954,19.206271263397227,0.3956203532533853,0.3053053947922439,1.0,1.0,1.0,0.3251495060102584,0.5611725298154413,1.0,20.65281941556566
SUB00323,4,0.2243148884872408,59.673990900418374,23.907949931334844,0.4382088274711985,0.24235762730876187,1.0,1.0,1.0,0.38012690916003167,0.46387912402050735,1.363419612740258,13.44654162007777
SUB00323,5,0.0,22.56427527203438,17.326853473460584,0.3670661453852736,0.06372559891190172,1.0,1.0,1.0,0.5211549872085467,0.4702227996664751,1.0,11.110655170700582
SUB00323,6,0.0,47.91208302055916,22.013455689874455,0.6858217247988022,0.25138293959986535,1.0,1.0,1.0,0.5462530959792757,0.5323992506631169,1.0,16.252205809182033
SUB00323,7,0.0,0.0,15.648378936484482,0.8787269352458273,0.22591521973101253,1.0,1.0,1.0,0.39718101775884407,0.4500847049506342,1.0,25.92060668690342
SUB00323,8,0.0,0.0,20.551944174326763,0.8118317082826947,0.33550870665377686,1.0,1.0,1.0,0.18341493159008163,0.35154441660667224,1.0,11.725842521405326
SUB00323,9,0.0,82.58071288665391,19.942483649455326,0.8314630445330704,0.09461525221377926,1.0,1.0,1.0,0.1588155316252319,0.3678663354984012,1.0,20.52746651538668
SUB00323,10,0.0,41.70952362332471,23.14902513267715,0.7277024482965725,0.008605424944785112,1.0,1.0,1.0,0.20730525278934692,0.3792143879172849,1.0,26.127475873229795
SUB00323,11,0.0,25.081798757940465,13.731501483268755,0.6559106942797392,0.3376447803833083,1.0,1.0,1.0,0.4873851172666066,0.47193033754980085,1.0,19.147875399118668
SUB00323,12,0.0,67.00978925693533,10.19402714142489,0.7616673067134879,0.49319756852596486,1.0,1.0,1.0,0.2997486923216878,0.5736133824662938,1.0,22.54352520531787
SUB00324,1,103.7860181806205,198.7908406470467,25.77387995474249,0.8540769029221347,0.6560054806171691,1.0,1.0,3.76285276316983,0.34884746834218694,0.293275765644913,293.91773880513415,12.650758224409175
SUB00324,2,113.53315924300064,261.6594251451663,37.42203589388721,1.1780859287203058,1.4732698757765765,1.0,1.0,3.381824077863267,0.5803493714676428,0.47021512381962965,321.70614773626943,24.794387573195586
SUB00324,3,98.33434642395231,254.73866261095404,32.84424159786915,1.3405297511178929,1.2186740717802018,1.0,1.0,3.865589589730221,0.31644533296481925,0.5322799730492362,653.1104489070012,20.188116147581027
SUB00324,4,107.7364357174578,201.7068060012357,28.851193341656565,0.8846727402891722,0.20938503781009288,1.0,1.0,3.9762026748949433,0.6274442025240752,0.2974008344149141,571.93858016167,14.960197327899317
SUB00324,5,114.56375182997223,259.3938616407995,31.83788288712408,0.31123290066330733,0.44449616105597034,1.0,1.0,3.397570696176578,0.4693385128115516,0.39437488709478474,558.8107463904532,22.411031333384255
SUB00324,6,117.01024034116496,198.41432455242236,37.92368284157209,1.0566865461120318,1.0275372473863047,2.0,1.4412901991574192,3.1386661863670784,0.6102467425912439,0.5407196913701408,821.7516797681049,11.748630230238895
SUB00324,7,110.33183072143638,304.44641072792683,15.206104145599216,1.5521872382607134,0.31552264976850863,1.0,1.0,3.3508600267385167,0.27919259646915595,0.5472539165376736,567.84829385585,26.30090204051416
SUB00324,8,95.36899728113731,221.36232336695502,20.303749208817976,1.373885073015249,1.2885962697829279,1.0,1.0,3.687641304737023,0.3583160991054901,0.29225779273386837,446.149010561881,15.370164864531016
SUB00324,9,106.5568031422033,312.13846434042046,36.12154923319352,1.5180871456391913,0.9956333884306003,1.0,1.0,3.6149517029371108,0.5039140736151916,0.2827752782822928,701.4885996644136,16.215549071612678
SUB00324,10,106.39703078905688,314.71119996971964,15.280617546132977,0.9132349535745088,1.3133884677936856,1.0,1.0,3.281084277289242,0.306035099384809,0.4031484038782652,556.406977860575,19.292121290851725
SUB00324,11,102.25846463002387,212.2085712880159,23.18461211038432,1.9512621518112083,0.35236836029885427,2.0,1.2687060463488393,3.3624550292890447,0.48065706425690213,0.5411333446211964,674.5651213459779,16.746137327666446
SUB00324,12,105.46257529513555,235.55274506060346,40.78014449617403,1.16753935418446,0.043348836947793346,1.0,1.0,3.9166738582205842,0.41240000129690657,0.39896652382818865,419.13773236859737,10.067637046459884
SUB00325,1,45.63439833319177,225.73269234294887,57.99051240479386,10.096493570834307,6.670298131841289,1.0,1.0,2.749129961506945,0.5304626876116897,0.5879721762273245,105.10163489682178,10.007895559617658
SUB00325,2,45.68666481965691,334.4107862201734,33.33692358925578,15.857706814767253,8.603192110442624,2.0,1.9304717954834196,2.1977722820713486,0.5389289477547363,0.43233223158635037,301.8020597893727,12.209955961247084
SUB00325,3,34.54772919784496,347.5879113241126,54.142166078092586,10.528543847844908,6.208562751042731,2.0,1.910685624853087,2.5678680078304614,0.2371993060927457,0.5478709255470203,131.35503893650937,20.22044099044569
SUB00325,4,41.718769567785856,248.54577158025674,61.94834653801293,12.091328102563585,8.483771176570658,1.0,1.0,2.083558622461429,0.5186341104064371,0.5792123157586946,310.0060083740485,15.294540578646167
SUB00325,5,40.50765559685384,371.75473853317743,36.26650868011323,12.473676218186462,6.532979140125125,1.0,1.0,2.1133825899737397,0.4034241263643493,0.5526385620989845,221.19040972564022,27.927305763544382
SUB00325,6,49.33098356276448,266.758902928386,49.51894621424066,13.729816484253217,5.490038486497393,2.0,1.46832962049025,2.2693643805310635,0.17027916621208114,0.5613360477859486,252.96724274067444,19.90559820206931
SUB00325,7,33.269619474930415,363.7963811193952,36.93788840077162,14.529452226391134,8.326219033871613,1.0,1.0,2.3522724782640876,0.451941621251174,0.36255947804855304,152.27198416336523,15.992505285900428
SUB00325,8,40.297017790719714,226.56947735958818,47.92858763396292,11.70924118581118,7.812929698371417,2.0,1.9463080267715174,2.7425811515391287,0.37884563310810404,0.3433242214613469,128.85220861020863,18.46779236529164
SUB00325,9,40.243861932278506,301.910780917088,44.72412451139216,10.231573993506851,7.227619933098672,1.0,1.0,2.803790971471677,0.20322629208971593,0.5601561672878514,174.27853227063417,21.334329533438414
SUB00325,10,32.74757869305783,380.39782805070536,46.28385893767184,10.748505535694978,8.97574983034255,2.0,1.6360935125136542,2.270722361811757,0.21083948338067288,0.4648509204031955,114.46923289193768,13.421035602256424
SUB00325,11,41.23515837470957,365.23578731615555,32.39970086244583,12.83660916892646,6.434516469657817,2.0,1.238875049888999,2.5411911723133187,0.4391875709810257,0.35805229741007105,298.3528069811444,9.139138622522083
SUB00325,12,37.627365516372535,252.40803769039312,31.57603055524862,14.655764706584524,8.058858702062388,2.0,1.7506935697920047,2.9173792414023123,0.4758260937715705,0.30297077247195836,280.0284947678913,14.71382833585888
SUB00326,1,7.011282343076435,1750.303021069122,69.36994440558958,1.4542006152866853,0.5145650293520891,1.0,1.0,1.6345366667238808,0.4245362864983748,0.5758744762369461,43.03578423062217,22.68864185771142
SUB00326,2,9.174458907708146,1500.1047538943938,62.38826201397269,0.9175352815989275,0.3229255643866027,1.0,1.0,1.7845030797124255,0.4683539428261847,0.5566417809359265,42.835007479568176,10.786513985591911
SUB00326,3,7.7946576542738555,1475.0076899178873,75.02336619592589,0.10197998959889329,0.6806604146722622,1.0,1.0,1.4889750338265781,0.4392727619495528,0.4878714510281524,59.08044636027403,22.705398580180074
SUB00326,4,9.638910254737947,1214.9781755499196,71.15232714221249,0.7795606446363128,0.9305359261459418,1.0,1.0,1.6827425827717184,0.3804737135312002,0.27344926809623193,51.22370900758503,8.870368039990586
SUB00326,5,7.071139394853121,1275.128536177187,70.98968334120616,0.632285867848952,0.8662271143340079,1.0,1.0,1.2705968996948602,0.5368342701918182,0.3069155365032782,23.138050523760757,22.00346025946373
SUB00326,6,12.18986943012467,1387.5947886707543,58.401318832705286,0.8302048449063514,0.2809534092121531,1.0,1.0,1.1098015437380058,0.15164390744358774,0.38631762603899356,66.74800250866897,25.829571247947133
SUB00326,7,4.513080506167218,1698.035176111468,65.32237748322922,0.0,1.4672056408314973,1.0,1.0,1.5135443663239039,0.29460571685001685,0.3623061319529302,30.599310236888215,17.226191583923935
SUB00326,8,7.045852131091133,1789.8467365240692,46.56178289558175,1.310206163993996,0.8845691020959302,1.0,1.0,1.3028160672738056,0.5422932371855342,0.48355825234383265,27.007681001016984,14.341912161161584
SUB00326,9,9.782051206044784,1678.8949214028598,47.62909710511937,0.09365633445064359,0.1369027568872827,1.0,1.0,1.1769300974801555,0.5175795870528336,0.49891712400016497,33.06211007390154,27.608924209841362
SUB00326,10,13.548111100692704,1681.0492056776857,75.58847069766831,0.9571765126733937,1.2490603669898752,1.0,1.0,1.6655345985286345,0.5087202771986902,0.5776415049966082,89.45148216720033,14.20250564739371
SUB00326,11,13.09367463117939,1647.3120662310698,75.19933812128615,0.5546008780924813,1.2669057530574133,1.0,1.0,1.8436742903878205,0.15517900153613318,0.372480258403614,91.61250310407377,25.590967625447455
SUB00326,12,7.23615324496003,1424.6845407270605,62.57152876788615,0.35576430875026754,1.0624054018165492,1.0,1.0,1.4169943026820437,0.18943161128217864,0.47192119771854213,32.47554427491547,17.05093309194618
SUB00327,1,72.2356276630571,649.0828544019325,74.44875933412337,4.135930103924597,3.4402905700015616,3.0,3.0,3.4535776932149065,0.6409387641245297,0.26752632994794967,498.40658158541754,8.422962194254284
SUB00327,2,56.35326320915893,569.9964516475716,74.63159511391166,3.438978535954062,1.9727805925641324,4.0,3.3439166561241156,3.6983803732626446,0.40649894049440216,0.34426331077209105,287.03193240246765,12.494944256297204
SUB00327,3,55.57613505627685,462.79345671285455,81.6784434445986,1.899330645015199,2.4400402241519643,5.0,2.6000237171655,3.7485146346710465,0.4005129980119818,0.5986454500789353,308.202558913427,17.806224042055284
SUB00327,4,62.31979644693328,620.0959835169306,118.21910349860902,3.414365522629015,2.3506378317483145,4.0,2.956269798889086,3.920745973713317,0.3304195069066276,0.281226543888722,130.6179370530551,20.88388328204484
SUB00327,5,75.06269017260466,689.6754754191403,111.20625144249574,3.5366190350380995,2.8160971045446788,4.0,3.1594248597066903,3.00015971865553,0.2839718875697288,0.5071952079673748,184.11419867638344,18.1542412638732
SUB00327,6,56.389702683792564,666.0342908962733,111.7583109048408,2.877014448571878,3.444148747095916,4.0,3.338315031263887,3.823751714388046,0.4314437045719359,0.29274020666897377,140.92057010297003,10.075981923691387
SUB00327,7,69.63403647342628,618.1566658720698,112.31196421338916,2.594178194922243,1.6623999786973809,5.0,3.04935106094955,3.0732933464088608,0.45005560110216125,0.42805691005778324,491.73123481013386,9.121803210282376
SUB00327,8,57.79843558569642,630.4045443221901,77.50066782422523,4.442062160482927,3.163534507767576,4.0,3.1766835358470056,3.3322623743727817,0.3318734623314147,0.32621539971247193,311.83563446114596,17.81794211867318
SUB00327,9,77.83383380326315,475.0907173603343,111.60376788259603,4.906412508484857,3.377349974162786,3.0,3.0,3.535241134607675,0.29271626492646396,0.3305265737915887,391.4501900780062,17.043235965166026
SUB00327,10,73.49489310627234,735.6384545158722,75.92557629044634,4.601855147163361,3.4199401998405485,4.0,2.7579765894649038,3.105542103616276,0.5395231476217698,0.36223719883498184,231.36197245593,13.049312835562583
SUB00327,11,77.83643016044397,478.0849313232866,96.99416794367545,5.155643530645335,2.0446212701193227,3.0,3.0,3.692062771072751,0.27169061333659195,0.4079454062614706,294.35493494791103,23.218394218110245
SUB00327,12,61.90916343909857,698.3225076179082,93.67310222273906,5.924349699871656,3.343918495381664,4.0,2.8506992313652275,3.169757559393095,0.36924299863883536,0.586574833139935,481.7553388735623,12.074734565928095
SUB00328,1,7.514403279844065,97.73039493770567,34.839811183487555,1.254181755796425,0.7467649258212637,2.0,0.8339476825012466,1.0,0.49683216655352347,0.49289565191520446,31.605814352800632,20.54843454924876
SUB00328,2,5.495463264667614,81.93997821047782,38.788428848613144,0.29637538111422307,0.4488562041492574,2.0,0.5549995056870488,1.0,0.39547370073830346,0.4460495079136341,41.85837748577439,14.024742877243304
SUB00328,3,2.8757466291920077,76.9958220262949,35.047441546460234,1.0111604706414283,0.7993561186793212,1.0,0.6396689327845744,1.0,0.25004681729257505,0.37685106966107296,8.770641738068097,20.953752898415765
SUB00328,4,2.4341013168356733,126.04601090604136,32.74741137831491,0.9247379756566982,0.2850053811666191,1.0,0.5955804279757314,1.0,0.3442325214359775,0.5200734909790816,11.542976296304749,10.860677108302095
SUB00328,5,9.543589280861118,92.2985285139886,34.87620825362267,1.7839806989410343,0.05244071832328856,1.0,0.8650376898178798,1.0,0.18124343528093795,0.41551388373027665,35.237155288442416,13.092070298099989
SUB00328,6,2.6631630256782906,116.64839558662989,31.156189961988705,1.2768334383457018,0.05996512486613237,1.0,0.6114884583623414,1.0,0.17642168417387039,0.48656135466477296,14.9642302601798,17.25285395498272
SUB00328,7,1.8846399227630526,131.92446227962876,42.82692425740403,0.0,0.9679087443769347,1.0,0.9049198107847152,1.0,0.4268252726479991,0.4744503001427653,8.922531336733886,14.889927695541616
SUB00328,8,2.0559081418553755,76.72292466625143,30.232672269250912,1.072613540120028,0.7271468652259445,1.0,0.9250408119565801,1.0,0.226500208445022,0.31278397087213267,14.053228030199936,17.560088789650045
SUB00328,9,1.7504921772687858,124.53274121830917,22.43739733896631,1.0069560307430871,0.2459341743638721,1.0,0.5446595570510473,1.0,0.4130894182856526,0.3605076398569624,5.626142674034921,9.090442724780956
SUB00328,10,8.15067110603955,115.33852698587623,40.244863103230344,0.7585093982518735,0.10305640758046652,1.0,0.7823972597626478,1.0,0.3448225742034975,0.3901071587582221,50.82727265229135,14.589758117963544
SUB00328,11,3.6344287744388044,160.7441478789792,33.40837491371243,1.9781452486590663,0.473724113677502,1.0,0.5172995917887572,1.0,0.5325214511816193,0.5021781590510248,26.866875914272253,25.429579738522264
SUB00328,12,2.271710215848276,139.5615124165448,16.340788527555194,0.2251178098075857,0.5386464713765121,1.0,0.5887061135838552,1.0,0.3627402624066196,0.5225384793995762,7.276840328713839,19.435494477763815
SUB00329,1,119.93701758818268,322.86792535998046,45.78899036602303,3.6060128762367425,2.805431023536485,1.0,1.0,4.075460008884413,0.2754876130428965,0.3074612381349803,812.5133768361084,27.70453662852904
SUB00329,2,116.46146814450272,336.7319163172113,51.01926428989303,5.312736085991864,2.4187571254222897,1.0,1.0,4.666210538387357,0.513807996330428,0.29461159577067125,380.6487268089501,24.36579634250803
SUB00329,3,125.91958995548217,491.3329465060931,38.21788122611646,6.123924082013331,2.6952120601287377,1.0,1.0,4.757269484547572,0.31954584072819536,0.3221765191836101,747.1064405354628,18.137176544827202
SUB00329,4,112.2032244767011,325.80351367421235,45.64818476866346,6.342302579777962,2.9043879466803766,1.0,1.0,4.5482993027008884,0.5078928706740905,0.574657301490807,739.0790782162064,10.367721266847713
SUB00329,5,133.02715686184456,513.0515823753475,53.015647826733854,6.5758631831759775,3.7618168169041573,1.0,1.0,4.680514544782167,0.40297923904811095,0.342315363147571,752.06967631304,13.716016129845578
SUB00329,6,133.8386528795303,401.20830601796195,34.00564367975629,4.750998828115777,3.0908017496857534,2.0,1.8840074021180895,4.6448498022671565,0.48131826178336234,0.33390183889162334,969.3322668761135,14.318970496795586
SUB00329,7,130.03452684377365,326.8368307104189,53.27984310304612,6.31104587790143,2.80507248653658,2.0,1.8890296907635626,4.390256824833043,0.31494890961234934,0.3894544792422191,601.8706482644712,14.787310384331814
SUB00329,8,106.65112655330307,535.1660528071477,39.05830186992957,6.657796835980098,3.682446167274569,1.0,1.0,4.127690739170833,0.27701935898338603,0.5468497125799154,354.8509183948477,16.71709530836246
SUB00329,9,121.9779455419667,494.3302943768515,52.72451354746191,4.678425837718134,2.517067211251528,2.0,1.567745342715047,4.270402431162056,0.335962065167848,0.43273250799118734,391.1704544621954,9.60699984592146
SUB00329,10,124.65447808858423,330.10471680606605,44.29442066043781,6.67508542933066,3.5880533700228936,2.0,1.412541384094744,4.439383128579992,0.43121781237131906,0.547867153896898,763.6867181815818,13.720317370283365
SUB00329,11,106.21954470937938,390.200593943686,46.02078108517941,5.404870262544478,3.964349437812595,2.0,1.0783909479874798,4.8783888986781,0.30731561689630393,0.4699675840216092,623.6883521880028,14.908413444340407
SUB00329,12,108.60690008424355,390.5350477163944,52.84862658054959,6.015721131369768,2.6011878229792087,1.0,1.0,4.344586168811336,0.2700739139706082,0.5965357016691053,369.24950902190704,10.517876812722752
SUB00330,1,0.5850486644054531,76.16852187289443,12.000043126075806,0.44718651268474585,0.20493365758298604,1.0,1.0,1.0,0.21799572114520224,0.35684454535618226,1.9037998293934268,22.300500273996004
SUB00330,2,1.9592462821440142,63.52024680650037,7.889008400418764,0.14887464994024663,0.28104483569238703,1.0,1.0,1.0,0.43812992372178394,0.596728972696233,11.299824150273395,11.700843381202636
SUB00330,3,1.7238825684428694,20.99400623555082,13.785236961817537,0.5365592144872117,0.41017091372576475,1.0,1.0,1.0,0.37717173353738903,0.3111966134742217,9.787471131221226,26.496369655585656
SUB00330,4,3.6785867342733427,46.298611965721605,8.936025340307301,0.9079543342109428,0.14215591573233044,1.0,1.0,1.0,0.353595757470908,0.3559633529749543,18.477201355064892,11.156461574622673
SUB00330,5,2.9795191553869182,8.946599531946594,11.452520294895145,0.849302476770465,0.21052220876783417,1.0,1.0,1.0,0.24382255938187675,0.49611074100099284,15.712213391487696,12.761873512567572
SUB00330,6,3.9894635491181525,111.22661559631004,6.086226966755661,0.9298032705610543,0.3724418412739925,1.0,1.0,1.0,0.15947716675953294,0.5039390921252604,21.071384225411304,27.581153482170624
SUB00330,7,4.918833269289294,42.56669297657004,13.485687251659407,0.8604407455008587,0.3456230554783081,1.0,1.0,1.0,0.2803155897077151,0.3063937256127318,11.583323025690321,10.659642658308625
SUB00330,8,4.331954527078311,71.02016869675951,23.614699951794993,1.265413065798561,0.297347131451257,1.0,1.0,1.0,0.51040998277338,0.5117459720140812,20.12096877638443,23.70668569331761
SUB00330,9,5.954735599726832,79.05606237732455,13.784554836397852,1.613154542190588,0.14343070147429798,1.0,1.0,1.0,0.5459344925421524,0.5370429601273515,29.247663645046522,14.750065984449572
SUB00330,10,6.956773337686735,76.1299490081593,7.618554239090085,1.4799908279023382,0.2571000411416302,1.0,1.0,1.0,0.3402247205362885,0.39958950611588284,35.90357368851755,16.994245356108735
SUB00330,11,5.66104801129363,31.616751690883028,23.247230749913847,1.9237619778436867,0.3664961587467455,1.0,1.0,1.0,0.26726771079098116,0.3226416381092033,27.773829098369323,22.95470789434034
SUB00330,12,7.665100800268069,52.1084411716118,17.11857189173764,2.089368422640694,0.4728194201050062,1.0,1.0,1.0,0.16349263918031331,0.30160311177098614,40.500678953127505,16.910158263556333
SUB00331,1,121.28817179944983,275.04171893374837,42.775917824502145,0.9213906133679126,0.7743290923339465,2.0,1.0914942710192952,3.3632490372358688,0.6125718077761352,0.5210257344986136,452.4068289871622,21.271049162022898
SUB00331,2,95.68204948716078,329.88260102632296,42.27286543951103,0.16610015885934357,1.0263768577445107,2.0,1.866390026746751,3.2564854726646066,0.5959196402679263,0.3478983152159719,754.8343619948556,25.748910633759237
SUB00331,3,120.80386211927241,230.10816051149334,32.61408829486608,0.4662190269716775,0.7280436625290985,1.0,1.0,3.625171462814774,0.5116964583434999,0.555082288548591,283.7214590750427,19.412361934179817
SUB00331,4,98.36049359728581,231.06051240251858,37.01799125046868,1.6918787938875868,0.8695651556367523,2.0,1.0233628719542498,3.1901850996276795,0.35731061093436645,0.41131166861744917,421.0160108112119,11.023176929635232
SUB00331,5,98.91475041747742,166.36175438442336,15.96844201129233,0.7071973578891535,0.6279827411214055,1.0,1.0,3.71102145419919,0.36372015759862597,0.5847417279072289,299.9275337795762,27.269715581352084
SUB00331,6,115.34560010623382,171.54340081285963,34.38275401466649,1.2859089703863251,1.472066508455619,2.0,1.387780954502026,3.74699310103308,0.3501163936601259,0.3679903708398363,428.9635525112382,16.15906407955348
SUB00331,7,120.1346834741593,162.3995583066206,34.182146689303636,0.4331512249440458,0.699451307116953,2.0,1.1866692995390657,3.684273528948914,0.5457598847534916,0.3394212134350474,751.4601564388747,12.339766715390493
SUB00331,8,114.11384088311982,169.63993577517053,18.998236347900626,0.0,0.32745448557515106,2.0,1.2584564992073748,3.7620401737050004,0.5942291007756979,0.5779573345952227,879.4833896842991,20.573443128388494
SUB00331,9,118.71728443872506,292.01742979956873,37.04460580686792,1.5408427055652927,0.04803646267591083,2.0,1.7974509330490598,3.7255353917638896,0.28019278830369265,0.5499785849677018,531.2194355605151,25.10501157578895
SUB00331,10,124.94931536360286,293.51319670731067,30.31455396072654,0.7994286391528974,0.7735247668021015,1.0,1.0,3.177300849785893,0.5370796318757939,0.39714786806437175,432.2467708208436,23.985458260334337
SUB00331,11,124.91939483595361,318.42035303222923,36.294209443066165,1.2271534820556838,1.4152752934643473,1.0,1.0,3.128289797631021,0.5146557486682775,0.43022611516261916,860.5321986902459,16.581228937347287
SUB00331,12,97.03240748950321,288.06739937434423,30.063632606007218,0.9346626650505132,0.3534720182005082,2.0,1.6867776842923656,3.3543459679529617,0.5501625297513668,0.34365472371355654,633.5620535016175,11.150961918154385
SUB00332,1,44.355654950130024,241.23626973517455,30.166916362444987,14.177861509624782,8.584230549659578,2.0,1.9461223398483316,2.1509852645632535,0.37552700662536886,0.3047587508274217,189.60877965678998,23.852602292974627
SUB00332,2,49.475523613049404,291.6396541948539,50.866260995106316,15.638716263124392,5.7502367535509915,1.0,1.0,2.881000311551286,0.18558060770950605,0.26591171918822454,150.59728169335168,21.43657841519895
SUB00332,3,35.32150585625351,372.63043044179074,60.95372575386719,10.554277167163255,7.500513766285225,2.0,1.992807445161756,2.518600720470933,0.5474808842964014,0.5779210697688706,199.7147274644563,9.692374664483367
SUB00332,4,31.79895197828564,370.5974510968529,59.07973398835122,14.137150539864205,6.062686732994681,2.0,1.0774600931921916,2.6896494637160497,0.344884543365927,0.36739982252608777,196.43369787105613,8.13483405677273
SUB00332,5,44.88330204415487,290.47154691902966,39.506230222761346,13.491583197977404,8.709682943470689,1.0,1.0,2.0809247692326065,0.35845703037541377,0.49635262451684753,255.96165672270703,21.69205823977608
SUB00332,6,40.271796386731374,295.1309561815241,50.4835762715525,12.808521449092538,5.298633964550337,2.0,1.8389056130779116,2.0500268615787,0.5097953969896664,0.5452766524923931,268.2641289330132,26.605050802919685
SUB00332,7,41.85919851878048,201.4412254203277,44.67444598920238,11.076108528990419,7.067277605754104,1.0,1.0,2.573195971785496,0.37060564386968053,0.37355085599222415,273.46603360592246,11.047321219014837
SUB00332,8,38.28742160800966,338.4184195305366,64.54618016812529,10.84906823563892,7.426253577041469,1.0,1.0,2.6442481869716348,0.42252286100768055,0.5585073440774428,106.22420955155785,16.941064320374018
SUB00332,9,37.42903632765564,383.3113559347873,34.098620148040915,14.501694166824313,6.101789446035815,2.0,1.1011094385193665,2.2904672700465247,0.43645440057147233,0.3500443458060092,262.9726816770088,14.684815203043232
SUB00332,10,42.43212921578932,207.13316449740478,51.91977266957271,13.775867434823931,6.6886451741488,1.0,1.0,2.0747798012949055,0.1830386974512877,0.42270662512752855,289.02926492747474,25.570945713707257
SUB00332,11,44.66125746357742,318.57836225209235,30.523774827243873,11.043336090130914,7.857388770272146,2.0,1.8830512405100777,2.713605703254774,0.24749818459458367,0.5919557660603241,245.30042443884537,18.987738918636403
SUB00332,12,39.396465488083464,246.150358338165,52.769629917163314,13.028252699394821,8.709478298233922,1.0,1.0,2.636092507842427,0.18133708898801584,0.37705841874852575,234.2039327050544,18.539676780339505
SUB00333,1,7.797121771989364,1249.9341807573098,74.01930052718416,0.1892059142804316,0.7294188603824419,1.0,1.0,1.4228793025582234,0.37859800023584234,0.5118887741322566,20.125049394941435,12.025071386156856
SUB00333,2,5.639404373831679,1595.8589669593543,53.465221211349956,2.7537783455942417,1.4427769727997075,1.0,1.0,1.5763913153846243,0.5459126963545577,0.4592501335484237,42.79039918949604,14.989670649941093
SUB00333,3,7.696527146862381,1598.362534320234,75.62054446048077,2.819074692741054,1.320319733482191,1.0,1.0,1.508630695328233,0.41669376777887845,0.33778801735641756,24.379970126483617,19.14807731230088
SUB00333,4,5.5228156098919765,1309.3466980899566,46.748851013148695,0.5078770060747468,0.6279717086359913,1.0,1.0,1.793760417152094,0.24037022234426134,0.5166259207042041,35.23354648774994,9.35060125225736
SUB00333,5,11.247524718438694,1728.4813650645378,67.59742248458913,1.937173101181932,1.2774252648172206,1.0,1.0,1.8681609960864036,0.23760556649454379,0.4985729954131778,41.9424202131841,26.78939172053712
SUB00333,6,7.664393945798906,1319.5924692327228,70.5218618818416,1.1128572320721413,0.9857222091720278,1.0,1.0,1.836641228778341,0.3834674321527363,0.4252019737668099,25.8340364112115,11.258160461426892
SUB00333,7,4.168309154593485,1187.3904413537741,55.8742129918541,2.9578793743907568,1.2150287399694895,1.0,1.0,1.9825489410956436,0.2345529549521613,0.2890333140766161,32.62940970545317,13.127784927909865
SUB00333,8,4.367465975806184,1767.8446476226404,43.85322474901645,1.2891400289262942,1.1945755717765183,1.0,1.0,1.7336621978586586,0.15855117702716304,0.43043591624518796,27.244081366295852,21.339461748599735
SUB00333,9,8.874155841963251,1552.3413187690264,63.23181316028534,1.84585155202536,0.6375944868434201,1.0,1.0,1.9480808954375468,0.3851673032934585,0.5049293945536539,52.74577639079511,17.227862336267663
SUB00333,10,10.323464922129224,1181.9664724503216,51.10404918602801,2.22200877532193,0.16369516591545047,1.0,1.0,1.3619329629766055,0.27565765853690216,0.2797413582040569,20.82444674270867,22.476819395676337
SUB00333,11,13.562914188999004,1505.0084585432498,46.679309911830906,1.267533005565051,0.9668425736105201,1.0,1.0,1.2572092178274081,0.4113536420150974,0.2901626212808631,27.581898856112215,15.522963701337574
SUB00333,12,6.222863866622374,1386.943572739755,47.13329121885878,2.540879311595736,1.4927168411707539,1.0,1.0,1.351236641187029,0.17888286691265357,0.39157455695484156,37.55563200436782,13.086909527531825
SUB00334,1,60.14560169901143,667.015477779901,118.81041013265268,2.089187513479598,1.983375696865669,5.0,2.9175326118654823,3.0532529462432842,0.4412535343345705,0.263444981380529,381.78326307491244,18.361906814334187
SUB00334,2,78.41187368499195,727.9187154605836,66.73509378149934,2.344135545298016,1.76877621781942,3.0,2.5924293327813217,3.0515979103489452,0.40567526120135733,0.3952341778205629,247.16814181857484,26.4043957763167
SUB00334,3,66.45193053614803,731.0726927520695,86.71752971876504,4.076857323441889,3.1059179916973254,5.0,3.0304023257427577,3.8363104364676475,0.5475368014055366,0.5769342088855465,236.874247628152,26.451081460907854
SUB00334,4,50.90079332286633,592.8544487181255,61.89465607817169,3.9051446777711054,3.345568438098185,3.0,3.0,3.516222849216584,0.3732496545293804,0.5843074878626809,215.85814545679406,15.577632691479518
SUB00334,5,66.64729408359662,486.3940072061292,60.00079693831193,2.4778729978651977,3.3972921088425534,5.0,2.6162024055673143,3.9987009029211618,0.5380806449996871,0.43316183471317216,524.5447275674037,27.082165627955153
SUB00334,6,50.68994481392973,667.8164780232208,89.91804875848058,4.371281649588576,2.3024174399174635,3.0,2.714097256258106,3.792257751663139,0.44899865553997353,0.5479545849436254,340.70175780274405,19.241860227772968
SUB00334,7,66.90603831680069,572.6840781903201,115.43212740096237,2.520355776703039,2.2709340412166723,5.0,2.5359184193834006,3.2845550421823226,0.561802019816548,0.2876512138053842,369.13528820814616,22.851045256336867
SUB00334,8,62.56751128716367,713.7296802455206,111.34177954692902,3.858796593883745,3.4704779628396225,3.0,2.7484426997700644,3.653507578922459,0.2722861209055608,0.39034564957594037,496.1913576826951,18.518625744733917
SUB00334,9,54.83980263305875,692.5125622796315,115.46600220268233,2.142961890429343,3.481250288085926,4.0,2.697671277769599,3.5895947199234586,0.37687462727061116,0.5013683839175573,177.3751978214972,24.124338515594662
SUB00334,10,53.48497106713298,561.9328245298415,98.6961767069684,2.335436846243179,3.0868279669379737,3.0,3.0,3.281277684292698,0.6388980999749577,0.5954645624354544,224.30053584368764,23.75828544960397
SUB00334,11,68.6067940870295,733.2873941117251,81.65816145806535,4.983027008099306,2.540298373928862,5.0,2.6629350114917085,3.0823590984256244,0.39830714228638653,0.4304092448939243,458.00682488457636,20.154624433570312
SUB00334,12,67.2833836689473,705.5965325910812,76.63116679817514,3.305223027373876,1.681445616676044,3.0,2.6524236863860073,3.4252920431036165,0.3815518685526512,0.2822345239086122,328.8453925198429,17.710892390364297
SUB00335,1,2.062906044718881,145.2769135809017,26.90714662282591,1.01587462129147,0.8637474072589452,2.0,0.8499082224095362,1.0,0.48838584372727367,0.25242338325641944,9.832246542610237,23.850588542225108
SUB00335,2,11.33286229321894,105.18413860257412,40.263401226022765,0.45768439545294637,0.7668872066216276,1.0,0.699792197671729,1.0,0.40201550096376604,0.36668815307144176,89.5352308887684,9.172504437353602
SUB00335,3,11.524442165220165,132.5081467819797,42.81288046158187,1.826815699010554,0.7120707871424852,2.0,0.6517158309850963,1.0,0.36432731263292595,0.3280752930058324,83.93157032402915,17.89396194848941
SUB00335,4,10.62955578578682,142.8123534730614,23.776646716755153,1.0760349351005662,0.3004134749765266,1.0,0.7520293608280668,1.0,0.2849155735237226,0.3407612592119033,64.2370407474728,18.58581664182295
SUB00335,5,4.101865694889319,90.75826145195431,40.65509252582257,1.1884824677499186,0.08586511041599365,1.0,0.7793093885897946,1.0,0.3668276225261278,0.27050593286334446,20.619068514162617,12.652880614677004
SUB00335,6,7.002069036264736,62.02753633626554,27.040070409940082,2.327072194803886,0.036706892626004683,2.0,0.5153656193136975,1.0,0.4546920199904385,0.387627429342706,27.509625550175638,15.508840030612923
SUB00335,7,9.933044677483295,157.7751223187356,19.933035365222835,1.5701944570032358,0.7626873940410239,1.0,0.6893222654141915,1.0,0.5413286042742681,0.2767187018927511,48.88153384746533,15.249629991267522
SUB00335,8,7.12909933524377,98.76818632595312,27.34463771067415,2.392081976413694,0.3395587926925374,1.0,0.9589512420999806,1.0,0.4407412620686827,0.4193728978208622,46.11381193978835,10.296780263748552
SUB00335,9,10.049779379278565,112.83142615961307,30.7628529398803,1.9199865912846779,0.7510830338137182,2.0,0.6298675448860036,1.0,0.380065384067245,0.37564585811648976,33.47331376248359,16.80968547417377
SUB00335,10,6.976384610010629,175.106295936555,37.649954835873146,1.1721616725627293,0.4536105699253665,1.0,0.8858886085574857,1.0,0.16215903491195793,0.515512222969853,20.669759586496127,17.446023236242965
SUB00335,11,10.141323002260254,111.72989560069368,29.211264034477068,2.304241603563029,0.8782845467731653,1.0,0.6932745839720813,1.0,0.5344425141968178,0.2775700790224422,46.75837701488461,19.92748478649139
SUB00335,12,10.081730653810492,180.31305743851436,43.968305486098515,3.2924328476410727,0.03260596056784826,2.0,0.5132168909895872,1.0,0.3828203180355912,0.592546152950763,39.155447181954834,22.366825807145283
SUB00336,1,113.80411030895804,392.1535060273959,42.11398070065674,5.203723097638627,2.880402464141752,1.0,1.0,4.274097521468219,0.4007061411827889,0.4437068830646933,847.5899138174715,20.239520791144848
SUB00336,2,119.1973133475862,415.0036069057089,46.676694840075356,4.4604927944530965,2.232807905785917,2.0,1.315868802299639,4.292801720125535,0.34233777918538877,0.5640333771885763,456.8272426204925,11.538211883035803
SUB00336,3,121.89604284781458,404.43371977027516,47.05007580763666,4.194696609068254,2.1477732792314255,1.0,1.0,4.408681021799711,0.48511349827013306,0.34570679144482086,687.6836202116998,18.600873650958516
SUB00336,4,136.13870656126633,391.434462631532,48.18771568974625,3.902484700585968,3.7860524330561205,2.0,1.7272452733753916,4.8043269749624145,0.3545524976847736,0.4029899475118621,696.8904188653405,23.411773188650585
SUB00336,5,138.79189410318097,361.08869357587054,34.887945774682684,2.8078250239963904,2.6238872974770304,1.0,1.0,4.061083349224739,0.5268119864159354,0.5233091783799821,900.6577194166342,14.668412835193369
SUB00336,6,132.54337561043263,384.67023978958633,45.16507346327824,4.41749933803715,3.480489355348867,1.0,1.0,4.478714067498225,0.33721459419041744,0.41464986419597544,614.916431831186,19.981851470619443
SUB00336,7,134.27412603971655,494.6401386135418,49.681343432865276,2.3396053225940654,3.098597353562095,2.0,1.8866805283558628,4.0530973076359835,0.29547287394959043,0.5461045856087519,823.3361810648723,24.878842872647972
SUB00336,8,142.80631925099468,504.396474800809,52.79245881846048,4.772225654950252,3.1280103882514307,1.0,1.0,4.3023290254283815,0.38777148469881495,0.5480963115129065,1112.4745573628088,21.354954861785636
SUB00336,9,127.74553386458587,434.78458979499703,32.74700935526452,3.481469823870035,2.677784247023328,1.0,1.0,4.013577022637476,0.5796481860868129,0.48650718717542496,752.9576836930856,24.955120656273863
SUB00336,10,121.65142089308632,326.50684053275734,30.047217514083496,5.938415327194267,2.546919259484408,1.0,1.0,4.230264092388266,0.3880881842645254,0.25363971924215084,403.45911956179367,25.685830624139346
SUB00336,11,131.07494629732412,531.1396460779595,54.454197162235566,1.9296897606559027,3.7703374794850424,1.0,1.0,4.0921320644087,0.5402230972941925,0.5823573346414516,735.6038993065993,25.582729771070756
SUB00336,12,141.24893637375413,444.31588072084963,39.98897919284928,5.275589840399547,2.601007012738343,1.0,1.0,4.817446248951844,0.6393728914682534,0.28735557502867703,297.90225615110927,23.487211115881507
SUB00337,1,1.4680425977041542,50.265267178467255,18.91628629182133,0.0,0.02565151840588975,1.0,1.0,1.0,0.4890150980285054,0.4308589879927343,11.240658206739985,15.330573398027685
SUB00337,2,0.0,67.89884933083734,24.572464328754947,0.41040884663807714,0.22578534484677637,1.0,1.0,1.0,0.37026898737766367,0.29966781160565736,1.0,27.35429738600995
SUB00337,3,0.0,34.29749753307844,20.40789150254239,0.14898367629176412,0.07258825994022716,1.0,1.0,1.0,0.37201411480222035,0.3226353487841726,1.0,17.49993693805976
SUB00337,4,0.0,50.518714152045504,23.222537049578772,0.31995473180294587,0.1258676442433475,1.0,1.0,1.0,0.20954866108534534,0.3576323137313166,1.0,16.195474484106782
SUB00337,5,0.0,69.2410631616665,5.687491770544257,0.4642353215359151,0.2528282303001024,1.0,1.0,1.0,0.46890673485722023,0.38760076916635977,1.0,27.545272249094047
SUB00337,6,0.0,64.14219525088049,5.633138840682948,0.0,0.024998393990567247,1.0,1.0,1.0,0.37656055731863647,0.3367936589294966,1.0,22.180256008785
SUB00337,7,0.0,32.65203051593849,22.701494009083692,0.0,0.018891816753189905,1.0,1.0,1.0,0.3906191682238287,0.33919893889601205,1.0,15.091269597882302
SUB00337,8,0.0,14.8692691644331,23.60815782723415,0.0,0.0036822567789586147,1.0,1.0,1.0,0.2773942199393482,0.4777045457216791,1.0,11.162588390551306
SUB00337,9,0.0,23.569094358910565,18.59748575487965,0.0,0.13858797227744513,1.0,1.0,1.0,0.17405780625877507,0.2651914428450452,1.0,17.187879167726518
SUB00337,10,0.0,103.05147210019882,16.70863500631113,0.0,0.06637714460022043,1.0,1.0,1.0,0.1862581040166514,0.4471982211980102,1.0,21.2302260040022
SUB00337,11,0.0,21.729667302977166,10.413459816688794,0.0,0.26887623964183904,1.0,1.0,1.0,0.17918286546225387,0.3429713339012081,1.0,24.521525613390228
SUB00337,12,0.0,17.17426288898765,15.995529303779605,0.0,0.0051074816957774605,1.0,1.0,1.0,0.4636875801880369,0.5474982978591925,1.0,24.641529422599618
SUB00338,1,122.65268308958197,204.00892957224534,32.04170383905338,0.8533699051331699,0.03550849263185568,1.0,1.0,3.517855967953302,0.3082857817950939,0.5360957162265005,775.1379467581291,25.26715996998535
SUB00338,2,122.91337858324464,269.98150859273625,34.054768742850975,0.4712541737102263,0.9489734544075576,1.0,1.0,3.683635430138951,0.5242166617150069,0.2655120035593502,558.6426962455133,27.50766017861688
SUB00338,3,117.26207340519265,199.84635538556213,44.34888202378454,2.229273433981297,0.39775777509661103,2.0,1.44921000292707,3.600442803295166,0.5748408667886873,0.2804651401569892,432.32532463355113,20.198322075255625
SUB00338,4,110.04601247731428,164.33243118824444,22.044872939815747,1.3789633041400038,0.3236974373195803,1.0,1.0,3.633023000002801,0.3802070922642139,0.33396548418912897,739.8238587167209,14.51823737014242
SUB00338,5,120.59139894693972,296.56395399913055,42.01015742543677,1.6210305087658399,0.43694471043694494,1.0,1.0,3.8421089923852723,0.5865341901967897,0.404960227387415,826.3176348303017,20.819174068754013
SUB00338,6,112.03050461069799,284.4625816638832,31.365861525924686,0.6766989324542424,1.0215098699116356,1.0,1.0,3.791071460869114,0.36678783528583836,0.4033895891369035,726.096137706893,25.416483315664347
SUB00338,7,110.68511854110585,285.05009105748513,30.89062887512369,0.8899629472686799,0.18714708718504647,2.0,1.4340325617304448,3.4164297157799726,0.3894109079559036,0.558046308717171,700.4594546970809,25.978877598068493
SUB00338,8,119.58905395540563,176.9494416579381,25.371081571618983,0.20925897818924194,0.0344986084764225,1.0,1.0,3.27146717143059,0.44228330553471706,0.3074227010834357,286.1435480302206,23.315758221919097
SUB00338,9,120.81053478507073,231.7671899408431,28.858876243250236,0.17577865347927563,0.6920754119812926,2.0,1.420111140632129,3.1483373431957595,0.5502217782835369,0.3012301254239565,303.5039941278479,15.377158757178485
SUB00338,10,120.29464925993427,269.5223631071168,32.05966716791866,0.6829430383840075,1.104579941519416,2.0,1.4197732382094665,3.084233889149064,0.4086718831467986,0.4469424090791504,758.5732988800796,15.1080572644369
SUB00338,11,98.58456741678025,206.19821763159533,36.97325191969738,1.4861178280841174,0.2515265574337529,2.0,1.84281045797433,3.0652724104116182,0.27890145172332065,0.41496598475866286,367.70068527093247,14.722252508100235
SUB00338,12,116.4415655324649,270.49852711480764,16.204208854851373,0.7175714757422952,0.20780875037617624,2.0,1.2775665636967952,3.045655418661402,0.6145258500087956,0.43310121796486356,834.9715632788655,21.570364091965352
SUB00339,1,36.21656383292844,229.06778375925998,41.48954056980959,11.213564409932847,5.3729200619229225,1.0,1.0,2.0819720592057016,0.3754823885043892,0.26048665260436427,143.52671919454983,22.48219355110116
SUB00339,2,35.11763838173928,304.09281631805123,47.38981058366761,12.024995126716425,6.662543018194345,2.0,1.2223130848865238,2.7974474867587213,0.4781865569664533,0.4057791866624817,73.81149661259587,10.058162899886673
SUB00339,3,40.133344399611815,271.23658221587743,53.19770748296963,11.359082817841465,5.436363848015535,2.0,1.2920369005305101,2.8363679808526365,0.46527240622278354,0.5586396201127343,162.5654632868535,26.664680032696154
SUB00339,4,39.715213070023054,323.3092091485284,61.1166266224001,11.574088945201014,6.791170480675831,2.0,1.9651450131871928,2.2758042893002552,0.1769605494723275,0.49827673304244113,134.66217705250847,12.221626780564716
SUB00339,5,43.787434515554516,339.72110502957486,35.37511446867618,13.39039155806994,7.14030444462702,2.0,1.9946813210019638,2.560610292817183,0.23535380966638061,0.47151083424671203,262.16504250139343,8.101964258469609
SUB00339,6,46.02896823270034,273.9338318510017,57.1088589659808,14.490701948061115,6.971677402951629,1.0,1.0,2.2777540909812286,0.29511457723767304,0.5573533366598902,197.81130931834485,23.217993097245508
SUB00339,7,42.43536487152095,268.68788683323316,47.34024801422788,11.634274211279944,8.350993507011996,2.0,1.1854259391371729,2.4370646491095953,0.2553973701382891,0.2636682146454039,305.71897414497676,19.37274031393109
SUB00339,8,44.79079251522632,198.99027339930143,34.910590340919214,10.852703158383816,8.378470155996649,1.0,1.0,2.6383670365372818,0.2054646221904311,0.4627951354529445,119.65310910921151,9.050701911111618
SUB00339,9,37.36076683888357,362.4832643771041,53.89483694291458,15.707666243685575,5.561194820585468,2.0,1.6233065576804364,2.258135336846836,0.4812277377177199,0.4283065766357911,90.2839365510104,14.41172871282256
SUB00339,10,38.87827248484223,228.9862136567032,30.102125696992918,11.83293983098371,7.159722172942496,2.0,1.9598491948126542,2.045887852662849,0.4060551596283317,0.46746493449362675,199.24056122095203,13.27422977803851
SUB00339,11,37.882090298209896,241.2567559083178,45.30727314497967,12.897893731726635,5.953500304833353,2.0,1.751526183447234,2.53960232945569,0.17201060261019316,0.33087539792167175,241.260291409386,13.769162039263122
SUB00339,12,42.60316195417751,309.2998139078013,32.794343351805736,15.199333132633143,5.489941003633155,2.0,1.9596771819955165,2.4819739733344,0.2947449267571854,0.4307515363404839,185.24473349540318,14.171878163830833
SUB00340,1,0.108071863766251,1326.8466018060617,55.97921163647136,1.3342283100998091,1.3559948765006613,1.0,1.0,1.8660025015837527,0.5339777206677478,0.5103925866895359,1.0,21.60176490317419
SUB00340,2,5.49739014102658,1733.9879614468432,76.52134794068743,0.20969332532789445,0.8797079317423264,1.0,1.0,1.7971351413262897,0.3773487208067079,0.5901492924607605,37.3208717188265,17.347057045569702
SUB00340,3,2.5504509713865122,1441.9508808950866,41.88844274936105,2.4890899068637142,1.1323424893985745,1.0,1.0,1.5118848138333978,0.45307732133254197,0.4681215907839772,13.020557049553977,15.10111153261832
SUB00340,4,9.753246704633321,1235.6045001936882,61.935196642528965,1.0210570570955095,1.393812670862745,1.0,1.0,1.9426639030161494,0.5320081411885699,0.42174075812259226,64.59497906863345,11.84318441171005
SUB00340,5,10.299540219534535,1428.6684599818693,44.71166822354433,1.6454820921421458,0.7483098269090823,1.0,1.0,1.8825851791329544,0.3251629673642026,0.5156079933888047,55.10554330012456,22.52401005990578
SUB00340,6,12.02883456536361,1295.9331092972313,48.99473092808056,2.101072458554532,0.8770727183513249,1.0,1.0,1.7011958800734,0.17988426478348876,0.258443998195497,89.4824348749528,21.945556662020373
SUB00340,7,10.469379659936887,1295.3257117948854,49.38630145814706,1.189995534587258,0.48677765050790617,1.0,1.0,1.4958420448648906,0.43661686214688056,0.3301355664189997,57.35138581773126,19.75539961360961
SUB00340,8,14.458768043175187,1741.1660595992578,41.303046859642826,0.39812379002249126,0.11625012581343752,1.0,1.0,1.8366662094197803,0.3122523098540085,0.331454681396596,42.8800692950591,15.349987838483313
SUB00340,9,12.462386897712364,1590.1907094468884,46.64470644042545,1.1253044850287328,1.3373750577647896,1.0,1.0,1.7978978119890905,0.5388652395331942,0.577484383823416,73.90485631974279,22.115066711735032
SUB00340,10,10.665304674739868,1625.4850766534641,48.46088222116278,1.5973810415130525,1.3985242633755877,1.0,1.0,1.437480781571724,0.15431058531872224,0.5893984915832404,45.91233536736127,12.955741139817913
SUB00340,11,15.27283455390969,1325.9726593168543,58.34153075989737,2.8923571630352414,0.38889734478631655,1.0,1.0,1.4417456585391064,0.47914675784558347,0.28389113598097576,45.2511916739025,12.086407366158078
SUB00340,12,9.42318500931829,1528.6549987623714,72.90043596559474,1.020999553886893,0.9180572128653084,1.0,1.0,1.716802436226807,0.5094893832992785,0.31537636073462927,22.798048569217706,12.551779874659081
SUB00341,1,59.92520987797531,752.5620284691269,95.5691446173626,4.6944195337529395,3.1893873782782762,3.0,3.0,3.5115067498343424,0.4489220629538986,0.5753928792989272,259.76100039333085,26.36153769596901
SUB00341,2,74.67068962857097,737.9136237824864,90.06775236840812,2.2982615912793203,2.21495580028148,3.0,3.0,3.8756193234593965,0.2517217977702976,0.2849271617818676,570.4154141621091,8.059475432319473
SUB00341,3,78.29544321400132,644.9281673143511,81.76624453694424,4.2333477822578045,3.310832930268267,3.0,3.0,3.4635246980886674,0.5839372645087137,0.5520137222610053,608.3468343323308,9.513647881437272
SUB00341,4,74.07602835205493,675.7905304788719,62.34099745662541,4.111150713150819,2.7066268713744774,5.0,2.791081253529199,3.616476655110448,0.3973990143511179,0.354252033919778,164.0880189630454,11.058946903766929
SUB00341,5,68.44310708569412,475.25731881513065,81.91783604740428,2.4012054385821737,1.5190511435942362,3.0,2.732289348380231,3.32519026688869,0.6098859809842377,0.5882324776228798,369.582296260827,15.984754393416774
SUB00341,6,80.62565565100711,551.6137309611653,74.79885020954929,4.463939445091021,3.280345889431363,5.0,2.6654512188977804,3.9160014464918023,0.44136686125100366,0.5275775767580864,313.8380946252838,10.18750180026817
SUB00341,7,69.4164223695507,775.5149449774668,77.1832403570846,3.9462940204777524,1.7858910416803604,3.0,2.6236547535104027,3.696383226276277,0.6291644480393699,0.2978136369967186,254.7217827860926,14.81250325104184
SUB00341,8,68.56448200589818,795.54549397664,79.20195720722857,2.2866017477102067,3.130996528511629,4.0,2.510962404954515,3.7866084931377593,0.41903004187572446,0.5975010608699055,450.74588255582887,19.194336565491348
SUB00341,9,54.18126944052938,627.3818118678641,108.67972589663268,4.108430981438874,2.4593892116654925,4.0,2.8023150912120425,3.1406658336311195,0.3524900183829258,0.4925291068575821,134.07849192746053,15.824174886426245
SUB00341,10,56.913090168596995,550.4413530776097,110.15592248324641,3.216685055155585,2.6937277075828696,4.0,3.0688114443813577,3.3447007789325522,0.5580744903135437,0.46682478555094126,444.1196240665018,11.150443623894887
SUB00341,11,79.3757305510042,649.7456658438209,69.0599905054482,2.3678807905399974,2.4847698310885806,4.0,2.942438186094518,3.7191254924981845,0.4115795798008919,0.5292541579521705,214.24542303097505,10.076091292083401
SUB00341,12,59.494468831535784,621.0789333353754,65.88665026735443,2.691135958642112,2.6395727937822775,5.0,3.3501163653898147,3.1064044340331063,0.49743932580935235,0.30310912003014534,430.36907025314014,27.464580069577938
SUB00342,1,9.494461991712349,118.55156711178816,25.670080760204854,0.7020203977627681,0.4599742343272536,2.0,0.7403152544553823,1.0,0.20248049915984265,0.45543566517020273,74.77151689368849,19.520382844541018
SUB00342,2,12.545741732057788,143.1647545254432,32.390157908326785,0.4349119212080311,0.29848864907493444,2.0,0.638832919278693,1.0,0.4515420766995617,0.38053004744220886,68.88806057129247,15.956312868963522
SUB00342,3,5.765073246243921,144.23514698075996,44.49716327023354,1.5228601164254685,0.3458302770472772,2.0,0.9168163342101381,1.0,0.4845016322271397,0.582844126367376,18.5492122716249,8.667877319307859
SUB00342,4,10.37784126218503,85.95684066825471,44.519880568842396,2.168610616189131,0.688836610244293,1.0,0.6432594228180211,1.0,0.20081600376392558,0.2584710275348991,60.518566040112624,13.417457387144577
SUB00342,5,6.3920252752961755,62.4627064822074,23.15259597391673,1.7432834598759197,0.5704614424132729,2.0,0.550560587610367,1.0,0.3245900282871992,0.4105982442099695,40.32248201556237,26.486703178390457
SUB00342,6,6.233445557115368,144.52414781672024,31.211651746440474,1.5269057695313668,0.7626159821467994,2.0,0.5687519937724634,1.0,0.4046790012853334,0.4477328175123758,35.56868630286609,15.637627490927128
SUB00342,7,2.49067749076156,78.7640162602472,42.96998962919814,1.2772340743360648,0.12474208085988947,1.0,0.6398103742318426,1.0,0.522044931831743,0.44618329406484314,5.720183411253594,26.622185375109385
SUB00342,8,8.075143232898075,109.25905800917755,35.7133342720054,2.083206922498719,0.507572098639459,1.0,0.6212948265772216,1.0,0.2995370725229839,0.39023573509519593,26.342583897615178,23.73136438378437
SUB00342,9,5.987163550826182,127.09476950077374,35.73333013139951,1.9679864395666342,0.6221219565369485,1.0,0.524579250710975,1.0,0.480817538890538,0.268325482775687,23.864526872848792,23.64764277792436
SUB00342,10,5.030116119085278,90.33359128181716,18.662669988604357,3.1728871629610493,0.5493419200011059,2.0,0.6854379631841652,1.0,0.5064759486096221,0.29239438831817055,39.966346739431195,22.988689716084632
SUB00342,11,1.3325003558435693,78.73528713844715,24.144855497041856,1.9451182146184773,0.50571994485606,2.0,0.8568453202982824,1.0,0.43741928037177824,0.3857344977970688,5.639085250495787,26.130645061289616
SUB00342,12,0.529406952266176,107.32234896586584,21.07806713936471,3.511906359241819,0.710844418490248,1.0,0.5789379960792136,1.0,0.40184103453863207,0.3737524829277257,1.8368789720348886,16.360357515732648
SUB00343,1,118.15977665615162,504.07776349281824,45.228395682718165,3.478473052359589,3.7208773616775197,1.0,1.0,4.161333695016773,0.3306080451375573,0.3709610996235646,317.9397270659401,21.86663691521452
SUB00343,2,121.87431699053077,369.6456190809929,49.23899716981628,4.374427403044324,3.840481454428376,2.0,1.3900907247265348,4.1775396830382086,0.5652260726591609,0.26939737510522893,453.9541883053569,9.554781468843064
SUB00343,3,119.18792567986934,396.7895867821611,45.337109747546904,7.449749346014304,3.4219834327395455,1.0,1.0,4.887876848703723,0.259466994305766,0.32620282189381483,706.7222736761587,21.48538217445995
SUB00343,4,125.9821282108903,475.7151922096506,45.99090922933032,4.042451949287838,3.4282269529826976,2.0,1.1770614541939142,4.296962996814511,0.4410168749872152,0.45849461906395717,517.7480782298649,20.96124440325439
SUB00343,5,117.72062891022148,353.04446108741007,48.11562272401609,6.644761086450722,2.622944255955267,2.0,1.5854914906128772,4.3847038305086805,0.4737323621092353,0.4964004429742809,792.4225877478136,17.013071480181388
SUB00343,6,136.58650863871526,510.09791038003317,40.303067768159586,6.773551479264499,3.3266686368834675,2.0,1.7736445352725148,4.115613861267056,0.32789055547860124,0.3726959371678452,897.0314086236756,16.30797016658948
SUB00343,7,132.5054329182273,459.8395230370975,33.33357763038808,3.7838813928159416,3.794376888246425,1.0,1.0,4.655386432629451,0.5700341466861503,0.2807602593524704,926.2364294663572,17.79417232621644
SUB00343,8,116.23482226769337,459.7069678960256,34.52886255650737,5.1265575508335175,2.021562515194786,1.0,1.0,4.250279708699611,0.5877705774404393,0.46327009391971663,357.22405896874807,23.794692283152322
SUB00343,9,117.37777439978008,497.10835069645987,37.178885721871104,6.23687220394522,3.731222617527279,1.0,1.0,4.012717902580094,0.6075750836251226,0.27324342969611687,879.3252468425433,14.118736906554904
SUB00343,10,117.56101717839219,486.34441219373343,53.851820334508744,4.762530656720229,2.028676691823141,1.0,1.0,4.767595834302805,0.5128003976003116,0.31838784136023945,269.9595557692843,16.087008174732734
SUB00343,11,130.8455250364886,377.47948553423345,38.499037587123325,7.091788768243657,3.0434535422683373,2.0,1.5443539741715941,4.43395810273887,0.6444457443381947,0.4077243138129743,918.7002914873831,19.086456969575316
SUB00343,12,134.30679588278716,554.4137061831984,44.530541842330756,5.136196828034482,3.796619386182712,2.0,1.6902308959875505,4.405684520494763,0.5524835834389309,0.5955456364568696,1005.5530638979188,25.254580947612457
SUB00344,1,1.368699428189938,27.421164496499042,21.504140817325442,0.4874688123817474,0.10002840003586255,1.0,1.0,1.0,0.5193128919232408,0.3008701805830689,9.221939778632205,12.249247502549427
SUB00344,2,0.0,78.62130390739416,9.504138573921022,0.2828246419358976,0.38649573641823226,1.0,1.0,1.0,0.20270317759926265,0.5032673145025226,1.0,14.030576711571364
SUB00344,3,2.104137023581738,28.441853331951254,21.783891430608694,0.0,0.13876670033732108,1.0,1.0,1.0,0.2988031460997717,0.57239362533735,7.519262681978897,27.894749757682227
SUB00344,4,0.0,25.92530319245303,14.65070246195327,0.0,0.3735851846511097,1.0,1.0,1.0,0.5182651432704373,0.42911326832740826,1.0,12.666802222383875
SUB00344,5,2.481353310468813,96.92207014336752,14.241130315397598,0.0,0.05161392249725444,1.0,1.0,1.0,0.43193253460325154,0.541826391849191,15.583510156008925,18.082465392792145
SUB00344,6,0.5877676513936066,65.24173275731654,19.451921199325817,0.0,0.012375000713171658,1.0,1.0,1.0,0.32236405793860856,0.38649149405228117,1.9704296440996512,14.56630091326225
SUB00344,7,2.1494460173164667,60.334518414717635,16.30514020817529,0.0,0.30259465179972406,1.0,1.0,1.0,0.3560003082775556,0.41021967788080427,4.83089396415237,26.142917683309676
SUB00344,8,3.5680951036573303,20.06854463904741,10.652043994470162,0.0,0.37155467462610337,1.0,1.0,1.0,0.34990448146703024,0.39607223234574407,11.358548396056053,9.441222443816045
SUB00344,9,2.526862364254619,76.57774189769356,19.957494156619166,0.0,0.08650307870070156,1.0,1.0,1.0,0.5440488950732953,0.30286037085073203,14.878041924611214,15.124081769842032
SUB00344,10,0.30779869590133946,54.73165517966048,16.046338864344648,0.0,0.24961410249079408,1.0,1.0,1.0,0.5405010589406973,0.5729962579259206,2.2725411103426407,15.28953013954203
SUB00344,11,1.2172201933012716,27.587309570007847,12.441291534483607,0.0,0.49909529320446255,1.0,1.0,1.0,0.2377941500446886,0.588909722427061,7.501289111358678,20.140182044525513
SUB00344,12,1.4786735607353472,74.64867030143274,16.31220568752318,0.0,0.018545183742294746,1.0,1.0,1.0,0.516182107423773,0.5117513191605878,7.840241598268139,13.084296131921606
SUB00345,1,101.41872616428772,217.8591692118544,29.20535657526615,1.8697928975601792,0.3689043428388459,2.0,1.5654678390240746,3.6800584016832905,0.283865572072719,0.5083611576297093,745.1121229753917,17.461304018966104
SUB00345,2,120.55671795470906,151.45314245608745,18.800418856083418,2.034726453552111,0.06247418758897749,2.0,1.9467245370495005,3.5530434506425594,0.56682242164959,0.3214783165823011,315.46312516364713,14.606964737315337
SUB00345,3,117.19102529867476,291.35339581804885,26.18319212795643,1.8036593168180128,0.6851909220934123,2.0,1.1520283051251754,3.387921675192775,0.5509760470663866,0.4862640461790399,328.0927946167817,15.158124284881088
SUB00345,4,109.68158164444237,185.76902907443187,25.05399877578953,1.2170530368093797,1.4328966645790397,2.0,1.8211105044691442,3.9106649245570186,0.42017985248226086,0.3110660681574109,403.39105107149,21.687645074239136
SUB00345,5,106.75902869268218,157.25561134656567,19.341127501928526,1.9029293329827326,0.34840000406146127,2.0,1.9249416532078714,3.877273392545926,0.41801590826457935,0.28260107083150676,746.2997190421605,15.479110210911696
SUB00345,6,100.89906559395283,168.9045895587145,34.68426349264297,0.6417164639845435,1.0237460279076636,2.0,1.916993894725648,3.0632396327153635,0.3897506469955624,0.5643375447110986,250.00901182853747,25.52317437990827
SUB00345,7,123.0983578093844,283.9040401283403,42.81575822639168,1.945755993450268,1.4412172427314236,2.0,1.2412607645964218,3.021145794303334,0.3902408764654254,0.4043874393224633,388.99503082219684,18.33418009922732
SUB00345,8,127.55200126959835,210.99954510875364,41.031465316320144,1.186570168193488,0.4148450666819905,2.0,1.487954940963823,3.326103114992035,0.6096977070839614,0.48802108439797476,932.3903376719003,14.003543259951968
SUB00345,9,127.14870674725734,275.4176482831275,28.185749155502634,1.3284971666118341,1.171118842801176,1.0,1.0,3.568315956888882,0.41613311635052186,0.5262844797528257,802.1447570438842,27.09712333629447
SUB00345,10,128.37665320406694,173.8819382270953,34.45567738373208,0.21569646492202818,1.3010244786221643,2.0,1.9234079864425482,3.322804928604222,0.6422366860510855,0.48590016597342556,833.6096057037965,19.99323030895172
SUB00345,11,115.23210426852816,160.17582758651685,43.50238778239506,1.871430752602159,1.2015951860798395,1.0,1.0,3.0906760038144556,0.4803984755032471,0.2634170276707856,353.32485842887485,21.56785004258584
SUB00345,12,128.5545307413176,287.7314810644462,39.683959228085406,1.2839534934690284,0.6390837661524049,2.0,1.502786410795963,3.6726003033518215,0.40151454672095843,0.42079097959367884,716.8036323344061,8.059576062692486
SUB00346,1,47.57166497390885,334.93876719983535,49.18691447461738,12.315595095528826,7.759825336602573,2.0,1.50256645710613,2.098085221454107,0.5328495076479506,0.3697332940301208,101.11921080024587,17.608663706568866
SUB00346,2,35.15458147032692,362.32914957717736,43.71468821251402,15.369684005491823,6.881167865397128,1.0,1.0,2.9822963423852746,0.4345156884376804,0.39320354832932514,214.27927184308095,26.93607384757519
SUB00346,3,47.04689555856381,348.77702268439856,33.49535781637848,12.556397255345983,6.249327870256397,1.0,1.0,2.4986857448701185,0.4034539921571242,0.3466045454038932,346.68682953157753,9.228804678419735
SUB00346,4,41.99397024692354,354.16118075878916,31.47059696624669,10.59233279024498,8.780201107608613,1.0,1.0,2.8130137044462167,0.5315456008791392,0.30300295921464204,110.38865178311539,15.585462639669757
SUB00346,5,40.224878178986536,358.15604188716844,58.82104079341988,15.606310999247114,6.831063429428817,2.0,1.9610982743520133,2.612091170172629,0.34471642830510285,0.5393791199928074,99.92410459326199,25.447257872078698
SUB00346,6,32.825877215831994,338.384938126012,43.67022296181629,12.109922883139035,5.672764238671197,2.0,1.7512803475574028,2.404519223653638,0.16848152988453977,0.327944477769749,208.11969169765823,12.463475529569221
SUB00346,7,36.26879041190219,373.16395641053873,37.75700263423293,12.009243440445996,7.204467536138605,2.0,1.4729767060879966,2.9737469813542914,0.21596079861067807,0.3890595280070157,287.3137356334467,13.21109139818735
SUB00346,8,29.460450522026093,326.10484480547706,51.80935183160257,16.863284996880356,7.516520590500211,1.0,1.0,2.6158942930211047,0.36455839583253846,0.5147130533663506,205.7218884830492,12.48130311585896
SUB00346,9,28.042350514508996,393.2882337034122,48.78346358838666,15.770151458276304,5.0052109584116575,2.0,1.9621767437192075,2.2037431863296204,0.44448249312434884,0.4988766538131307,84.063910384664,8.508779692998235
SUB00346,10,30.559847148845225,230.56486406644757,57.395856779973,12.71387083527067,5.270275692816292,1.0,1.0,2.5260280654337715,0.3758480326240885,0.39777061731489216,207.5356949634074,25.473003859253197
SUB00346,11,32.300044825830284,212.85773826701714,59.795541779402214,14.12801249217595,5.407695978895024,1.0,1.0,2.7173638239039994,0.3254665573027613,0.5324159218579999,121.59034552738332,8.58091602434514
SUB00346,12,33.42869937483882,218.64992806743282,43.530758470383354,13.107284635079358,7.89066252750229,1.0,1.0,2.015473375202612,0.21070707076766268,0.4408550980015844,159.78442574305316,25.45873201923891
SUB00347,1,4.443753638855761,1617.0557339978218,48.629305225993946,0.3646139334964646,0.581873848612704,1.0,1.0,1.8605538165096713,0.38836670091206066,0.4089159329327843,17.45756275571681,10.267894316965894
SUB00347,2,6.487875698559445,1762.0439128784449,45.40891812979706,1.8920270082601123,1.2256743428122356,1.0,1.0,1.7099725975112876,0.48363644925069693,0.5602014312589411,33.655147320825996,14.467496093553763
SUB00347,3,7.398892661614937,1512.5302536129154,57.39880263547526,2.390962550427382,0.6337870168246482,1.0,1.0,1.3636844026952843,0.2691788300838662,0.4873638932385974,55.521228625094416,24.376641566228507
SUB00347,4,7.5583795225588934,1726.1464689233703,71.16916236755375,2.4362205728645976,0.730753371991985,1.0,1.0,1.551877643389397,0.38016222305114733,0.2910166255315868,38.465290056999564,15.574286742748395
SUB00347,5,5.807942932803792,1777.7870631528888,53.99512905865241,2.4043002740956503,0.6668375917562267,1.0,1.0,1.288754214108116,0.2672656851887235,0.39744857188806065,12.413476154512685,25.96689987350296
SUB00347,6,5.534555547093813,1242.7816335261543,41.75869407771812,3.8949325951263805,1.278056641052557,1.0,1.0,1.86795742510252,0.301557385153588,0.2622534086384716,25.025662121145015,25.84004775250475
SUB00347,7,3.8863340657508676,1563.0096529930993,55.97304324234641,2.9808870171133948,0.9886654660555125,1.0,1.0,1.7071114370742526,0.4065211285270627,0.48683402131741527,14.74565177679323,25.05186672905655
SUB00347,8,9.2954285253645,1539.926042193243,71.53999128407096,1.8280289002706898,1.4006606182525236,1.0,1.0,1.9681646546972567,0.3757707619331778,0.31377500605293995,46.306724567174896,15.380736303102687
SUB00347,9,9.920845555448146,1718.468851144056,66.42056798218036,3.407717824631852,0.47100392580074774,1.0,1.0,1.9510717872557408,0.4612557509664805,0.3855148026071653,77.67732581193953,19.669550625622808
SUB00347,10,7.1510768661438595,1505.4383413833832,71.12371339595319,3.495440991410269,0.243935744005557,1.0,1.0,1.7616232471702356,0.5043328820330572,0.4417162978649002,27.633656990358855,16.211098303979874
SUB00347,11,8.870609630203305,1509.016572905732,66.8969002557581,2.09543890641341,0.07022422711378024,1.0,1.0,1.411257178773254,0.5278877917306338,0.5394204480142171,44.00075461935413,16.043584826189047
SUB00347,12,5.229293152078185,1353.5991392133838,73.80051366778184,3.5726598457037504,0.70224476096081,1.0,1.0,1.8822785462904186,0.23235870638740802,0.2739949252047529,31.295999862115046,18.1869367972317
SUB00348,1,62.01173557081633,636.4151416887402,108.78000965487104,2.600879525036246,2.8644931623139716,4.0,2.625195308383784,3.951680616514676,0.5836683511820682,0.5058284036663301,326.1753204480905,8.585266854251156
SUB00348,2,80.11670610559057,711.6819445984011,76.86942951344375,3.3599033896606554,2.904176488270255,3.0,2.534676333263645,3.8710452201771766,0.5379192950438451,0.5238591869038961,327.1348532763212,21.88107911937623
SUB00348,3,68.85394187451035,486.84780228616944,106.19885188540118,3.019475104180443,3.237244417669144,5.0,3.0132312692582253,3.982417904196873,0.3538432047943797,0.2626182501361347,351.88036837101527,13.329270224860887
SUB00348,4,72.11094109425434,616.9759608996587,102.92615343487603,4.311902741970915,2.9504278959354298,3.0,2.5749564327711796,3.9080353561874412,0.4351068582372811,0.5200168090241255,446.2154163641725,23.98851643909399
SUB00348,5,51.06311334169867,565.8330029952888,68.13459087361687,4.126448740276904,1.987319414050752,3.0,2.7421624781729363,3.32842892747263,0.6025781019207431,0.3964704244653313,203.59409756426012,9.389492813391138
SUB00348,6,73.55778138901822,571.8220564745201,63.45245267303754,3.403113095587705,3.3953838418964977,5.0,3.2204879590269053,3.667274431521089,0.2793698582734803,0.4443466515561443,444.56731906932356,23.264984515902974
SUB00348,7,71.80358370146268,670.1040351681457,89.72696077422012,4.041404548618563,2.594513129435752,5.0,3.252618534412552,3.9934155574850414,0.3330366110481489,0.4675716839149986,288.2625908101163,12.850539900989189
SUB00348,8,67.73411434212629,661.0936971177783,84.74585202510158,2.8395888772661166,3.423819104235232,4.0,3.3611683466061812,3.9125225388383433,0.3382906582199078,0.4195959607825691,168.0759952710321,16.878320527461806
SUB00348,9,59.79193173632583,653.03615145693,81.18950989953404,5.637668571248932,3.111524029830724,4.0,2.7931023108823174,3.452591915277258,0.4935445279105726,0.3832508604641633,309.4246640028301,19.76316734658893
SUB00348,10,55.341372257811834,490.1493856888243,119.15706639222512,3.28258908750749,2.166007465845836,4.0,2.807914065005465,3.9561084602839163,0.32317738895035864,0.4182910704976758,183.92842981211876,16.024055062118965
SUB00348,11,58.55979221433272,794.4022857729651,100.2826363255667,4.352686849237712,3.4387890975629283,3.0,3.0,3.560022618316993,0.41408100890352495,0.33981986229124805,134.72578892656043,9.452015173807395
SUB00348,12,71.45413042798971,720.6894513273919,66.81658585458227,3.729986323387119,2.000423248783596,5.0,3.494700911912318,3.99898343726944,0.33626752001146115,0.5854605974529065,275.2363852322771,24.650231079582117
SUB00349,1,6.950381015577088,82.80250177078926,31.989124737588146,1.508028469320274,0.6342270915485452,2.0,0.5439554188581464,1.0,0.2715258340548867,0.47637103984146234,31.731706826534584,10.326431256500289
SUB00349,2,6.957938228678922,133.3247828270144,31.558446699500976,0.969442023285972,0.7718593927137501,1.0,0.920438496749253,1.0,0.3128405527347419,0.5729165010753021,50.96803401407159,15.97330373172449
SUB00349,3,9.026829152358307,111.28295378352041,17.394816711951083,2.115805630332021,0.15813990742834494,1.0,0.6246803776508826,1.0,0.23063377602994875,0.28676511496484763,27.282394197438894,18.582501907392995
SUB00349,4,5.055974334498445,130.65755822551924,41.670882085480336,2.2120610749838354,0.26508241591008186,2.0,0.8707284104819666,1.0,0.545500077969601,0.3294714482693603,27.852881586474027,12.269787051327285
SUB00349,5,1.8052164251116167,105.28046622785445,25.719977595935916,2.3939683959051568,0.3277108861857889,2.0,0.8943485566263791,1.0,0.2786074349114194,0.3855701121810162,7.154017206084447,18.451534806713607
SUB00349,6,10.298587028630624,170.49287320517274,44.54649549042558,1.057770550200327,0.9054752217342896,1.0,0.6945233777919533,1.0,0.2979625293575979,0.40132017570726497,72.17682607488095,15.788368503544685
SUB00349,7,5.081482706798395,127.23911656090256,19.424151280580872,1.0183365173037537,0.6147942125746627,2.0,0.6283512715415169,1.0,0.47888164742585426,0.44580293132721266,19.240693940315225,13.278708310231696
SUB00349,8,0.0,73.04693027685653,40.85360306196211,0.8170065345035741,0.40384500324972394,2.0,0.541792009026882,1.0,0.38681629924975125,0.34449244602698303,1.0,22.58275059059605
SUB00349,9,2.4544815424829975,115.61433743158611,36.75114487279068,2.1487938427394546,0.4456321198612463,2.0,0.76827783753506,1.0,0.49588838498761845,0.47709703192957365,14.651766777923843,27.241259151491676
SUB00349,10,1.8600738316256846,115.05770320186824,26.617531229418915,2.1586738310696076,0.9086936053777491,1.0,0.8472001737609614,1.0,0.5381116177411587,0.598017343942541,11.196914912891566,12.19715648894645
SUB00349,11,3.7370084354962776,77.91839159144173,21.688162691155686,3.0442420386719706,0.7137880340619285,1.0,0.9968641201929189,1.0,0.2337099672266997,0.4857655476596085,19.86609054279699,20.18107587904845
SUB00349,12,1.4257802497163752,46.763188497566176,33.14712874612937,2.5412910813331533,0.9873836777472144,1.0,0.7337846091106961,1.0,0.390891606601088,0.5026684628160847,11.235653199854978,17.69356901289299
SUB00350,1,123.43121111980714,527.2114597008092,47.060815176239416,5.304278952596364,2.717045641612782,2.0,1.7969242985513425,4.0315946491167285,0.44954554838008753,0.5653559272113288,325.4523639527082,15.147747684737366
SUB00350,2,115.04811184390245,428.5482209021699,50.933178188213155,4.476414121293054,3.4469480223360858,2.0,1.2183938306155677,4.099451286070838,0.5807063889513652,0.3265967734121892,912.2477631423798,18.452905555446044
SUB00350,3,131.62165823739772,595.1704179001803,39.78712272011022,6.536644332932717,3.2580037515867772,2.0,1.8000494252268648,4.070044831845621,0.4771192006773949,0.49048774854856225,504.67941714197315,21.544778490167165
SUB00350,4,138.97461225191356,421.47526959930104,37.41831662562944,5.906809986302164,3.221955285515839,2.0,1.4149142187484611,4.0518240189682615,0.49869617385343057,0.5920291393331709,573.3176600476521,20.493710191812525
SUB00350,5,134.96458466753387,518.3379694612426,51.779861594455056,4.9433128088058425,2.8010947572557043,1.0,1.0,4.885687857368473,0.5028619654530772,0.45305666828501867,583.6085830980198,27.559708156170505
SUB00350,6,125.12255352307717,553.3793296973033,38.18174024032652,5.448436325338734,3.754214249182704,1.0,1.0,4.5918275984819585,0.6389377191081199,0.26829629842328384,736.0717836704227,9.647230266428497
SUB00350,7,121.71216545928273,464.4312310811829,43.51471235445517,6.634967392876685,2.4032063313878327,2.0,1.5458847061514174,4.516102308833688,0.3544945765468138,0.4201820124074181,684.2576646047802,16.695083678089357
SUB00350,8,118.9471358196583,477.713295399185,41.91726707716518,5.3949949685073975,3.443030749278921,1.0,1.0,4.19022908456041,0.6225432825202807,0.40714431181351707,248.5830278648385,17.936284899999787
SUB00350,9,132.99480178049234,412.71417107793434,41.04921989020264,7.263267201094454,3.6129395217052944,1.0,1.0,4.366605230596747,0.48056808320729627,0.37274022447436894,912.1217715416486,23.78301606067975
SUB00350,10,120.27379611214955,335.528575226884,37.41211400518934,5.916573795267759,3.8997965261558325,2.0,1.0034289458664913,4.649929896283272,0.3326877551793766,0.45161247671595595,566.6387676853128,13.563558530081734
SUB00350,11,123.26869869341888,369.09130851122876,39.86403897726359,6.402584175443048,2.454196646492223,1.0,1.0,4.113222213772406,0.5072784021891199,0.3697875745046421,590.9479795966827,12.128802011640913
SUB00350,12,113.50056363394602,400.4282184708684,53.075883940114466,4.8671666470052335,3.6537379411044286,2.0,1.753209551677374,4.559459354135842,0.3904010727157724,0.5674714119310826,483.58809820144006,17.17661557272156
SUB00351,1,3.171251876708813,50.81033675544339,8.293768588820292,0.7028540361417207,0.14541236757261655,1.0,1.0,1.0,0.42690510012414573,0.4148760273824753,17.048377432172003,14.678439793249115
SUB00351,2,2.3265216394870234,58.025716669300834,23.75001599008588,0.28466753415114354,0.17956940088183043,1.0,1.0,1.0,0.4566524446581405,0.4651116788835719,15.359818037603103,21.38605348756442
SUB00351,3,0.11614653033328581,44.41876337494082,7.485334092072316,0.3872794093096901,0.06573965263612658,1.0,1.0,1.0,0.4290101097276646,0.4832511916057964,1.0,25.384354819638148
SUB00351,4,1.98163308477071,37.56844011799737,11.511568948503735,0.04802614016225504,0.195170802144553,1.0,1.0,1.0,0.5475490208344722,0.39910331888798034,15.743627931465383,17.642058758323014
SUB00351,5,1.3302235715042985,26.25525123274953,8.68747622938786,0.287893839303772,0.3666309034168379,1.0,1.0,1.0,0.22222662607998178,0.44547754446300536,9.710722492512218,12.85966475848114
SUB00351,6,2.157355277594597,24.657182974223076,10.63256059903905,0.5921482699971266,0.17923652112536237,1.0,1.0,1.0,0.3896644877571194,0.3642259880662324,6.8421118880958804,22.81348817441964
SUB00351,7,4.523610324574942,9.41319979945218,17.504598246497814,0.26752017068930606,0.11939090193740709,1.0,1.0,1.0,0.22799982959167395,0.2673719199079229,18.762436849030486,16.518367480046543
SUB00351,8,3.8696354817746994,46.11609558288662,10.72806980432717,0.2698820482454121,0.022389853481117106,1.0,1.0,1.0,0.44856858922105225,0.4553896552085553,8.349053843979268,14.589930052004407
SUB00351,9,2.7097198288382347,37.84462192361042,20.742732027209552,0.233886045482262,0.4036379486193621,1.0,1.0,1.0,0.4666000326991381,0.3213715218747148,13.404264886030488,11.800975698159746
SUB00351,10,2.9361976235195115,31.99760295130077,16.38421841317181,0.30056320432097017,0.3865775949135417,1.0,1.0,1.0,0.38445452148597453,0.39638252602983026,10.704657807630316,19.073522033797946
SUB00351,11,2.9823046401996702,62.15164620513657,21.137660186312136,0.12622965635846312,0.03335047511175493,1.0,1.0,1.0,0.5047883750417269,0.555871834546843,23.40873231816359,15.964710178782205
SUB00351,12,4.808817657850119,70.13127726302108,18.638330859568676,0.31675496131339465,0.3965820357169224,1.0,1.0,1.0,0.37413571414411806,0.550294124623175,25.53071718067171,18.68831098803976
SUB00352,1,102.39886665843797,231.78161912957083,44.68888176446904,1.0189309177197312,1.0429938083463477,2.0,1.6914459332670897,3.1184747779938826,0.3085741466834344,0.2770761913547132,588.026371221602,21.010591267954613
SUB00352,2,103.79173558042491,312.7444737238179,33.78204546476958,1.2060390959378964,0.6845465786435071,1.0,1.0,3.589334582625596,0.4020525625290099,0.3206048592248878,460.9116490943664,11.356718741423595
SUB00352,3,119.62718198690199,288.96089583104117,41.822013555127114,0.2216763454768335,0.9253583393346105,1.0,1.0,3.059110397340848,0.6380685329396091,0.33871594455288234,319.0850163321598,25.935148283344436
SUB00352,4,122.65556954088372,170.5452702227647,18.336849177602705,0.3097417110179762,1.2658898831924144,1.0,1.0,3.3330503817868853,0.2723696661032,0.3381903885263935,296.20792701380356,11.757334337951113
SUB00352,5,104.1376293642002,222.361785798279,15.869648656811162,1.2977917747829983,0.5751302383412524,2.0,1.7474716437860165,3.4430017576971146,0.3867604399096658,0.35091612136505856,351.883576179247,21.25384634561636
SUB00352,6,95.49027269280845,173.18328894975437,26.721759286976102,1.5971559217417985,0.5478086584971025,1.0,1.0,3.544641577803327,0.26076334894798203,0.5657561064487924,671.3843085589901,10.484297721709286
SUB00352,7,115.47988943064888,287.94665854997356,25.76601801131585,1.648660383939908,1.392097362340334,1.0,1.0,3.656725389056073,0.48549378785923436,0.3978076893403727,510.55152114692197,19.783290533713615
SUB00352,8,105.5252946133198,241.30009279049904,31.621412257854782,0.0,1.478401832681261,1.0,1.0,3.3432580879380756,0.25247123955922246,0.5607183283467558,660.4515009506124,13.632016957265282
SUB00352,9,98.92750517464272,210.31187625506385,19.74155753127971,0.0,0.37596190347150055,1.0,1.0,3.944225244828691,0.4835310268992832,0.2652819295315006,328.58631437885066,16.97423025817975
SUB00352,10,106.10858337859214,295.2614092774864,25.692086862953992,0.06638431047256915,0.0903891632169781,1.0,1.0,3.3385445578337953,0.2530388142967606,0.5513866827831986,346.6466812055938,21.272283514407974
SUB00352,11,120.03751697891443,299.6996727122966,21.665625119817708,0.3722049790924149,0.8853260039334807,2.0,1.0433674650089633,3.40694277266973,0.5982728217443019,0.49684283725651346,460.26236685941853,26.699668845477046
SUB00352,12,111.32789094530787,267.982773516244,43.188335588169224,0.3856366942204441,0.3056273753352786,1.0,1.0,3.271262300158316,0.48490726065054945,0.2577254882049274,574.426193690222,23.226377379696952
SUB00353,1,48.465399902872335,263.7258686226216,37.870649323381734,12.285150824654508,6.9249558785181895,2.0,1.5650972972389385,2.249819459313609,0.24872175179493702,0.2788540328408681,120.98946575010666,23.2845668254438
SUB00353,2,47.97672571928184,406.1525513437877,42.449318156206665,11.674154374940608,5.945218574069221,2.0,1.4834756362958048,2.909098781055248,0.20303052970741015,0.48911656093533507,265.15710849387904,22.812127595938477
SUB00353,3,38.7116056178048,305.3275211312023,40.79841577901387,11.47317056180016,8.691350347819142,2.0,1.285949527862999,2.1152988690836616,0.30972457259005864,0.5285852602220344,141.30107706150844,13.200396600759206
SUB00353,4,48.118260785957375,262.3231727025359,64.68448375711203,15.962765317429126,5.499943061360126,1.0,1.0,2.0468445166015155,0.20259721178279105,0.2645250021855817,129.43193976459602,19.0925710459431
SUB00353,5,44.49841987637853,391.7345782563645,31.7124912349611,12.819418187442436,7.547597980051099,2.0,1.2530688662480682,2.6520880642634332,0.4424144338879099,0.3509412544858309,353.75861467910016,12.605781857045288
SUB00353,6,29.897156643942772,281.873795017883,48.05903471239465,11.85528390598558,8.45398622604611,2.0,1.12110678148786,2.8730581628683676,0.49468094641426785,0.5476518848749772,108.96618304326637,23.92194480907611
SUB00353,7,32.14218970839124,220.93730861403648,61.75912016728544,10.565536060101559,7.556774262216634,2.0,1.762485117601618,2.9732575091223516,0.42819229345206267,0.40500462163234185,185.81573396188992,14.130477346473459
SUB00353,8,30.121643384995703,303.81774607963996,31.562034439076246,12.93556902483022,5.325078444345191,1.0,1.0,2.4589716311085965,0.5064611513366465,0.2770389552715915,165.9672032419995,23.0393171921413
SUB00353,9,39.20628225579205,309.47009310740907,44.1705926435216,11.885036258840364,8.22875337645716,1.0,1.0,2.4358611153281067,0.5168450574986622,0.3262998562509817,108.14841358635584,11.062418851483057
SUB00353,10,47.952703759855815,228.29329206451214,40.722333298430556,16.089332991801477,5.3423359928546965,2.0,1.5712346052253894,2.151021213738163,0.5470809267919127,0.5673588279000219,245.45034391474272,21.988585088256475
SUB00353,11,31.90181532722514,231.3211783603169,35.9419857211148,15.098122899623167,8.849154092943744,1.0,1.0,2.957692796523787,0.22463930504737367,0.31990139151600977,184.49394800147377,27.736844410516348
SUB00353,12,27.844601541314812,282.7552658516692,53.95316130145271,14.216604058161249,6.29247665161358,2.0,1.5433983050052626,2.7668639029603415,0.4960334694209759,0.38688560026751395,57.452605881769195,23.751703029837962
SUB00354,1,1.301955330751936,1394.9877472010405,68.92645306216865,0.43625485985395734,0.041057456988862706,1.0,1.0,1.7638744039277832,0.17058073298199078,0.568369422633217,5.319135317895878,15.782505258085202
SUB00354,2,1.9817678831954553,1222.3475403635618,62.17675638152521,2.0866346810243486,0.1935570533418013,1.0,1.0,1.2215239392133375,0.20843454421996585,0.3972355896678752,11.006440940342388,11.556867966650547
SUB00354,3,6.130246124765234,1641.9837484008146,55.71372102094902,2.865824174375905,0.227451755312838,1.0,1.0,1.9647286756420428,0.3689665866799661,0.45632739907266306,23.4867315521418,19.131944633937117
SUB00354,4,0.09403748904806619,1606.314284465205,67.23119196704748,0.6759130256676125,0.7917674484121446,1.0,1.0,1.6783969035058788,0.28139960186338075,0.43135656594863814,1.0,22.006512704782395
SUB00354,5,5.009984758606006,1729.4951271393877,72.78889916824208,0.0,0.46413827486898324,1.0,1.0,1.37602433569266,0.2417071564570623,0.5138537679176399,19.25675021310139,14.468066696561399
SUB00354,6,4.483714059800092,1199.5291951067147,72.93158015260326,1.5634244269088318,0.9304475070659306,1.0,1.0,1.2332909584149905,0.42790931052053904,0.48678637492089794,28.148292144757516,24.78675391224763
SUB00354,7,2.371376080906966,1587.4877538294324,43.653939486414956,2.6695779180829695,1.3316506794067493,1.0,1.0,1.5132974830611547,0.4542567731255782,0.48045473102797953,17.447527969939603,16.593078569050636
SUB00354,8,2.979814539756345,1537.2705341135243,58.69557765664481,2.3120465200603415,0.3058856071656318,1.0,1.0,1.1885823683268617,0.1748601053449244,0.5291753832800989,12.027541843819913,16.493060974052877
SUB00354,9,4.530544124215364,1533.9363604372088,58.25217444162703,2.957219563993603,0.4876452197481266,1.0,1.0,1.8142371631014385,0.5244977031856061,0.29548209491128985,17.004272690924015,19.218627367091806
SUB00354,10,0.0,1404.5424293704295,47.91397523178371,3.26175519753871,0.020922872439030793,1.0,1.0,1.5915466652066836,0.4835349686747855,0.5248232577936762,1.0,20.34262513450307
SUB00354,11,2.28125113799768,1611.172394297126,43.380391284157476,0.968686533147332,1.1394870935549593,1.0,1.0,1.167465613569072,0.173969374677671,0.40326632027884235,17.864908936161576,8.840145109571083
SUB00354,12,3.1522799013919824,1222.3378417578328,43.959294792423904,2.3294744830326404,1.482773432650771,1.0,1.0,1.4347561082359646,0.2618058813085564,0.4384503839907258,10.94628103714221,12.798446453688216
SUB00355,1,64.78386093675324,586.5872475024028,118.37488046798168,4.006408238594551,2.7598906817505275,3.0,3.0,3.100402014652068,0.252236717482195,0.5692516570627029,163.22619298303763,21.72422792017262
SUB00355,2,64.60452214316678,781.452591057018,65.60234024213463,2.8690140915083098,3.3709583476271314,3.0,3.0,3.591180045692224,0.6418131317841257,0.4681157869348488,458.543998682027,10.896711674109158
SUB00355,3,66.15643300978249,447.52231733353324,116.70088602052508,4.55112874892207,2.478526558836787,3.0,2.8088931852019314,3.1806776140767266,0.6453544369555037,0.4266195040904025,193.40169077356737,17.347975864219876
SUB00355,4,54.06430811270207,678.2888834790623,103.79411150686265,3.1210221397592814,1.6808944389762435,3.0,2.5325760781903552,3.1043386829101403,0.5117380605299457,0.3290133750688724,110.31626374760837,11.914875897411505
SUB00355,5,62.02219375286031,498.3752536626531,61.442013360586216,3.960405336469497,3.4629632356797617,5.0,2.9233907344151584,3.6278816086319754,0.4260833837026353,0.36538315677996425,463.45782948284943,16.22108895592865
SUB00355,6,60.298755439350955,696.0387694201294,79.2532161721829,3.18889932882029,3.010506996653996,3.0,3.0,3.7071632875323433,0.539195911991861,0.34273461940799105,256.3745713982334,9.325287252126632
SUB00355,7,71.96998680307907,692.6070237445414,78.35181397969866,4.273588242116942,3.3497115864359683,4.0,2.9357250626511213,3.0127777456393305,0.25872520478477823,0.40584438233799003,332.5313625486409,8.236345734894668
SUB00355,8,66.4613090700236,571.74933130164,95.87723581812452,4.700625398997146,3.463232797984273,3.0,3.0,3.452432286718378,0.6258258274285262,0.43856509011096556,429.96744073451555,18.415166160391255
SUB00355,9,81.76559808683956,733.3287660776621,94.34112298735592,4.1929428124946115,2.055491107174479,5.0,3.067322331815364,3.496970664174298,0.45400996903567004,0.5768305857587113,601.7811387765287,19.78146688024409
SUB00355,10,63.27489985358454,474.9787762719854,71.3780474302203,4.258024390158478,1.5631727429656996,3.0,3.0,3.4061768583408396,0.37543511967841214,0.2672307051829942,133.342702393318,20.68829298590838
SUB00355,11,73.0782299626615,633.7861335012294,111.7763661739987,5.412206684755489,3.403088297051811,4.0,3.341713051742556,3.7311994612768675,0.4471487684061689,0.3936801945939825,451.69522984730645,9.421082801156306
SUB00355,12,77.9350551720492,563.9711655435343,116.089418606967,5.558174271682445,2.7920900381973284,4.0,2.666654265247813,3.5288905437998292,0.37459394478953645,0.30999033400406634,485.0317057918261,8.181666530185808
SUB00356,1,3.784386525764413,145.67875175782245,36.16945514837939,1.3050717218587058,0.03440510866195645,1.0,0.7724908197161722,1.0,0.545246564291436,0.28249853573399974,25.010606270086626,10.713573553427377
SUB00356,2,7.200416689682941,106.25812926711701,25.84490481116291,0.38010845272508165,0.4864694061271009,2.0,0.857704582277934,1.0,0.40967378915096964,0.4628372699952397,44.793687361430656,27.124363874012897
SUB00356,3,11.20530804919228,126.29161543072136,19.40459954325746,1.4680904124115812,0.5670308394241509,1.0,0.6152826250330303,1.0,0.502291008975823,0.2941044586348928,62.46585500665157,26.195571362314432
SUB00356,4,10.135003371289503,153.53307896123238,34.72046044937197,0.6692175748389932,0.8708617462664555,2.0,0.8484297166777683,1.0,0.2086787220312709,0.5467612286965506,72.90275803487285,10.704463968569708
SUB00356,5,12.162699489312581,96.87863298499117,35.61612913789789,1.8459526479142876,0.2584100110332408,2.0,0.602471329750977,1.0,0.547988788860603,0.5771526891926899,31.179236652601254,12.034972967610091
SUB00356,6,11.07075815611896,85.1676302181736,32.608649559560604,0.8518574431492564,0.37526472405821154,1.0,0.9591707997001143,1.0,0.1659121549312399,0.27548710012224725,69.18987917423372,8.088871007113331
SUB00356,7,13.08634404898611,91.56230810703967,30.255485745433923,1.622516863371597,0.9751956918609546,1.0,0.6208119701292372,1.0,0.28301836339820574,0.33354860020021093,57.14505602630195,18.654302528365495
SUB00356,8,14.510204310778184,115.39225595840887,28.82316110426104,0.0,0.6406600767608008,1.0,0.6093507172633992,1.0,0.1658498563813607,0.5060117204767718,88.87593729619397,19.214510742744547
SUB00356,9,7.479838154241847,140.67577419103702,36.26822143601587,0.0,0.7894320503297861,1.0,0.6878948892188552,1.0,0.48824361456835097,0.5417866660954227,44.27086403941803,18.08744749932351
SUB00356,10,15.851881432058232,182.14691717906086,23.065676058871475,0.23146589243520221,0.25260330606440184,2.0,0.5391611120669142,1.0,0.2984427411744322,0.3239125336841999,57.11503328090486,19.854741237171886
SUB00356,11,11.890561418625929,128.2879739125285,33.50516092748562,0.8357574212072293,0.14242268694203208,1.0,0.5793278819324317,1.0,0.3285814717808676,0.4611367971915389,46.24228388290899,22.541870416937456
SUB00356,12,10.389130702911668,91.78445560701861,15.2571161279441,1.242456906531947,0.3909335839755623,2.0,0.9665362071568474,1.0,0.20962997968777614,0.32391254677575887,36.814401193741794,26.626173409371024
SUB00357,1,134.03404936828082,337.0084533292911,38.910958329386204,3.0208754581458734,2.40230047158018,1.0,1.0,4.682392516832189,0.5681888999062352,0.41633570493939176,589.6479607910358,13.14393920029367
SUB00357,2,110.8658769381257,348.65310180578723,49.77535831210257,4.745367067093563,2.7476383582945285,1.0,1.0,4.150203721227709,0.43484724443146505,0.5886848359456993,321.5053939932029,16.115197487763815
SUB00357,3,118.77391104473291,296.1134005446814,36.61256630389627,4.430105108046476,2.583314299758733,2.0,1.9173421876742232,4.447422689363252,0.3120337397178681,0.3511952196789323,805.7314744876172,10.178588374050161
SUB00357,4,121.20582600505506,313.3321676817509,38.97707688378183,3.9248732074870993,2.938528771081796,1.0,1.0,4.778042865033423,0.43037800427733997,0.5000679490888338,320.32930441809725,8.637161448129076
SUB00357,5,118.09463913181071,350.7803077604556,37.42737783343116,5.209890363843594,2.339790633723991,1.0,1.0,4.346056214624735,0.2843797323969353,0.34353814650631603,822.4905878382531,18.331042594482287
SUB00357,6,139.2398397991078,372.9635129438173,31.98535885218778,4.502198766545725,3.2432924868876087,1.0,1.0,4.87622257274434,0.46190411014076127,0.3972957791890635,862.0697720823157,12.078015788406404
SUB00357,7,128.66905298305693,546.7653988620038,42.651205045093725,6.5968090751607145,2.4706135463143664,1.0,1.0,4.111112822411977,0.5973940970285216,0.5635542785482356,375.51455327077895,12.297889209981731
SUB00357,8,116.96195087441095,540.237734078802,53.35869706574999,3.605721950388878,2.232212226792977,2.0,1.196433361207979,4.934263251951338,0.5606324105918062,0.5617717367342028,590.5037002043987,18.237024301167974
SUB00357,9,115.7948821376804,452.1107069592547,44.73527684998767,4.134912550179848,2.2939049759945247,2.0,1.0365402713228633,4.673297852998681,0.5195223818051736,0.31980142211244766,560.2523507128906,11.521021897559375
SUB00357,10,120.2932802057319,404.84784353558206,53.45514222424016,4.40358804687386,2.684274806634367,2.0,1.5955626718451537,4.504262540939345,0.6241650068025582,0.5669731247100237,563.8024769277877,24.535256864804452
SUB00357,11,140.61311410174278,484.12176464903655,47.30650766824219,4.200401549653884,2.7354419933581697,2.0,1.1286863031196637,4.462913382353832,0.3857132682882206,0.5966711299267764,607.8235493044606,19.26228836009973
SUB00357,12,141.54150132978415,527.0775007827658,39.0586893107406,7.060325918656442,2.7259689053787324,1.0,1.0,4.06560439407317,0.6094826487092985,0.4985402202371072,560.6905103572093,16.049111854537813
SUB00358,1,0.4070442596017673,21.593212986980944,23.571467107306752,0.2511448827924255,0.32482178578960197,1.0,1.0,1.0,0.3605296602047229,0.2821551842610016,1.3157483161813655,8.810788398488372
SUB00358,2,0.426458070676373,83.34452806381644,9.84193854457213,0.26479664107629175,0.27740750550291843,1.0,1.0,1.0,0.33374007887142354,0.5563566345784734,2.2127836042683278,16.53725328604061
SUB00358,3,2.289353266063002,83.25440928753281,15.3389118881392,0.0,0.2858048372165669,1.0,1.0,1.0,0.3125018112625235,0.48855703359360503,16.973764938172543,9.221421187581019
SUB00358,4,1.2523144077428583,95.1256979050805,24.097689900108424,0.0,0.42720852133934895,1.0,1.0,1.0,0.5345536845147647,0.25327395255776897,3.210753552804399,9.497003604644448
SUB00358,5,0.011338822127561765,38.560009639888705,7.902619276568876,0.0,0.02247656415183935,1.0,1.0,1.0,0.2254038761100548,0.4713866752874055,1.0,13.681374495175708
SUB00358,6,2.36189365512714,72.04375161035578,13.567376555180457,0.0,0.28095818318082616,1.0,1.0,1.0,0.5139923572674178,0.4428245506312627,10.32130296589849,26.725659109085225
SUB00358,7,1.2457087781636862,81.23638130472739,21.53653990330873,0.0,0.2406325267924853,1.0,1.0,1.0,0.2556989115926181,0.4527359724870582,3.3679783289706733,16.204958670360984
SUB00358,8,1.320130673853333,16.182092440777577,14.340697633124904,0.0,0.04264432798454221,1.0,1.0,1.0,0.48113258473521625,0.5380455951971435,6.131626874521817,18.32414866282169
SUB00358,9,0.0,39.78073772410524,13.461757341731737,0.0,0.06744847758600625,1.0,1.0,1.0,0.17740267581726005,0.5473558080074521,1.0,21.948814232098748
SUB00358,10,0.9935121029360953,72.06459750379909,17.01891721012035,0.0,0.02214035696179928,1.0,1.0,1.0,0.4936138999055998,0.3737225057333417,3.2935196779102576,23.01670873507703
SUB00358,11,0.0,89.57365680018312,8.801623741147448,0.0,0.2164634405539559,1.0,1.0,1.0,0.5435523497829519,0.46781547227349635,1.0,27.982641734871724
SUB00358,12,1.6554874729459486,10.796796036087372,16.756675197106603,0.0,0.17717823087434875,1.0,1.0,1.0,0.4132320410807512,0.5967161605898708,6.332331449620523,23.099650683215575
SUB00359,1,99.53785563884816,227.79297961317312,33.886456257672236,0.6190192168499293,1.1043908733784362,2.0,1.018937349611822,3.619348942495957,0.5615756045046948,0.41252682532296897,229.5360676491891,13.797711867869943
SUB00359,2,101.23522788353581,170.41481851285178,42.657233187212164,1.557173788932215,0.5349093288247855,2.0,1.3903895597385976,3.1835560740271176,0.5732407690423977,0.5417820581106982,487.7640061794552,14.147690004257548
SUB00359,3,116.33167943454711,234.58374133306538,23.393686880123262,0.6152618639628694,0.3296179872916633,1.0,1.0,3.5230532866114475,0.37356374811828585,0.5249184671648495,678.0132414235699,9.097437641045058
SUB00359,4,100.221154935303,236.77083467531367,24.056868447898374,0.22265918467519252,0.03891249555372395,2.0,1.1663896018969018,3.7344803974774226,0.4692173621134895,0.5255407524255338,579.2358113622673,26.18804170984189
SUB00359,5,126.42332385213999,286.843590028728,43.01752383339026,1.5871307327919895,1.1127282700431989,2.0,1.9166876745489172,3.1154547681821914,0.45833473934059843,0.560756496856884,671.2398842773837,10.910089199960833
SUB00359,6,118.62218690915103,225.5134962387731,41.68810032377414,1.4632619583322741,0.5792106359443218,2.0,1.6760965588470675,3.7611897810434125,0.49966696694576074,0.46286145911134124,460.0139920507173,17.050654437789852
SUB00359,7,125.18890885111827,297.6890360634124,36.24102918321029,1.486640070374939,0.3705716288641592,2.0,1.044077577634309,3.187506842423641,0.5148621145357954,0.4826635432399132,657.5137417818752,18.042133873934294
SUB00359,8,116.11881722233184,164.6334031549644,16.08636669164869,1.6654705537215988,1.404809632823266,1.0,1.0,3.3459654859007735,0.3924888582957211,0.37700277979911734,657.419625320133,15.330851691979186
SUB00359,9,100.3306382080847,232.84482650239414,41.18785230411599,0.36993242803044585,1.0380634769160029,1.0,1.0,3.227945765134821,0.6337734590221141,0.5723000310060962,791.7738727364995,10.928100644235528
SUB00359,10,117.22803780840395,299.7200034275766,15.892731695560723,0.5366807862056053,1.4693686607949101,1.0,1.0,3.197539686027885,0.278941312994401,0.4683819130726413,498.12606354944063,22.86419236998833
SUB00359,11,109.08140928981376,288.9501083545719,42.09844920732445,1.6995487075371045,1.2434535425658004,2.0,1.8023522561853378,3.770546171331037,0.6498587539617027,0.41895031659507154,727.8573238544865,22.264360120071146
SUB00359,12,112.45327659016033,226.5619414399651,24.138827039515924,2.112586667105154,1.2397440443635066,1.0,1.0,3.7407795718641057,0.5962049371248891,0.2588038592429463,762.2102894094087,25.825954021947368
SUB00360,1,34.93086266473965,318.77561907299344,55.24536854882466,12.999774290075585,8.47199312399532,2.0,1.0893854042943014,2.5387569940999146,0.4489447821373935,0.4859632550001214,238.54983874466924,23.571926249623477
SUB00360,2,39.9850924895459,367.3688854273345,34.86576117726023,15.35015890517155,5.666320208262879,1.0,1.0,2.2768238251289805,0.3764645308980351,0.3245073130050264,287.43401772921885,16.595530155857467
SUB00360,3,39.37066826218844,225.86755028932737,54.01932789061131,12.024907127186165,6.963259573263197,1.0,1.0,2.075972937481318,0.37401022894994573,0.3202054499240017,281.81068446211714,11.558400076108644
SUB00360,4,37.829394846041964,185.2520535044224,46.491056291161925,10.726902634341629,6.258347680507269,2.0,1.7706819430477663,2.801417827300148,0.29643552635540193,0.290613521393243,85.49431435190338,27.03244109705234
SUB00360,5,29.715793230421596,204.7606951415238,42.623301523817105,11.641279745251992,8.858081914570596,2.0,1.1272220730704445,2.6813824341405286,0.23303423884665503,0.4234708666250404,93.9487314180283,15.669004259641213
SUB00360,6,43.005382593684814,227.85783300091754,53.06231941826533,14.81212330680627,8.511569107913958,1.0,1.0,2.442570816960412,0.305066099000071,0.5524088389388914,257.02476218611736,22.765734978643444
SUB00360,7,45.49235291627537,191.28856640228958,62.88073610446181,13.418055272629987,8.936345440691186,2.0,1.4945393440904433,2.5371269746402514,0.5180890969594999,0.3772734508076937,271.62679150672307,10.290872592476795
SUB00360,8,33.3413627353563,317.7284839490805,34.50633988028797,12.20751082772708,5.376739738671867,1.0,1.0,2.008972336718676,0.193640780278987,0.42095310298856947,88.35917843902251,15.986429391832386
SUB00360,9,45.70293544322264,307.3966934280199,33.74871596937292,13.882153028472668,6.77753169672075,2.0,1.3293350315827448,2.4875711734215153,0.2522110999323043,0.39761186200651094,341.39158518512784,13.97407072047718
SUB00360,10,32.83288096458159,258.37817608788697,33.66352646170415,9.943345563873354,7.436237626651511,2.0,1.076090168792864,2.131553916544461,0.2388849674720038,0.3899949963145538,175.99589856336002,20.392015640011195
SUB00360,11,38.90191585399646,290.6896899020833,52.80275038672235,10.939567336427077,6.907991932780019,2.0,1.5341665983006965,2.311767687629668,0.15504297502239303,0.4383412982828052,260.36259237979397,20.276475770522346
SUB00360,12,25.08933797154761,346.8869527955656,43.50036911789554,11.00972254182071,5.831807796020677,1.0,1.0,2.392449276493302,0.5086027198524607,0.4777798810806988,67.66789789176805,27.52587942491012
SUB00361,1,5.571652108406292,1743.7172047478318,46.8485129151643,1.5529812927049225,1.407652804271847,1.0,1.0,1.6991405965252269,0.25816375072674985,0.2962797879785753,11.286267314260805,27.280438643509694
SUB00361,2,8.693533469563434,1559.5000265149552,76.47386005116866,1.6375715727366504,1.1366672958228263,1.0,1.0,1.9366973767489428,0.22788062916585355,0.4404828209306908,24.31542708995321,10.670807472087095
SUB00361,3,3.3674360462795407,1699.3406385524488,73.2981128223814,2.816426364130745,1.181478384923973,1.0,1.0,1.284860273947015,0.4185684371133267,0.33072086135841494,14.181887142328614,11.092385920159085
SUB00361,4,7.710341056207165,1693.9172095065767,68.54506630963154,1.1383909548683944,1.3276796741458936,1.0,1.0,1.7192586202809865,0.5362209628186635,0.3116515833699175,49.953439039251776,8.07047848641655
SUB00361,5,11.531578714854517,1808.810132072565,42.04515192344472,0.9664599109013079,0.08144759218450753,1.0,1.0,1.097576625395018,0.29663573265608156,0.425536790441317,30.239420866881442,20.81327704913541
SUB00361,6,8.638846706472945,1351.8577442449173,52.01003903917996,2.310780008289305,0.26931388878570667,1.0,1.0,1.7656792659612472,0.38020832107778957,0.5905330633275825,18.78112386337873,11.003721436426169
SUB00361,7,4.478896731821956,1370.4959780674253,44.9637416271116,0.4216635473836456,1.4898710059456781,1.0,1.0,1.6469418340521405,0.3258582927393626,0.5706661794178682,12.561280504342484,8.557490676848523
SUB00361,8,5.559096496159343,1741.3921830770616,60.93053953527224,1.66159046669799,0.024603463283154214,1.0,1.0,1.9400544019255244,0.17727123619625657,0.3003647602910363,26.704796965533795,16.85200174461785
SUB00361,9,6.673317128158972,1277.3174666303712,73.65792434652539,1.0351043223989627,1.2625581077091916,1.0,1.0,1.1643360470313329,0.4063168630032188,0.5791412795484743,38.15360006281305,17.813758021253243
SUB00361,10,10.23421849223899,1369.287392779316,44.731897224963134,1.5904994806172028,1.3089941878926228,1.0,1.0,1.1391888082066468,0.1762180687041281,0.37968879227741903,28.510724893116727,23.353477762814265
SUB00361,11,7.841129100128832,1239.2911504773608,69.09357402499137,1.7681008255540238,0.5461422446475835,1.0,1.0,1.0261187029285554,0.38885530902952736,0.33659599681210384,34.504857906804226,19.48888926248121
SUB00361,12,6.807117346335566,1227.8693609511122,41.80054837214142,0.0,0.6785541690712489,1.0,1.0,1.2529817431694799,0.1698256672394352,0.32186513966594166,15.049585837721143,9.731479772419027
SUB00362,1,73.51061262702441,544.7273781906423,70.40802144695343,3.6450606006268287,3.3978308090792475,5.0,3.3760781115992917,3.052350265674926,0.43008619821467575,0.41442327006976676,184.1986801520946,14.319739531691082
SUB00362,2,75.42244437357411,647.4464854635524,63.16657966110816,2.0632448835594364,1.6936120832225654,3.0,2.911745482495239,3.652121088053075,0.5469836983832487,0.2880728974550653,409.2748041905764,22.337890720218866
SUB00362,3,67.6156927300902,596.1139332080439,73.8526340591157,2.620206076718235,2.3047110539899816,5.0,2.5848086316662,3.9924901624470053,0.3985289661601834,0.25098747690178563,380.99740182577233,8.147483240343028
SUB00362,4,78.77547232143083,595.081675436697,66.21567884631176,3.211699866472684,1.8036470224983674,4.0,2.818645746026733,3.0680209989219116,0.3489736150633992,0.26264490041599287,587.5497011219508,17.206238321916068
SUB00362,5,78.56977525841867,472.12884043063144,91.90870688850555,2.185895947048414,3.2479099757977536,5.0,3.4244722319726626,3.2539255995297873,0.4387672895989648,0.3597758344639099,291.57517181538645,8.182703992367745
SUB00362,6,58.0750940327511,751.331198450555,62.136923723111195,4.2729983293221565,2.0666585292015363,5.0,3.2578176443708036,3.0925780088743067,0.44482905089355185,0.30856563555267746,174.68559555912648,15.490848202350248
SUB00362,7,55.758633855987675,587.3711965039635,92.85641812548653,3.515628526943002,1.8690452741817452,4.0,3.1706560675592534,3.8649101751197232,0.3116183598382024,0.2790054317385843,394.76216298752297,15.173895120330007
SUB00362,8,59.434797455984175,521.0185660605783,101.5575133568896,2.0903004918385237,2.8723566829588125,3.0,3.0,3.979156227289031,0.6289500318010744,0.3360438778774188,357.161950630413,16.96389241184224
SUB00362,9,61.61678756757518,658.0657418716587,86.66947166874492,4.6000276306168155,3.334895837294924,4.0,3.197217820509988,3.3383519095908984,0.2994121902754072,0.2814548083786523,322.92159091298265,11.850189081354614
SUB00362,10,53.18978723742877,739.6740644978578,92.8591978078251,3.3198741281139403,3.0453818121821774,4.0,2.644188397722583,3.3480034898315654,0.5233398643968971,0.44286462580633545,403.65969074528937,13.570040010727219
SUB00362,11,75.3105782233183,709.2579941719548,113.28350873641074,4.374101110944131,2.3917538960504015,3.0,2.979510956511209,3.928571699234425,0.52106900843133,0.5269994273768848,466.25103368135456,20.726499432874085
SUB00362,12,79.84439351417353,727.1296025479285,119.58951579523048,1.931241541268875,1.9884776844344245,4.0,2.7513153561255104,3.149015939927639,0.36467845946663224,0.570221169094594,473.86523635879445,19.41950429156663
SUB00363,1,11.185577249608318,63.588189202366735,26.767422542711884,0.33273306885055004,0.4286577983274825,2.0,0.8864933443946703,1.0,0.24443236578699906,0.545010775265313,41.85381844300772,20.982941582095236
SUB00363,2,3.0835878049597074,128.72250813848106,17.361513268705387,1.8593084933483466,0.6589706766391943,1.0,0.7196044514362699,1.0,0.15092507748792916,0.4369473256287604,11.759104068177555,12.537209835279244
SUB00363,3,3.2233763902878305,117.01720859747124,15.298884729771165,1.1916829265508015,0.9578364928141601,1.0,0.6718338348081478,1.0,0.34042693775333255,0.277853352122332,18.97897117414679,15.135756548815241
SUB00363,4,10.345382462796714,151.22014111041847,43.067536090164594,1.9638973153549635,0.5549824260482037,1.0,0.5035967546781315,1.0,0.5159439414296663,0.5465791581368161,25.488195251721436,14.21644277147487
SUB00363,5,11.18547078715607,100.81850537065799,29.53605810292552,2.276578704586642,0.9094744492901318,2.0,0.9048051739975069,1.0,0.3313626850299062,0.4289638421468405,59.19265351557714,12.551596782552094
SUB00363,6,6.709712496796744,94.43585771765989,41.37418856982986,1.5171716803384845,0.8642533334070458,1.0,0.6252218675434296,1.0,0.5132078463692448,0.49312589937651136,20.809807725791575,16.002164072178353
SUB00363,7,9.331973564660107,76.33495551773562,35.67967412868933,2.476485955669183,0.1531578472530042,1.0,0.9513676839484134,1.0,0.2536665705675346,0.3677881632393609,45.53907906004548,8.388069970572815
SUB00363,8,12.192352041875331,150.15228998387417,19.652706049403648,2.3748078428598776,0.855197619122019,2.0,0.7350839854525073,1.0,0.5333495864124259,0.41346429899638515,80.21603682504119,13.000609543249812
SUB00363,9,9.878807147018673,137.67344418287215,25.451317979317317,1.920788654399504,0.24026600843141865,1.0,0.868194566514854,1.0,0.2067473639045052,0.35872532745504504,32.4470882355621,8.45246561713574
SUB00363,10,8.071703890395176,120.49073877351937,26.26907778074746,1.997453140064941,0.9478403642368359,2.0,0.5565991557290868,1.0,0.15465816543325833,0.5263032501927007,36.43802604156495,27.632663493689407
SUB00363,11,12.112771116459548,161.55797664432328,21.03967162934388,1.6229565697846566,0.9954672189169275,1.0,0.5988866261107217,1.0,0.1842721582451922,0.3197410353285248,24.854020230672855,18.82006032460733
SUB00363,12,13.551578957503041,83.3922436764744,24.152447966386426,3.2229614253774406,0.3300809642469895,1.0,0.7980420209401179,1.0,0.5066432348644534,0.4090298902082711,36.25848614584315,9.61593974432308
SUB00364,1,127.89133723581584,360.6950010903481,39.7654829819529,4.843218271783265,3.5933494887908437,1.0,1.0,4.348763013251139,0.4231851810160745,0.5291378603902552,846.0550080526713,26.40433609048344
SUB00364,2,111.3471253910533,526.7012303687521,35.78953017907939,6.416117603935073,2.7238766071009817,1.0,1.0,4.8388608631679215,0.4089202689622382,0.3833547130325631,856.78763200389,10.936001039861049
SUB00364,3,122.40416423066897,338.874115093235,43.31131614734839,6.79755586513189,3.1172907325897614,1.0,1.0,4.478320966314966,0.49969099801909533,0.36110288851960676,304.5185201247828,23.108566996647532
SUB00364,4,130.45651384695967,493.2651590335881,43.07184441718986,7.247471030621502,2.2232350683428583,1.0,1.0,4.807572075985743,0.6460639298540891,0.2955502531356706,323.8724035786252,23.614809215646147
SUB00364,5,133.3149426563749,441.98767956237026,46.56442272773989,6.878786575522837,2.682388685306483,1.0,1.0,4.1588213325676495,0.5831591563106364,0.4509981785374664,449.8171153336193,14.666732233060625
SUB00364,6,132.54990547758533,458.03293014688444,53.88507625091444,6.590517171019603,3.505915616793178,2.0,1.256269243491614,4.03454305435819,0.36595845442512853,0.5692677259800292,821.0725689889567,11.11748809469212
SUB00364,7,117.49741566479395,354.3035636860528,31.85134815385552,6.574983069724789,2.854729486005281,2.0,1.6859531596460497,4.873771385855928,0.5410303165919479,0.4867411703299133,531.7046965823204,9.451921143415461
SUB00364,8,127.69319866451414,458.4173827387864,31.48583619689288,6.335521267585038,3.446480609885859,2.0,1.7945786773985462,4.4606139589986915,0.5419070816850992,0.4173736213902299,983.0186791080072,22.246597256217328
SUB00364,9,116.0194533368285,504.16414338778145,33.8933150258951,6.400792504615637,2.033432205846706,1.0,1.0,4.852272528964296,0.47702566910811195,0.39241484142586175,919.0147943518517,20.75680228420007
SUB00364,10,137.04287539716734,431.79443084916016,51.70486528093697,4.5046582837106515,3.2881036212966874,2.0,1.6851229758680257,4.0201212273599305,0.5199828596656882,0.4785156172919628,281.67158549435226,13.98118321215483
SUB00364,11,121.3470382107279,485.20164494103875,54.82771666202542,7.231707983076115,3.45695233922934,2.0,1.6306043616664743,4.5145952320898415,0.6286301650621706,0.45406071051980534,622.5864183860633,10.727008193574491
SUB00364,12,133.09632055178602,416.4678549925088,53.912394870240526,5.326876943313528,3.4111470573984146,1.0,1.0,4.040800907232784,0.3080336860602839,0.27715577436137373,468.1323544762732,21.87058297969633
SUB00365,1,0.874724738555956,63.98392870573904,14.515435182625902,0.4520156734411706,0.41663627101250045,1.0,1.0,1.0,0.17815776607252146,0.27207613052570967,1.7509651047128587,10.922012612931608
SUB00365,2,2.154245144701898,63.3335292599336,14.15727670027814,0.42350868143320225,0.3288393796307513,1.0,1.0,1.0,0.32566518221916324,0.4063896120533348,5.247498645274409,26.426335145839495
SUB00365,3,0.0,57.00267163961926,22.576005565296747,0.0,0.4445839459913913,1.0,1.0,1.0,0.28943082710418944,0.3122889827153676,1.0,9.279846727083545
SUB00365,4,0.18830793663177814,36.29547180223149,8.145780463245858,0.43358909188528855,0.2064066516262547,1.0,1.0,1.0,0.39728226972916425,0.28296616672171226,1.0,22.700536945478078
SUB00365,5,0.14172555213288707,11.2707885819457,9.898368805482502,0.5022213281624568,0.34693464411021263,1.0,1.0,1.0,0.48572522432025245,0.40429521269772806,1.0,10.216925837389141
SUB00365,6,0.0,0.0,8.742434594850003,0.5180296319638613,0.23578140526558194,1.0,1.0,1.0,0.43444306920213827,0.5040869641371932,1.0,16.058166898962234
SUB00365,7,0.0,42.06679207725857,17.911980159860832,0.504405657303455,0.06315912454164785,1.0,1.0,1.0,0.3683675808339025,0.5656819922695923,1.0,20.812958279383686
SUB00365,8,0.0,13.81682188379584,21.811541069332257,0.29630292786174206,0.1198163385300306,1.0,1.0,1.0,0.1613182395082026,0.46342989807851936,1.0,13.237824160856414
SUB00365,9,0.0,49.94023597516572,5.557683718360861,0.5428822281538459,0.24829081865271513,1.0,1.0,1.0,0.40186220838042275,0.31927577263342194,1.0,12.038155259683226
SUB00365,10,0.0,42.238984159753635,6.389765281898221,0.32627653188004146,0.4565344441246536,1.0,1.0,1.0,0.20112286145449615,0.3269520609859291,1.0,15.004315804142106
SUB00365,11,0.0,54.0151178916247,5.383064081742546,0.11544106440839783,0.11098857718330613,1.0,1.0,1.0,0.2146634650992283,0.35913862782211015,1.0,18.57630237276841
SUB00365,12,0.0,101.81384005179882,24.057949510499878,0.2549968867773392,0.11562721242584068,1.0,1.0,1.0,0.49933426415640214,0.5961485034747371,1.0,8.450953275128098
SUB00366,1,97.90113353098685,322.6575514876514,26.075981069885138,1.4216404365282302,0.8539566707270373,2.0,1.6983916392907124,3.1022756240050757,0.2687426212593214,0.46581063190231586,353.86742123820267,10.162630127743185
SUB00366,2,117.83043194753425,225.26061944536727,35.331359496945,0.0597977404109408,1.43424389423211,2.0,1.727396446887045,3.0563911505379173,0.3864638195856377,0.4099088785548084,691.6742290441498,13.997790748592083
SUB00366,3,114.93228907476039,185.56730601949013,35.56041549566834,1.7389568365178285,1.1419599843659554,2.0,1.3082092392001492,3.773598209486339,0.5132485223614884,0.42879555709048145,480.16553461142865,10.001646247434696
SUB00366,4,105.33773824505579,255.12813760837332,15.468478990015416,1.899580556740362,1.3987839820634436,1.0,1.0,3.494552042156311,0.4077958834693177,0.28429424286576677,764.3782612074638,26.37540110993178
SUB00366,5,116.91665150478033,206.72279657013553,43.32062450913068,1.0580284374132152,0.7562701568772192,1.0,1.0,3.0516501920178585,0.6151174939390929,0.4045599869338199,359.74468733129396,27.584186316060585
SUB00366,6,121.51644868498141,292.47936559787695,37.938436661354004,0.858447255424446,0.59494325100201,1.0,1.0,3.3227954676122113,0.3020529024296653,0.5484472782817459,825.8034595280238,13.953202131972029
SUB00366,7,96.37781197720713,236.78206107209053,27.117401904464728,1.125212640422823,1.41526138036977,1.0,1.0,3.999952017827686,0.3158388690179552,0.40895846642097416,345.3663859684813,13.406838367809678
SUB00366,8,120.49778510524459,182.82020640764907,19.31847069759621,0.6774294016988874,1.2394759189141742,2.0,1.381117331834495,3.202675397076403,0.46588945107221424,0.26150819944084314,619.4731415143394,11.456956820400487
SUB00366,9,114.32657801749762,302.89906888738653,29.963766560060385,0.7026599155108046,1.3847611790730707,2.0,1.0573181253388355,3.586043432079409,0.40227528931610357,0.2699285655886977,686.1152696766533,27.163173793295307
SUB00366,10,97.7601480958026,188.78914461817735,26.592677586179057,0.9324868495410246,0.03517866588983515,1.0,1.0,3.6342546085619016,0.5223266755527375,0.47402435805698817,231.72268980580904,15.382261283013259
SUB00366,11,114.1935724499525,241.6568269822588,15.26955836429973,0.2249243644075476,0.528708825853381,2.0,1.4323665866738295,3.405599420829172,0.5559328389147267,0.4231914808341112,652.9068195941039,9.878011318152497
SUB00366,12,113.98458241990521,285.94688355187327,37.338161070240986,0.18096385243554225,0.3669104488676665,1.0,1.0,3.2126287110981355,0.2603315646769865,0.5135493380674734,709.1666760889366,11.00306741722456
SUB00367,1,38.58514212587731,413.0880235387178,49.829888398014496,13.144767052781068,7.669774038788231,2.0,1.6554716736929653,2.9477867904250163,0.28295921014548486,0.2909475625277167,252.89625868462764,12.109691098044596
SUB00367,2,32.14058586177013,321.13809961614453,31.868066814803715,9.793472935774373,7.410325461633262,1.0,1.0,2.487420282447231,0.2203520707413465,0.3051009181797093,182.17120426814145,15.097034077657806
SUB00367,3,32.45897275597069,319.6395436416906,34.65587330020367,13.316075194478213,5.61851373595008,2.0,1.082977063251294,2.7256694096331504,0.1950278420971603,0.5154412306271952,111.98624529325099,12.507483587000308
SUB00367,4,43.0514472969271,234.27728864876758,43.5908145311762,12.218593908850144,5.232469220716012,2.0,1.334556932718632,2.4902927285694707,0.4636358920647995,0.28753941638012215,245.77237501478535,15.265560894065095
SUB00367,5,45.52551404989901,364.30576876565385,31.10360647311392,12.738293356917485,5.556647975474635,1.0,1.0,2.6593281428755864,0.5100233738078576,0.3506007927546664,230.52358900313706,23.22464150395944
SUB00367,6,40.939100526452066,207.03345397974468,31.289359639746234,12.980444262611329,6.19780102845872,1.0,1.0,2.989827226147896,0.29709530021386654,0.46782074466504486,158.03119945592616,26.643251037451815
SUB00367,7,33.07672330493476,314.6326947406252,60.52003195850357,10.007577394488973,5.1096544364165375,2.0,1.9221857655203198,2.9032882295974307,0.5225226309097938,0.35454720782032667,175.75796948189932,15.010715428993336
SUB00367,8,41.741099520967424,221.488860923863,45.70673785061534,14.464175670609919,8.444955028929511,2.0,1.9170349936429192,2.996960991402455,0.20207459097596286,0.5691378759968262,221.8027582177701,13.374440477420714
SUB00367,9,38.212597897093495,326.25775116200884,52.610872962299254,13.074602160732649,8.08120712815115,2.0,1.6508281951096317,2.9936131343695758,0.44692819311792564,0.4048953727330593,131.1746012026243,20.66145390151943
SUB00367,10,37.30041180348319,355.4144574300208,45.99468635518114,8.945983738766168,5.174211990362476,2.0,1.3318007100591327,2.3609178676285865,0.4058048571840486,0.5494980024481467,235.74798698586238,16.713440868895614
SUB00367,11,43.137884347559584,313.3587095234155,47.06955702405361,13.254366850029486,8.232318259656601,1.0,1.0,2.754389689232517,0.5472932576192656,0.4162048104849489,123.3962815881174,24.144861902024076
SUB00367,12,30.507731385496832,383.41583031058104,41.04941378665957,9.447163357496866,8.025211090444813,2.0,1.7659299099597487,2.002861432541093,0.43040221377088284,0.48011524113337545,134.46058953048464,27.972459844809556
SUB00368,1,2.8059726151067976,1825.9924703517092,62.93585158244535,2.2759419565546173,1.3665780775912129,1.0,1.0,1.6411313474771934,0.2012180244939993,0.37023559459211636,13.41542842361172,24.018018485327723
SUB00368,2,4.749474410283163,1299.3169052661501,77.58023202774244,2.544816523190507,1.4135173950439195,1.0,1.0,1.0441644126787857,0.26196924164822366,0.3063760723303764,14.361474269799455,13.679128278707699
SUB00368,3,8.534476978203523,1749.4945771753491,66.38779480262521,1.1661975885305282,0.4684373742209058,1.0,1.0,1.0878170241099305,0.38403028088340563,0.5499766511652293,63.259120856780726,8.550794302036081
SUB00368,4,4.693674607580218,1540.5835247513508,58.26237634998935,2.0246908087572995,1.288447571359073,1.0,1.0,1.3031588007689727,0.25361244962147284,0.4027770618073704,21.059403889154957,15.997087923438455
SUB00368,5,4.200245677559527,1775.8377092855403,58.54278267305146,0.1808253162968544,1.1389645793629612,1.0,1.0,1.1860433569818722,0.5476785836485832,0.37666742857763746,13.256003173272253,22.751458166308897
SUB00368,6,8.822308570279938,1441.1619745364776,52.76304306855846,0.6677068454972277,0.42825526511497547,1.0,1.0,1.733942630365928,0.31515450289473523,0.43553958522615377,41.97144502800953,22.21692588668409
SUB00368,7,5.324412543446484,1332.1323406607996,60.839834803350264,0.0,0.8714650442877622,1.0,1.0,1.7649475527941654,0.3322707820197268,0.40010912158648526,23.061131751220657,26.852088606725324
SUB00368,8,5.598179891552231,1622.9742300281941,63.032633378211976,1.996945982526974,1.359382003892231,1.0,1.0,1.528049725565522,0.37620769754411765,0.4005727900777868,33.28083202109009,9.3539745234769
SUB00368,9,6.768978145824679,1622.2984230726786,51.65613766242474,0.9163398850124902,0.1639360180170415,1.0,1.0,1.4162709376761105,0.301944385089842,0.5787232030114111,21.893409349916332,22.311389369010517
SUB00368,10,1.632895784484877,1575.2968849920605,53.207035955583336,0.4297268105875369,1.0031410935278207,1.0,1.0,1.1829507214426638,0.44658890761270065,0.5814142456088027,6.690831922601355,23.565487455777177
SUB00368,11,5.943895023020428,1429.8717201542788,59.23487362429409,0.0,0.45272651875953307,1.0,1.0,1.9664019112459263,0.27437253734792133,0.5513286945095583,42.98522929144421,8.432083682826828
SUB00368,12,7.4680651105454885,1544.7466954166453,45.018112844863,0.0,0.39216918627306224,1.0,1.0,1.3796038064000475,0.3854530732701394,0.4722820133832557,53.507028504991226,15.208240361190557
SUB00369,1,78.7332010062073,640.7734497394489,91.35715915174416,3.4703811358315546,3.062852685285206,3.0,2.75325081295411,3.502038938533948,0.6379789223362594,0.48764078063828653,283.88295355493796,27.848473018246956
SUB00369,2,75.98619121909937,699.6343627892592,118.97999109436253,2.8263873129085,2.453163793681507,3.0,2.8292062629649886,3.508854869306943,0.4883832613863399,0.39448647714798424,364.3348879547837,27.515088929135487
SUB00369,3,63.874498717165466,623.0327070976399,75.15907522677091,3.0221485300936064,2.243877630807584,5.0,2.6864628478126624,3.339706946496679,0.41604339856645056,0.42133010891225464,378.9250223422843,22.778993504890465
SUB00369,4,75.87886970518103,675.3265885593305,97.20036119217946,4.692630669671675,2.716184071642701,4.0,2.638928149256903,3.4459148519166463,0.40945460568507897,0.4861618995884415,200.17326932597192,8.92168076121435
SUB00369,5,73.6149479381099,588.512540694004,86.60501958407144,4.940787573456592,2.9930997417093312,3.0,2.6268038458771485,3.7913340585158255,0.5416662037211991,0.39914710833721756,382.51872607398343,12.076101150192475
SUB00369,6,60.97856420629813,450.1159030623257,95.56372780522426,4.430358351832843,3.110299460822862,3.0,2.80799021404423,3.598187981832815,0.4682882175581995,0.5028436199118045,289.60208334295663,26.952642294834742
SUB00369,7,66.55569145247338,646.8519223726837,89.980056691329,3.4220253188911745,2.850740867354731,3.0,2.881819976127213,3.8105288254737326,0.35463244809888317,0.38464071257963717,397.5944755374508,16.291763077223838
SUB00369,8,65.64748194607522,741.9950166570694,89.09600946567944,5.02226721187604,1.9360348900783233,4.0,3.3567014922585945,3.821803425707835,0.6033765868003491,0.585329114325503,244.4050259785077,19.705862612075062
SUB00369,9,57.59209945926134,461.87675423631026,91.24113160012129,4.430680684671676,3.2551453011579348,3.0,3.0,3.865582142015504,0.45970001647681813,0.3000869448487033,148.92472175242267,22.2362013541584
SUB00369,10,56.44826011628939,595.867294457125,108.42347152499875,4.513417670083097,2.2789160490532168,4.0,3.477253874401561,3.552297582662073,0.3248289732658757,0.26871403702380614,423.905090863034,18.182125695300336
SUB00369,11,59.11987070726194,518.7516586430078,108.3689342646477,4.749114527218049,3.1571339178550977,4.0,2.991097145485355,3.8185824643796447,0.5554926122444092,0.3186155812018056,297.28466671241443,19.83882638722053
SUB00369,12,83.91633665652188,557.0887130921531,115.90743550921763,4.3425743833783335,2.3431697894172077,4.0,2.5036168915315624,3.34277330763457,0.53304012491712,0.5065184670981622,170.2936812920504,21.66615895840272
SUB00370,1,9.519063029209418,129.59510006257105,39.30884152142532,0.14413881501387607,0.2766147485527545,2.0,0.8247628412592375,1.0,0.29648393883980406,0.4268057219698774,27.274197906515322,25.055216001158996
SUB00370,2,8.806770538891838,127.93702394916319,31.899832800163363,1.720579366797938,0.32818458944151385,2.0,0.7847831372426516,1.0,0.2143825464814489,0.3014386831496985,45.91924422587189,26.243273677433724
SUB00370,3,8.146650439443135,85.131197657824,44.599501600455625,1.2408214750246822,0.9132995648311808,2.0,0.5934883131311135,1.0,0.32960228822725673,0.3862868566628822,26.415702741457437,18.168763020699277
SUB00370,4,11.400863728517782,126.69694596968671,19.07683266163359,1.720656018235885,0.7386442495900226,1.0,0.7591830466265923,1.0,0.46581863030674997,0.26994112210090526,65.72164661828793,17.894008600677637
SUB00370,5,7.361162634882977,135.4594858674325,44.974829769685165,1.3137003361244581,0.5924270435955628,1.0,0.796296954784884,1.0,0.3223550843328259,0.4484035566746626,48.10545713802147,11.741482357695368
SUB00370,6,15.028715426835976,131.60469121596674,44.05627200663495,0.8913794867946774,0.5757833056260939,1.0,0.7757842378657376,1.0,0.4403340383693449,0.3320594633024014,67.49933835669843,15.530180201259398
SUB00370,7,8.225468206504434,112.40217813379334,15.19954774636538,0.08712294777186635,0.5845221060352145,1.0,0.6110344519744744,1.0,0.3758238371198265,0.251654953694588,47.17790618286852,12.068258794803796
SUB00370,8,12.710144478814657,136.1501469620853,30.072113748606842,0.12945336096025817,0.5430774992787195,2.0,0.5854908482197128,1.0,0.35457433139995037,0.2994083606859786,73.32791763911628,17.393343085202034
SUB00370,9,14.213833977572646,110.61251407282532,27.71547866446036,0.6393907266836893,0.21081457529252867,2.0,0.6971959741589697,1.0,0.3969211563090811,0.3816948519029769,41.768733303134916,14.402856861101904
SUB00370,10,10.28083042616775,123.62986010898717,31.08854619194225,0.0,0.6856145712787781,1.0,0.7905570272282976,1.0,0.20823156757695122,0.3611049806691977,50.04882534939969,12.977612501762698
SUB00370,11,8.045712669435705,89.57477152839566,44.486579407961926,0.0,0.44576521721874784,2.0,0.6955894685873614,1.0,0.2985707628468365,0.4290880949203623,40.17368078503499,15.922917980088652
SUB00370,12,7.537267790545608,134.15030564374436,31.253593247841916,0.09978615238679978,0.7950091254715941,2.0,0.558764086836045,1.0,0.5253522938899884,0.2839744011030604,51.7175840231485,9.9065715391681
SUB00371,1,114.5349895466097,501.55519310358017,54.58425071364018,6.503080916435397,2.393509705710634,2.0,1.9280664674749386,4.459794172794769,0.3739398777091222,0.5720134521832432,434.427856673628,17.934483651276498
SUB00371,2,124.28733149249437,399.65901126069923,33.10897395415241,5.174430357055646,2.517103836198257,1.0,1.0,4.043602283715505,0.26760083182394473,0.27078208538063175,558.2743051272231,24.398591949389417
SUB00371,3,119.50764881980945,524.8547865057475,53.08859473958504,4.3900907625428935,3.090033995424334,2.0,1.6525029375077829,4.099607201653754,0.5066758540600043,0.43385018392872315,505.1507073749589,15.627885340387653
SUB00371,4,135.75963500490656,369.70321249786224,42.0546875600274,5.649143858705403,2.713120141148778,1.0,1.0,4.187198256400019,0.2680392191190965,0.3348132002671079,564.9815759396388,9.280858675450304
SUB00371,5,138.5871346843775,484.27462511318333,49.22795847945775,4.1244311933276245,2.460363253197949,2.0,1.350334997757281,4.0805318166288185,0.5746520532377928,0.4461923708489953,1047.7143005857947,19.749124774982143
SUB00371,6,111.82798297019559,327.54524180269584,46.413267307571765,4.956981056380337,3.503858117074138,1.0,1.0,4.674871372862388,0.4104436390358961,0.3287046062853465,460.00424019833616,21.235143465711264
SUB00371,7,134.61996088715608,530.7850408394473,45.72592482600073,3.3559220947316066,2.1453587133507943,1.0,1.0,4.871183117349088,0.43919058124993093,0.41828079397056483,712.4335487883724,14.690516918244573
SUB00371,8,117.78871720981287,492.5456167687483,54.52952020722533,5.012511894567613,3.462563751911775,2.0,1.4105245049658646,4.59783804904772,0.2777577197275085,0.2576789549757895,746.1913923200011,18.389345954653585
SUB00371,9,139.09126309954513,451.7645244376768,39.65902140337789,4.297164401569673,2.0035047743127814,1.0,1.0,4.659456520444506,0.39194420689834875,0.4407476368608426,999.2800607505984,15.27232160843604
SUB00371,10,115.38073830103765,291.05259837813725,52.556211229206234,4.3814154394038605,2.2570573500279565,1.0,1.0,4.822594047802621,0.26525361830345173,0.49002553033428914,265.23815308299385,22.517304376546416
SUB00371,11,137.72241029292573,410.59162774325426,35.68839378477935,4.126371253040697,2.740200581427022,1.0,1.0,4.6870517503002755,0.3112035837316639,0.26177412971428027,483.6297500426167,21.707986956085126
SUB00371,12,112.13847593167137,470.1702786697394,32.26025436910979,7.309679584518464,3.265033283608499,2.0,1.5318562918773568,4.584188921423101,0.3684939458794443,0.4556143457926055,778.5192668789324,23.534899563583703
SUB00372,1,0.6246171400568304,42.50338580929524,17.23773095168206,0.5722356483933475,0.45693488211480915,1.0,1.0,1.0,0.29945655941802996,0.49041799820594256,3.3732981176359207,27.81007957183046
SUB00372,2,1.7919730085099796,63.705804940167376,8.208852479855423,0.08558468506159575,0.35394155912018077,1.0,1.0,1.0,0.4593266316586352,0.5368135714242569,6.730499024967116,24.121384379417243
SUB00372,3,1.0355706949648498,76.27395767987484,9.31443498090158,0.27272041850463147,0.07589944381606029,1.0,1.0,1.0,0.5179821744753667,0.3603935210262831,7.736846828155994,17.570197125801
SUB00372,4,1.5885953272427764,0.0,17.797241489646034,0.6018221258361457,0.36620156754035077,1.0,1.0,1.0,0.4443291966428704,0.29290921195048425,12.443323051273662,25.520025006766435
SUB00372,5,0.0,52.50719994665555,19.390299453420088,0.562497772996126,0.31317721753942585,1.0,1.0,1.0,0.40978774253789063,0.4976699826204439,1.0,15.903328767873475
SUB00372,6,0.0,72.70628009468706,8.140720583385805,0.5422998152706118,0.48705887029063505,1.0,1.0,1.0,0.31303620849945296,0.4496766174651913,1.0,22.136779055014333
SUB00372,7,0.46260059934514786,75.05376389750529,19.10715348132986,0.7982934011142098,0.3779511695430654,1.0,1.0,1.0,0.23913039143246934,0.560433270186502,2.599124172967252,9.109388341206966
SUB00372,8,0.0,63.147309425027416,20.362569335124675,0.47034568958039835,0.011546471360596389,1.0,1.0,1.0,0.3342923497327759,0.38734868661855903,1.0,27.99637900227764
SUB00372,9,0.0,38.19080568731761,11.822365795841087,0.8114136804320253,0.3715170737993069,1.0,1.0,1.0,0.2504086173362667,0.3730498308742328,1.0,16.645353204267227
SUB00372,10,0.0,74.15692604296386,23.728722723991268,0.8287691028831864,0.42096383522862374,1.0,1.0,1.0,0.3444391502646478,0.277808143945864,1.0,16.82363320852434
SUB00372,11,0.0,32.262198917143834,21.215569936232118,0.7199802311863617,0.45725204415657794,1.0,1.0,1.0,0.19523490013185238,0.39392588046895427,1.0,17.78475272785082
SUB00372,12,0.0,85.72337564604865,10.934096684324095,1.009957145841591,0.44938032118724314,1.0,1.0,1.0,0.32564538803954257,0.5432904439867867,1.0,19.101455321432354
SUB00373,1,111.55599858995372,186.0447052256673,21.87860561707867,1.0205616273684928,0.3409975933233486,1.0,1.0,3.251560286008161,0.45105642745717145,0.3734169175941947,879.645136941557,24.129394768846733
SUB00373,2,108.23490108663665,194.12585077255184,28.708693708373296,0.5059264037047242,0.21615300038481977,2.0,1.5637959990077641,3.4569530115278058,0.6379517103679057,0.36217917944828654,542.9951423545015,20.70754665164675
SUB00373,3,115.6565656410607,221.7806175335541,18.03812072399715,0.12199825701447181,0.4876417287518049,1.0,1.0,3.20455453653868,0.4198647116159966,0.533276074307089,299.42026404199936,18.119580933898344
SUB00373,4,101.5072929429744,239.13512580886373,39.62370858380175,0.29572519078006376,0.9919974826651611,2.0,1.2600214711830344,3.780796671083686,0.32504938851979054,0.55179896117003,735.0223300553774,24.348598869469637
SUB00373,5,105.65557605685305,310.11041901379355,28.440301659963364,0.48413872351433784,0.9704336317281097,2.0,1.6750640189624866,3.965631357542644,0.3059363523346297,0.48887295439445827,727.5132949388916,20.22295419103824
SUB00373,6,114.3943124959327,202.76722032518916,29.19025988176866,0.972872292904606,0.8024074450837739,2.0,1.6563642088504273,3.655216450947244,0.5284314278661982,0.42401219533049406,313.7680841030388,27.102866818774114
SUB00373,7,96.90600735540163,293.57682638381476,39.52661716790981,0.0,0.7632778571875253,1.0,1.0,3.8297349771746347,0.46795940538925307,0.3548674246678422,263.8067299292737,15.011011569620155
SUB00373,8,117.09594258723813,289.2418070860673,21.071610341889727,0.3859701987322781,1.1084513058809082,2.0,1.4781304860766025,3.526026455990702,0.394838905698602,0.4525506670321652,428.36266244004804,9.526850227149092
SUB00373,9,104.20546397341279,159.16824359339213,35.270672946549695,0.0,1.0866619518870704,1.0,1.0,3.268141796974058,0.4255204573467932,0.5627774074815997,279.9663570791311,13.892201865349328
SUB00373,10,122.80067150169488,322.4479997939331,37.67168278880992,0.2694077795687626,0.2366816178980375,1.0,1.0,3.605968939151658,0.28179632943207095,0.4158324827608463,266.95236504274624,14.189466657103363
SUB00373,11,122.99606306933299,284.1667176154678,36.00103589914019,0.0,1.2054122879095635,2.0,1.9362997391335122,3.1552099772872007,0.6291422279713066,0.31849807578157496,445.20779007929013,20.762011993090482
SUB00373,12,99.82650916353468,293.4513513768582,33.16093708866504,0.0,0.7903772662255208,1.0,1.0,3.6616458834612757,0.45240014538102225,0.36230993218188545,486.985765932429,14.609862098141372
SUB00374,1,32.7272768079989,372.74987787665935,43.82013303092197,13.753240991271836,5.3065601199856705,2.0,1.5132518130097807,2.8222420492148754,0.3331187888932845,0.5998780020072093,204.05269133493582,14.77635776783562
SUB00374,2,31.773252708630388,373.9473205590524,41.57420503015057,13.31648255416826,6.669495628834929,1.0,1.0,2.6829195199115614,0.1919802132106278,0.5054648111771558,147.42733471626983,14.815470787025724
SUB00374,3,39.84762487618504,353.52191519826283,52.1500757723887,11.61888600492366,7.6250659835175725,1.0,1.0,2.601525665225086,0.4882296072517306,0.5713373492602877,305.0724746977247,23.590694879525604
SUB00374,4,38.65697892519144,244.77245723346073,62.14741259530335,13.278226775333286,7.485231710807961,1.0,1.0,2.373734808662298,0.524606751363653,0.587785778258324,206.93933439854058,14.000516418284672
SUB00374,5,45.37500423002236,231.7432128587884,63.29112606158343,12.406428354950178,8.334080214228786,2.0,1.6600170988166743,2.4197189399413572,0.5358125630290335,0.4678435495733022,233.75952249973446,19.130007299996905
SUB00374,6,42.17439296586425,214.62590276095125,47.96294733734513,10.327904515603565,8.106421132707792,2.0,1.4676534599052324,2.28998329791352,0.4851688876281345,0.37347445557883785,225.67619633590715,13.85818524236288
SUB00374,7,49.384714667529536,379.78961484588285,37.323779786981305,13.799468960929953,7.520757504185466,2.0,1.6809377342882468,2.487458539836774,0.20345345993286235,0.47930753226754397,145.98947515116552,25.53134645944126
SUB00374,8,28.293914240794052,262.6297939554263,56.02874932374992,11.207868029526718,7.545721526102212,1.0,1.0,2.834662376115831,0.437138544906711,0.49720429369175534,97.12824396236796,8.595443869122773
SUB00374,9,35.33753467456354,290.5105768932406,40.09757074349607,14.581423446890923,5.021465638905251,2.0,1.5601323640085445,2.697528714519971,0.3743526629939975,0.4721553234332794,95.45376426533552,16.781585662797504
SUB00374,10,40.14051587136886,253.37695850397463,43.271629385603106,9.302662767893565,5.823683005059841,1.0,1.0,2.279168727145626,0.3673419357913009,0.300560678837396,318.04729053859353,19.230542424065206
SUB00374,11,43.02389421124582,212.17280975291334,37.727111534916766,11.543527685826739,5.934128644956637,1.0,1.0,2.2702474136552873,0.5260129787596002,0.5707492904427567,247.25064770489496,23.02183916854434
SUB00374,12,41.52897106002685,225.70341956096252,31.66110099857919,9.542310397928535,5.45052724120111,2.0,1.5832634149951401,2.3398505734819346,0.5497334084519206,0.48365691712907455,317.0287200881287,9.295212284555392
SUB00375,1,4.651309594262437,1488.5817772660535,61.89287688170894,1.6022896734693666,0.11999103653664056,1.0,1.0,1.8502254288024287,0.2851832954368462,0.5417885503975091,36.960010285125676,16.621926738262076
SUB00375,2,5.558001239742877,1560.1295093940303,68.0884087248526,1.1442203867978233,0.0419938458695015,1.0,1.0,1.5516161910973854,0.47486508079556244,0.3060459617229226,24.300254474519296,18.923593835122343
SUB00375,3,1.675223954612398,1201.43179424257,52.271716407327084,1.7066019460303081,0.6245839430909521,1.0,1.0,1.3060060301102885,0.3779578119080266,0.4770052861730347,3.3555139516384394,18.797221691665797
SUB00375,4,2.228261453667991,1413.950077353344,55.894043169529056,1.137996789943725,0.2622230102567719,1.0,1.0,1.5501918731849393,0.20321063329237804,0.2870509112086131,10.314545829173937,27.06650248421848
SUB00375,5,3.0084536532943567,1769.0053302277806,76.97814008597065,2.0602519081224178,1.091696065694388,1.0,1.0,1.2381031119565478,0.43335080921209657,0.3617037686116306,23.2006028861695,24.4043863036327
SUB00375,6,4.068893631503618,1735.5541055799151,72.36198203921515,1.259551357561463,0.09780964118166557,1.0,1.0,1.6132971065726311,0.26740662192408204,0.30179299674594495,26.18138947898915,10.56257762736092
SUB00375,7,6.319596548301521,1454.2451969433355,40.6555156825995,3.2233632911610637,1.0513413248946146,1.0,1.0,1.0627178838988844,0.34388672447838553,0.3973715693693405,15.056338120036354,17.446158052082314
SUB00375,8,2.001438745571993,1647.9437565708406,62.573736186574585,2.24174383354488,1.103233086312282,1.0,1.0,1.1341411541469912,0.1679364237962952,0.5543942006325362,8.196334374691366,18.61542264224355
SUB00375,9,2.3103653705602207,1467.5795626702331,50.3664295386409,0.9324226308432724,1.0538692911889558,1.0,1.0,1.7719292037346177,0.1795296345441062,0.44308087524249706,11.353963721362026,21.927282705453237
SUB00375,10,4.329351765512634,1376.7917931194825,62.773288345450354,1.3011751530960896,1.2611473176735848,1.0,1.0,1.1356330437239752,0.4670460369001662,0.4214518317305417,17.12825683478197,16.74310189841272
SUB00375,11,0.1776249566878203,1354.2413704552243,43.46585769158467,1.2681249027995891,1.167256403830104,1.0,1.0,1.6019870937438605,0.3270494124550457,0.3954948325270632,1.0,19.692516533023873
SUB00375,12,0.0,1715.1952378003418,71.18596081109499,1.4635648007923456,0.7566462283524318,1.0,1.0,1.044786202909476,0.4182907807262132,0.5320219280537349,1.0,23.42026894803826
SUB00376,1,59.53120394601071,679.2178409950325,84.94951060376764,3.65894552061607,2.5805478485329236,3.0,3.0,3.714665805254416,0.29625001989386207,0.3241109969768712,398.37634254688174,27.65490557904245
SUB00376,2,62.74528835982382,427.1342468568021,64.72197382554687,2.2221485584229064,1.5495389056722917,5.0,2.939849582853661,3.5421667501614014,0.3863009191260399,0.3903678663432406,185.6283175850356,20.84540519692429
SUB00376,3,53.78618751834249,553.6234829980297,71.81916992011284,2.246966787725752,3.4953208387740418,4.0,2.8544111843438635,3.778273390505029,0.49611378658544525,0.26047089149812525,133.48193838483226,21.16076422030682
SUB00376,4,70.32117547595301,657.3911568303188,82.9588833339079,2.7468341909140266,2.1669683186110005,4.0,3.2206052789395274,3.702128281540721,0.6129326402679198,0.5183185685239295,158.74402071816368,17.161141658319625
SUB00376,5,60.15229778082212,577.1100537430646,92.57610348908906,4.230291193767516,2.0520608123380004,3.0,2.5861333024708655,3.0775219363630253,0.4489432568483023,0.5428454551304411,200.40833947809202,27.9667391198906
SUB00376,6,80.97243498091515,787.4959774966799,90.10144106745793,4.081515016225074,3.037986206070734,5.0,3.0701937761495106,3.2190382914984177,0.30208921497125174,0.32621576437846617,259.7962438553845,25.203367593381415
SUB00376,7,54.397939022264644,715.9322608254413,97.0401341047517,1.6641969246920887,2.2651808368049657,5.0,2.833448708821992,3.6024131110938455,0.3125892911573196,0.2947686539342811,254.53713252336738,8.859931575695917
SUB00376,8,69.07154227774826,675.6284114367364,79.41920967147637,3.8585488714427836,1.8871217825837308,5.0,2.8861498218472583,3.529034356276971,0.5086312893677559,0.3572116827112518,268.36406303640024,23.88534744058537
SUB00376,9,54.384811029283306,811.2932157468011,76.0180764725097,1.6833874884002955,1.5064268556034628,4.0,3.1011112516034953,3.7912713674775325,0.34263773783183227,0.38027765868591396,259.2478613410461,23.38246040089991
SUB00376,10,62.25566457417761,790.5346905252045,98.363097544803,2.244081997282654,3.4336044825765004,4.0,3.1725783413571547,3.6516384578392844,0.5374781703761832,0.4054074226665951,130.93385237771417,25.796368463477968
SUB00376,11,66.78982761451438,722.7912941021966,99.15258646705335,4.580805563396405,2.370949808840078,5.0,2.681782028138697,3.2381869422030753,0.31497391196383673,0.2699657414550986,291.1023083194865,23.18628625581063
SUB00376,12,50.97706090510993,823.2297080150294,76.59933675026386,3.611395990107252,2.0865640187707246,4.0,3.4394395584206063,3.526657907191626,0.6447437007988279,0.428102391243355,152.07634264463852,23.977148749969693
SUB00377,1,6.986687155506628,155.60545482454992,37.90784316414022,0.11713003704986938,0.7824162432189176,2.0,0.7999385453255995,1.0,0.5394706981277111,0.3991246083970502,33.564113079896515,20.5255118149795
SUB00377,2,3.8274437385973665,125.08589736976641,39.87386675976509,0.7907447264427283,0.5544723691827245,1.0,0.6873167454577753,1.0,0.33044318684677143,0.42794400985832526,25.073754004666622,24.302808999627665
SUB00377,3,11.742841336196058,86.68328610410938,28.774429251161884,0.10726604534450421,0.9798664107084581,1.0,0.6479807702002215,1.0,0.3062706502646383,0.49608084784336426,92.63527192718979,8.490870527607814
SUB00377,4,12.948462964028352,137.15343801635308,26.747321285490987,0.6702101777344807,0.2629971641623542,1.0,0.9797951092055954,1.0,0.2309656589925273,0.26450408979993395,71.9823981017799,18.393339820240175
SUB00377,5,4.092373413570457,84.95827707354383,39.24969703497482,0.0,0.4409198168164521,1.0,0.8583466741996971,1.0,0.38482478010145776,0.3291828718108776,17.517596801575213,24.28283477877233
SUB00377,6,8.41225317183083,79.75421539244408,33.341894364481085,0.10456514247102752,0.26115651363247916,1.0,0.7438341417113211,1.0,0.38725389696181745,0.49812492270910935,53.578388972770476,12.179580829037901
SUB00377,7,10.826483608860292,162.03507316343342,33.25246894014147,0.6921357800278998,0.7301931009439486,2.0,0.6353810570388208,1.0,0.25577024377761715,0.2991500250266955,27.967762918813175,25.923010024452406
SUB00377,8,12.455118485736119,67.25071232832184,33.618320920318745,0.0,0.766211616262872,1.0,0.6268673597219157,1.0,0.4591967342880411,0.458763995075533,51.3045949651465,27.431965440581497
SUB00377,9,11.709297785362297,104.890554619536,31.375853074261954,0.0,0.16193864976911887,1.0,0.5110594380636706,1.0,0.3854018673433024,0.4147971669472802,33.53833135979623,26.713559801409186
SUB00377,10,11.605593466607353,126.25750732462943,18.279674872719198,0.08904598005976772,0.5781789758037292,2.0,0.7406761553119557,1.0,0.32990935499609575,0.38444722352074956,41.315522408496285,14.0723861323066
SUB00377,11,13.473364328771027,92.70649971816827,17.68694179152375,0.06601287852722715,0.06512649031192419,1.0,0.7640079323419962,1.0,0.3997178237390416,0.42224603543575523,61.85644995180341,14.367376529127304
SUB00377,12,9.715708520686999,95.42526594013313,16.355507970482385,0.0,0.1880473771961313,2.0,0.7540692902836628,1.0,0.2587165073323323,0.5945564396855718,40.41695991761251,20.535993638564282
SUB00378,1,129.0970334285173,494.67992003795325,46.82971654167133,6.606372612485024,2.085242129648397,1.0,1.0,4.6083540489230295,0.4054968527314291,0.40064360111156416,551.791576260015,26.983061333183485
SUB00378,2,128.57870023760424,513.6792219275296,45.83256186662392,3.8309721171404822,3.632687797764427,2.0,1.5473656814898606,4.208972445786269,0.4709482196265177,0.4747317522916954,882.6671018860269,17.96851491980622
SUB00378,3,138.22773284352786,515.8475713557267,34.735311145891075,5.765132312888887,2.989262161111424,2.0,1.8542021499925951,4.903791166683234,0.5012610566109192,0.5607175047928661,452.3642294704601,14.905031037686907
SUB00378,4,115.73383788409275,349.71797871850026,30.77002473956329,5.861723062239762,3.2221415383237364,1.0,1.0,4.930729568692314,0.5379091546117177,0.4655693961758467,323.3642502048954,8.424981392766028
SUB00378,5,133.968055330012,433.57376941719616,52.19994604606383,7.1011749346954804,3.9271410554634834,2.0,1.0457879133762438,4.921817823565636,0.4079239442084439,0.2839491813487682,840.535939948246,14.660320025094688
SUB00378,6,129.2949403887531,468.41309290222915,31.391763148071718,5.24091104600643,2.0125544352366354,1.0,1.0,4.8569961000103214,0.39921795300745,0.41797242989094663,847.2689992841998,14.620867332246663
SUB00378,7,121.6193118977709,534.0575920358018,47.104132586508,5.543134834281127,3.5244423258728195,2.0,1.638952116873888,4.260925634402184,0.5997658871557525,0.4497704314186417,377.7874882266398,13.696522856750816
SUB00378,8,129.72345714095798,411.2873349364157,47.242883005020815,5.298524130432497,3.0030561904793496,1.0,1.0,4.811888356657709,0.4059337150113105,0.4124169801906593,454.3312170308002,8.283848024818688
SUB00378,9,118.47364297731275,525.277850044799,40.93080333208668,5.93547828830505,2.184056814511613,2.0,1.4203478660155633,4.182965882317147,0.46826338883323537,0.5690554002039971,628.8276465984043,18.35131865456816
SUB00378,10,123.16410118389759,357.41032586042445,41.359050009393854,6.6509198811550725,2.626080544126067,2.0,1.214178617917016,4.43270437772457,0.5490546080314014,0.5072371705757668,249.2581949795881,23.369502711042948
SUB00378,11,125.07800516264895,575.2654796238854,38.94000339262462,5.788992186024509,3.9708698849175956,2.0,1.6700409574128636,4.075138687694117,0.5783607077029371,0.32492670734711643,825.7915136291001,11.07171502876824
SUB00378,12,136.03320034759483,324.51974022748345,46.48920276443222,3.9812968175171215,3.7775482853297278,1.0,1.0,4.669657523615476,0.3135520591465606,0.5051394269152854,635.4710927698039,26.68560918781125
SUB00379,1,0.6614953702122246,1.061642055236252,16.37761658601483,0.06147835232866521,0.1181497076908758,1.0,1.0,1.0,0.41203058860809805,0.25228669775102364,2.7551586841719855,25.33594685449268
SUB00379,2,2.543722918082259,73.30588861926314,9.446205853087497,0.383476164856169,0.31144483953245294,1.0,1.0,1.0,0.19584838295285611,0.5872430642056194,7.541336252668734,26.652697039876088
SUB00379,3,0.641707134238412,109.96142600843729,18.27745932126789,0.3757463379548177,0.26306093180951245,1.0,1.0,1.0,0.24077234642218381,0.3767412675590107,4.599616620573137,22.27981995347359
SUB00379,4,0.0,82.5579636776811,18.249789373856597,0.35600290507379323,0.11851635176642672,1.0,1.0,1.0,0.46491532571579963,0.30307680194733916,1.0,19.998413217431693
SUB00379,5,0.0,55.44572488570539,10.729113461760189,0.6098614123692097,0.4861509607674667,1.0,1.0,1.0,0.30712102820049536,0.3989627394138234,1.0,18.58051460129588
SUB00379,6,0.02060825931743193,48.00701567470087,6.505303484456622,0.8383313830528802,0.30073157197305433,1.0,1.0,1.0,0.21613819406854767,0.3478166356037649,1.0,23.047764504603855
SUB00379,7,0.0,34.67070930259081,6.706132625646697,1.115212665552776,0.3556834517033724,1.0,1.0,1.0,0.3225139227848326,0.2811804923977428,1.0,9.647632497214024
SUB00379,8,0.0,91.21976762851367,22.17695822674083,0.7856283302818885,0.11312563799783965,1.0,1.0,1.0,0.38450551271036165,0.5222546161658794,1.0,25.86531460053933
SUB00379,9,0.0,38.09436956555057,18.13525881970805,0.7543202951591712,0.4544109034663778,1.0,1.0,1.0,0.18539367897637526,0.4006718032194003,1.0,15.720907120857934
SUB00379,10,0.0,72.75593885922049,19.255691154160637,1.6492264984981948,0.45951367131890564,1.0,1.0,1.0,0.47033927810373033,0.39383767441802986,1.0,25.33444283113136
SUB00379,11,0.0,42.00459873022988,7.77918382528576,1.397522818592333,0.07248280758377201,1.0,1.0,1.0,0.4127173953942117,0.2516011396936325,1.0,18.25486881610622
SUB00379,12,0.0,85.34063919780391,11.509388896542243,1.2059002130561431,0.45277021180192906,1.0,1.0,1.0,0.23122767859808108,0.4303925587654224,1.0,27.629779963950362
SUB00380,1,95.02107148161663,271.1817623422538,43.9183410951708,1.3411726646481203,1.480085057305676,2.0,1.1466917251398916,3.371287254545761,0.600689570001873,0.2791600565687021,695.6782625020755,20.617294885365183
SUB00380,2,118.80578923899978,179.64189530963898,32.68838912200037,1.542582129595125,0.7121197407400377,2.0,1.248361515252391,3.623347764181855,0.5551887413250444,0.42710804465088253,694.8625668800369,21.63098021769814
SUB00380,3,97.81030089648488,315.17900560985123,35.24144570539112,1.1572331456961096,1.3369496945368264,2.0,1.4326809620568115,3.178080976168425,0.537442525319309,0.5137655910590332,282.90253736975615,22.816454221055224
SUB00380,4,115.88344992344098,290.0345833158588,20.351547496054103,0.7659519042292865,1.3801747002122704,2.0,1.5349693455789513,3.092820908751809,0.4866224179399741,0.3980925820370762,393.79616660401894,21.61121902029229
SUB00380,5,109.09254939156541,300.8040474132846,44.780674821037636,2.101803842451669,0.5279366960280558,2.0,1.2658311563325668,3.2795585606999316,0.5444674985123651,0.5214470640539064,699.151685915255,17.92190281491526
SUB00380,6,115.43467445117798,287.66636641356286,33.3923387569715,1.7631911653617964,0.8874946004733133,2.0,1.946286127451759,3.120751439580805,0.40750625642353977,0.32954723832132954,765.7511207388997,19.202747883644328
SUB00380,7,120.19082539941422,285.6098308964697,32.578427513610805,2.3645506918905057,0.00023528743446743494,1.0,1.0,3.196379717699096,0.36871363240376964,0.28452296016772965,953.644002185093,16.28820596444571
SUB00380,8,120.69752216767827,210.6215871609525,28.661758744299483,1.4480978783229594,0.04440655595134274,2.0,1.887481635763487,3.2249161303675398,0.38754804386127895,0.5692479489076578,745.935250962164,8.271536813145897
SUB00380,9,104.27209290602855,195.34516634667324,17.623996467517756,1.4147376245169392,1.1530506512227439,2.0,1.1357412774595688,3.907662269456699,0.5973220567434464,0.5261391610172965,728.81042084828,27.912231408680572
SUB00380,10,110.51233524717289,292.87782431764765,20.29908366491056,1.9428157599556921,1.0756358046415246,1.0,1.0,3.307323297517388,0.4668196723036314,0.32512107186031125,348.6479633372857,27.70710539569608
SUB00380,11,114.10541258708597,170.1484024921065,26.903855758323587,1.3493597683497458,1.2111563275812465,1.0,1.0,3.483862903009051,0.35099402458418316,0.4744949158544496,877.850184718055,23.052286748764445
SUB00380,12,96.05134080588178,268.5024886765984,20.463692184569055,1.7481006673916488,0.5673220099937828,2.0,1.169496169733219,3.0215895402637223,0.45286740109533086,0.30981206961736174,562.1018849019719,16.66855136729539
SUB00381,1,34.604889521216556,354.0984334958225,39.49637748311116,11.051780514407147,6.473785286078841,1.0,1.0,2.2539917078065677,0.18243554301243026,0.5312526549853105,222.63187374026762,25.10918049534876
SUB00381,2,34.500423809041166,393.0175965577753,31.341324027410995,12.153662210309292,7.154686170954344,2.0,1.3089897288701693,2.447191571570492,0.3033217304545962,0.528721468591325,99.91563820193787,17.200924674974026
SUB00381,3,46.89330391745064,340.01747930155244,50.31092567276992,11.4358070811956,7.310444457446163,1.0,1.0,2.4146835594914853,0.34416799453679214,0.5379280132591036,149.82956419509938,11.258685039977946
SUB00381,4,29.78513621535403,325.2675909002023,56.89577154895953,13.392726695987726,6.826740462138577,1.0,1.0,2.356457700056145,0.2757465901722279,0.562438098096059,215.32177047082723,22.73170456567933
SUB00381,5,43.48070635340003,347.03880005601593,47.68083628503584,12.456479993355032,7.548812829999205,1.0,1.0,2.588905565606037,0.3307644970661783,0.5985034842116896,247.1219502673087,23.959580034689992
SUB00381,6,33.40446681429247,376.91815890496383,34.49046829950072,15.403440787653352,6.196317856207529,2.0,1.651466006225001,2.097437232323901,0.43424707848651034,0.5377579473447271,168.82451820514302,24.51173799270555
SUB00381,7,41.234351803597235,290.9480329649201,64.10185987881879,9.958826400455443,7.652065415685631,1.0,1.0,2.9603846990913247,0.2615351355607889,0.365099292294044,186.8640159201325,18.386542193480174
SUB00381,8,30.54542452839268,325.986458238559,40.75508718644177,9.839602996880243,6.431880741477812,1.0,1.0,2.165926831022466,0.3765958600327035,0.336046519609189,171.9820808235509,10.346437811874576
SUB00381,9,45.88128894586519,397.977244275582,53.246136747954395,10.12639310962953,5.316260671635744,1.0,1.0,2.2365027384137166,0.188642561210073,0.5901488791109277,160.90140569744747,24.954253273434556
SUB00381,10,44.422074578394486,316.33955132105467,37.709967359558874,14.384431106141841,7.682758271203852,2.0,1.3424710963207822,2.7045121080993293,0.4938002975310166,0.331820326466433,132.17050962439745,9.318274481082062
SUB00381,11,46.465743784061075,351.18827026935753,43.951579710942255,9.358415150965694,6.369637278206844,1.0,1.0,2.18212915324369,0.19875511360252127,0.3373253180614482,363.69029348858385,27.707350279549306
SUB00381,12,32.845825839661764,248.51359303362338,46.8597208769517,11.361512319246792,6.033462255823521,2.0,1.2156411695453495,2.6245487694753207,0.2115939795042506,0.3757107623389988,215.2642486236092,19.83260787372729
SUB00382,1,6.382367668287746,1277.9395867468104,63.4630316846471,1.1917485359327402,0.5721460151023221,1.0,1.0,1.5096781733261255,0.5475978348083717,0.26747359236918977,37.948837453289684,21.656056190928012
SUB00382,2,6.364817176240994,1625.7472221897965,45.17643158404913,1.6442311665786278,0.11951941793241483,1.0,1.0,1.0003908010677636,0.5384478151332555,0.5569145175777228,19.828483578851237,10.997723136246393
SUB00382,3,5.136784803470682,1611.9826935359608,71.14440418883001,2.3655187542358314,0.8108825385734363,1.0,1.0,1.0372151847274798,0.3489095645133907,0.3994491429741195,39.78883842539602,11.634282853765292
SUB00382,4,5.2749020417728305,1266.269107354431,78.93380486020226,1.3208732261846037,0.923091959651348,1.0,1.0,1.9918288444306511,0.21246051289266715,0.3370943631871272,28.598705328300067,26.381406155710906
SUB00382,5,8.896526554656829,1421.6078654118437,77.22806917516743,1.798672531589239,0.06472958776509868,1.0,1.0,1.1185608807772258,0.2546031865108698,0.5380000149793401,47.606616620001994,18.88174054280519
SUB00382,6,9.275242384581732,1707.4391243530677,61.06623001001993,0.9160945554471858,1.2202529720023279,1.0,1.0,1.700212447695072,0.1692912526315446,0.5723279730185218,39.636440540930394,19.903040697389486
SUB00382,7,4.42480981524538,1329.4676550098927,77.51542841006354,1.226395646246206,1.4831152967681764,1.0,1.0,1.7685631929703516,0.15922789792876424,0.5227191498309212,22.286290103048703,12.538393171824687
SUB00382,8,9.629994706687025,1299.5440129123447,51.569292290096556,0.0,0.6293689665799965,1.0,1.0,1.6595036101004812,0.19975893601298936,0.5633584845622998,40.77535003533374,11.907317874308141
SUB00382,9,7.277507496568745,1251.5220635494793,40.81640158830014,1.4004004785916273,0.40093194551197087,1.0,1.0,1.9580558697434842,0.406536892759631,0.5833907678666399,35.53056942567201,24.042578371496056
SUB00382,10,15.456388339616932,1257.5812616791234,61.92014055806394,0.6459421247875243,1.1770966059373598,1.0,1.0,1.8449526574793005,0.2360711319669589,0.5623123441491772,51.98051479683677,18.489761127277013
SUB00382,11,13.829396845278778,1622.2552547504451,60.38479383264021,0.49657971342898155,0.1909180440411707,1.0,1.0,1.4492100274174822,0.3900708393599909,0.29683830463957334,89.46842400172363,24.972583696043152
SUB00382,12,8.421486365727096,1424.5642861810866,43.4172710144445,0.0,0.7803153264502718,1.0,1.0,1.356454281840195,0.5058786102245532,0.5827027312122751,28.731063937198194,26.377391692360746
SUB00383,1,55.40811297352864,699.4284090573948,115.29890515473323,3.7175579834276142,2.9916519604981398,3.0,2.704116020144139,3.887836993852216,0.36678663297694036,0.47303787761690963,134.3842204451023,21.355283231188597
SUB00383,2,56.42970653514729,688.9909791995315,69.03015825004539,2.815088521978312,2.130056390351352,3.0,2.965235543146782,3.9967619166203683,0.5401189224254807,0.3875241947503082,399.18720851480236,15.329602247620784
SUB00383,3,62.20556008566471,679.634763586717,74.10825192559989,3.3688610392735407,3.2212790847559742,4.0,2.9272105179688808,3.604868124486596,0.6216972009870496,0.4324562577483031,296.4595802914011,8.579408807444903
SUB00383,4,78.10132596904154,597.9364221894807,90.75938592312914,4.471768902108832,3.2105902654212186,5.0,2.7065580774682645,3.9094747812984796,0.3551052166894405,0.4973300434804748,404.12040432145875,26.73963647826441
SUB00383,5,59.9149707858638,610.8867853186847,89.45170691365192,4.157204935726858,1.8844004382607102,4.0,3.204133357954483,3.3539644042822205,0.46590754593432293,0.2634868313014602,171.32812745440688,27.510456076991183
SUB00383,6,59.32837895577012,774.1500839992912,69.96954645080793,3.991616982746672,2.451130250495556,4.0,3.0556922769744594,3.7657921727856927,0.39608529529643144,0.49355923091185555,271.0934084599697,23.348231052187217
SUB00383,7,74.21698578399908,555.7037385836796,95.85348408738824,4.610583348381024,1.9466726618398227,4.0,2.739593116395339,3.609024656412819,0.29606509183787266,0.30217594538394593,256.8485110236673,18.161486623608624
SUB00383,8,82.82116984463939,702.7354528184272,65.35972135281767,5.129207798541655,2.9779836388636034,3.0,2.9763005051628024,3.5200712735421935,0.34825246814195054,0.4838412507983856,304.33287684205663,10.91824081116027
SUB00383,9,65.97515856045007,574.2017362067454,62.23125442511069,2.9091634666376196,1.8841706593246474,4.0,2.680760321952018,3.6142999202527037,0.2678912127671154,0.5565649030563724,357.89796852334393,16.980415078560846
SUB00383,10,65.59580080618348,514.6095453483783,78.30782828370393,3.474673952053139,2.014842792055789,5.0,2.7653785463972937,3.137842788174111,0.6047519430568281,0.3144635698790451,139.8097140961509,23.55208641120773
SUB00383,11,66.83869390297417,613.1019118083577,83.0931405907231,5.24923331727107,2.230709279132617,3.0,2.656192709020887,3.2823211987576424,0.40326350202073247,0.38399153851127554,205.6296228105036,18.18970153432374
SUB00383,12,72.23835181995909,710.5985138479101,69.41346832907644,4.2719575403471115,1.9109307716348218,4.0,2.6593949749433965,3.5427345497236034,0.4408652364770653,0.49077834751360727,417.7551688915963,13.417783530861657
SUB00384,1,9.368338218772667,106.90551411136015,33.611173222551024,0.4062834728104972,0.6349428073017898,1.0,0.5071027019258663,1.0,0.5170480639700069,0.5107261306544215,33.65136715589951,11.574369786301075
SUB00384,2,10.079234080184012,90.18275093081108,24.047326551298184,0.1710217104079695,0.03930998183593859,1.0,0.7249480858059998,1.0,0.17613631786160652,0.5321356068519998,27.666694112763516,24.637994113352764
SUB00384,3,5.570157927787134,144.79254399550544,31.97426715063575,0.6380836086301723,0.06552934754630746,1.0,0.836129318845513,1.0,0.46695441785045855,0.5321559423217967,28.769993301880238,27.59696363801724
SUB00384,4,6.177598472706261,74.68011216503633,39.53885917099922,1.5123825629483758,0.6772932423407542,2.0,0.7033473460510808,1.0,0.27652004152655313,0.4877365415403603,12.57996709832016,13.990231632780027
SUB00384,5,5.742480589305453,95.4035031930555,19.890934054907493,1.1661383931350697,0.17815586029517905,2.0,0.654523423696973,1.0,0.20823934844479358,0.4998568392313651,29.65449197800576,15.694038600238224
SUB00384,6,10.503444389683672,134.8388458462987,37.319221101711754,1.999509850311112,0.20193993839643132,1.0,0.8956218153706706,1.0,0.3625156345658811,0.4467271186624696,53.65259267379178,16.48969602449536
SUB00384,7,12.05121652390787,159.73172504981505,43.398404119984676,2.204011825882602,0.28316021011669035,1.0,0.5635138515694997,1.0,0.5284604287137268,0.5012099635220755,92.66216968175793,22.44571797583692
SUB00384,8,15.508388401710475,133.7948607558443,41.90597897311565,2.107401729540544,0.7139540360320071,2.0,0.9776072544981695,1.0,0.18586727415245569,0.3825999918322488,78.83953510541173,27.933863379462892
SUB00384,9,12.194964790414083,76.87422862377318,40.92915475780639,1.2747013051182314,0.01428938507295996,2.0,0.7416941568539721,1.0,0.2777681897963703,0.5300919121989878,92.45728007645273,16.542152981752977
SUB00384,10,15.04303092023711,132.263191708478,18.178543628563144,1.5459698504561308,0.5672872109797525,2.0,0.7378439584127132,1.0,0.44648665001984456,0.5032133352965502,77.64808090182449,20.398137696426538
SUB00384,11,11.256639885848415,89.95535368231043,36.20636265465537,1.9962207983411253,0.5044519811492943,1.0,0.9549430212184278,1.0,0.37804064598733894,0.5560799453505028,86.97747098627346,11.991304622329261
SUB00384,12,7.70881899331382,88.68262325695787,21.92613259343623,1.1715611206485503,0.07372092579038014,1.0,0.5087644663148667,1.0,0.5353322798242667,0.37489637021817973,58.10892661216247,25.694573227167933
SUB00385,1,138.1126280957844,422.962905396906,35.70507085128917,6.6174328200857975,2.592721133701964,1.0,1.0,4.713798382523362,0.6080913554965832,0.5210757464713294,732.4980299060809,20.70517196107518
SUB00385,2,136.00123553911578,326.7508281685088,33.347442443123036,6.145352494636101,2.575218237721674,2.0,1.9328331281367714,4.9881589950274465,0.4655004071576585,0.43271890869731156,712.897017530159,20.802394913678345
SUB00385,3,111.2650904876964,470.8928007614075,45.23271487369553,6.4457053018765835,3.067301406409131,2.0,1.085941078827497,4.145068321967577,0.6494315086315093,0.5708823564881838,634.7963395409975,20.583096348414458
SUB00385,4,117.8991852003837,344.4281306929852,39.06402180760942,2.946072764507776,2.530629131921657,1.0,1.0,4.0231606999992815,0.47425912151924043,0.3960547537396993,518.9838594883662,11.010805122515134
SUB00385,5,132.98257199735093,475.9532565290916,52.71191194832654,3.8087405370829566,3.4870469885946607,1.0,1.0,4.729929403632567,0.47821256586143235,0.5630090143519499,758.2175183251901,24.923175016429333
SUB00385,6,116.29328688967873,326.1384166778984,50.884149862844495,4.023548667216899,3.0505964524192635,2.0,1.230481360940723,4.222096359542767,0.5618210786428723,0.2669753206700834,716.8241621021268,9.430642573015206
SUB00385,7,110.26957132550066,357.0810209758814,41.409930779248654,4.479936402037842,2.5394242253899644,2.0,1.8561635981321774,4.12239641319942,0.5119316492493938,0.2516698498233547,549.2284237181548,15.212779173246469
SUB00385,8,131.441307915105,454.1045759896311,37.75295868386939,3.9460841862040033,2.842557117047019,2.0,1.3498981650185753,4.794086036040512,0.5262309616455294,0.5282304502853756,900.3111130708292,12.414101701025766
SUB00385,9,136.67552234472106,482.0330902356905,50.38133263684177,4.56853790070242,3.0958860466397535,1.0,1.0,4.284312429968335,0.42860602841002404,0.4607542578236091,906.8154496100132,8.16985018923121
SUB00385,10,120.14806092347843,470.52512576329866,35.85385798437104,3.2355623057749,2.1041922160638253,1.0,1.0,4.195915406041169,0.44801591251966977,0.5580840221837847,854.8483016672544,23.6390732157975
SUB00385,11,112.39786483492598,517.8540458428075,33.33363552264697,4.242028574485803,2.941557478898386,1.0,1.0,4.4604021692517595,0.5663070132352181,0.5361712938746456,228.96259744488256,8.89948308311569
SUB00385,12,135.9819818690579,394.40365651206923,31.324716377196182,4.023361514861511,2.573059408832054,1.0,1.0,4.42714324083617,0.5907941017597471,0.29082801954225423,428.615189494838,21.10383973043868
SUB00386,1,0.7657823928384265,17.656616646471914,23.358442656611086,0.4547453190264823,0.2689587024958484,1.0,1.0,1.0,0.29905335628566126,0.2577714414545667,5.975940984656503,24.351969924399143
SUB00386,2,1.9741984975235327,50.917467921692165,22.022502100811515,0.1987987929172088,0.16907395493159194,1.0,1.0,1.0,0.36770855493036303,0.4078131391245899,7.79712999430256,24.281531386153578
SUB00386,3,0.7808472946863605,41.09370794542281,13.109102510663174,0.2358479404019454,0.35719362649027886,1.0,1.0,1.0,0.5424625784207157,0.36455925270988965,4.533537625617086,8.958973985791973
SUB00386,4,0.0,25.68572327665095,14.010806885473473,0.47989894368113983,0.18735090859114056,1.0,1.0,1.0,0.1857127187182349,0.29288782985397455,1.0,20.077306707780494
SUB00386,5,0.0,89.56249471204917,21.866766532248153,0.36593306369502476,0.1284966357955083,1.0,1.0,1.0,0.5059822616128743,0.4074487329716455,1.0,17.339786014855022
SUB00386,6,0.0,0.0,11.472123895141092,0.3856712590528916,0.4532339757263406,1.0,1.0,1.0,0.2801595800981624,0.5391502612625148,1.0,19.337277835219354
SUB00386,7,0.0,61.38390584330259,6.927389850093464,0.1735997274263508,0.03184126418693528,1.0,1.0,1.0,0.5048637412254168,0.3530319405999149,1.0,22.0681076370549
SUB00386,8,0.0,28.34654724816115,10.304347887040233,0.3104148846847872,0.2505743645515804,1.0,1.0,1.0,0.2700276082281477,0.27254710131027265,1.0,16.706985861037914
SUB00386,9,0.0,33.93340754414835,7.712806285606515,0.3337067327475149,0.11759930966909521,1.0,1.0,1.0,0.3674027893615586,0.5369255409328544,1.0,12.889112993823119
SUB00386,10,0.0,39.215888394685436,24.094428138882257,0.23746989405907543,0.14408559576017155,1.0,1.0,1.0,0.5159083211275542,0.511262034406241,1.0,10.649200009596413
SUB00386,11,0.0,37.11288206450577,9.644887696870656,0.32179098909685516,0.29477572685072206,1.0,1.0,1.0,0.4891799877323918,0.3567810079358855,1.0,15.183130167637604
SUB00386,12,0.0,72.27339393769235,9.872990342255052,0.16363482219998046,0.08073975014771351,1.0,1.0,1.0,0.2593631438875478,0.39863424676171294,1.0,21.59964590692656
SUB00387,1,95.42310565711762,191.58809583921894,22.821115604598006,0.3055953919402983,0.8859878486080364,1.0,1.0,3.369265222985887,0.6379915279678149,0.3043858098552686,736.3118520907917,27.281887126331497
SUB00387,2,103.85687324518034,250.1244078389536,23.853745913700973,1.840216514087668,1.1940028167498582,1.0,1.0,3.716636319448279,0.5430141439205983,0.3870067682968864,270.1210036933605,20.200156433994987
SUB00387,3,117.24014722713098,202.16056737820972,19.153285064461848,0.9907256879017462,0.8408728948436969,2.0,1.4198293352487346,3.4742927186331327,0.47235947004926127,0.26389395134633614,863.0090691680589,25.210787301443865
SUB00387,4,118.7023238766646,289.6459464346572,43.89446906212571,1.555089299010805,0.21401867934029012,1.0,1.0,3.8353223569721013,0.25473743507696006,0.4017621740423143,539.021980376183,21.889704623969752
SUB00387,5,109.19521256384743,296.28769211211335,22.133307399129215,1.1490083850554103,0.9713239766774704,2.0,1.4296505998219917,3.518780926663336,0.6314767618904404,0.4626472798895953,496.66283006429586,24.56100094692333
SUB00387,6,95.77897312605614,198.15185059034008,34.09197618220887,0.866586568075161,0.1742054673306092,1.0,1.0,3.7053708388073736,0.4585451047643907,0.42330360553723134,619.8131185528337,8.882548926490314
SUB00387,7,102.74914711962444,153.0687641555585,34.45655078250549,1.2805483384138912,1.2109734298259738,2.0,1.4710252783500213,3.9231087957146364,0.42575968770360895,0.29790174767043465,245.8830552354751,8.286615992495562
SUB00387,8,96.86289519939122,209.7168589947519,38.58094006947966,0.5275771375058629,0.6221120968413829,1.0,1.0,3.889226693845542,0.5118954168715144,0.5868937726939555,579.7520591922063,15.254210986868433
SUB00387,9,102.62950237975717,154.78377908251454,27.021515134733015,0.0,0.7706847835784633,2.0,1.820207017948519,3.7794928515037887,0.4169799160119234,0.33387790541622253,224.76205018264193,9.113660152598957
SUB00387,10,95.31063008219964,150.62358285747305,28.716700744816222,0.5412612070822073,1.1910292287258144,2.0,1.5230111253378402,3.1030654301384186,0.5920319612594729,0.4559435400263304,502.6593207152773,13.45361237533909
SUB00387,11,103.08377925621417,255.2277862825176,41.76274097550581,0.0,0.004712974767560829,1.0,1.0,3.2928213322267643,0.5161749463379971,0.5859805868811715,673.9472579122361,14.994503677759862
SUB00387,12,113.73398064798727,280.15500921819546,25.706993784793223,0.6864052114324949,1.29228168060192,1.0,1.0,3.5330618032506935,0.42148119389023087,0.33237588926796985,297.8123560151722,13.824222989872121
SUB00388,1,29.79520562653135,258.61204743677115,58.234301231252104,12.570994659378004,5.1912743316672705,1.0,1.0,2.8972975680826876,0.43035698875874295,0.5597057754686094,94.60605226522902,21.37448501706711
SUB00388,2,31.05825448885927,350.52070897008366,63.55652016868474,13.027964121768237,8.543910047124616,2.0,1.9167719193771608,2.66979844471368,0.41479111134691904,0.3304050629212757,200.43795855543183,20.430335827006473
SUB00388,3,35.45185773708319,323.6737682907425,53.30883261099153,10.318702136344122,7.427926053784383,1.0,1.0,2.436615509800382,0.33820605100077317,0.3054196780997433,183.6669214313047,8.916900210329652
SUB00388,4,38.23712774165652,197.4825507209861,54.934831026914885,16.11439154999937,6.975669159807177,1.0,1.0,2.152929215174992,0.3445361839352967,0.32106970143257996,253.13394459620739,13.939080256143626
SUB00388,5,30.433725093504513,315.067649057371,34.506657891404004,14.229519926749166,5.756335135258583,1.0,1.0,2.063901975406946,0.5364212744533273,0.48084377481708485,108.11949355796116,25.54305635067078
SUB00388,6,41.40570899829332,392.45875025710654,39.81156317674851,13.537196794484586,5.0272462530060125,2.0,1.2356100998482076,2.15441703031864,0.1870574729224653,0.32819935745346074,271.49834107744175,15.174871060141701
SUB00388,7,31.157650657925327,341.14682239490577,51.76967036992707,10.48788708971398,8.850930573757093,2.0,1.1986156346851997,2.405616858421717,0.2122766719170881,0.5167290754804369,201.06515769308692,10.463944573051178
SUB00388,8,43.301569796006696,364.6360540287161,32.82597373820145,15.545329756030403,7.199481335841169,2.0,1.2738767167623928,2.722108786465735,0.3643405184206929,0.46773417878553164,266.16475373437885,16.08957971672573
SUB00388,9,29.457954206679684,238.1525462369507,38.737082132715216,12.777266034632945,8.341030492929093,1.0,1.0,2.2444417599672315,0.5404110207630531,0.43660013933332026,59.05797151686156,9.81248662161051
SUB00388,10,45.442249429289696,376.29004392437224,48.66351568479685,15.290844279060686,7.327350567843949,1.0,1.0,2.8313371420258227,0.5075021542337029,0.28558182788211245,355.9445560349423,16.75003406247557
SUB00388,11,34.177389679633215,357.79366662697373,41.377856022287055,13.57320032805882,5.079685033641281,2.0,1.9415934093751108,2.225162581257561,0.3969756262084335,0.4168462459335337,194.70950671681098,18.929334580370295
SUB00388,12,47.2382980762032,340.910927496829,62.85590163065653,11.65743540792346,8.74335962236481,2.0,1.8940405393025075,2.616708529506732,0.18123826684204603,0.25595593684506834,179.96729794904658,20.326420085990094
SUB00389,1,4.3152897719011065,1369.7822826125114,70.58229211570404,1.8272652242248844,1.4870062258741963,1.0,1.0,1.1106285769136228,0.3306694481454287,0.522361064798772,21.010798490214835,19.71652314847667
SUB00389,2,4.516127962874299,1733.5961903479886,69.72903641873259,3.0145669901198042,0.09745731314511974,1.0,1.0,1.2215133685039725,0.38730844812725707,0.4855630455114502,24.18327614947212,11.064547717314358
SUB00389,3,8.438017284929998,1304.6268756345075,59.59367862864841,1.9044984675554835,0.8491271848257418,1.0,1.0,1.9038847747036312,0.2645299038556582,0.5312598270474163,43.01554723295151,9.505227803266727
SUB00389,4,4.458566963820117,1492.1232795149829,79.11885322758621,0.4090124648603246,0.020884016236343228,1.0,1.0,1.6807353825897717,0.4375136903013219,0.5951212924746865,14.833584135571277,21.12995391516486
SUB00389,5,5.874332470669445,1710.1241677667972,50.75926393169361,1.823792299455504,0.5089914806929954,1.0,1.0,1.522958426354494,0.26112125244110784,0.25965316856098797,41.98352716155342,16.896714755383513
SUB00389,6,9.562905804408105,1221.4072008998576,49.16494149341448,0.14974702349492056,0.9806622080335466,1.0,1.0,1.9008615371301016,0.28828895212009364,0.5269614427266722,29.43769537028,17.304959051864206
SUB00389,7,8.357107995594626,1428.4139282542947,67.9499038972567,2.2875706127856485,1.112675901575442,1.0,1.0,1.202101733667162,0.41490770972907864,0.46006355259595116,18.461672967391173,13.114800567797484
SUB00389,8,7.551637245195015,1486.712791508507,45.85906929539949,2.0067660866508445,1.297355151774489,1.0,1.0,1.4216908486434376,0.3949931116725993,0.383825049991879,45.94527613839623,22.038505043707456
SUB00389,9,7.1907674885898505,1346.7675708834788,77.68649930588197,1.1029567744934692,1.161424620776625,1.0,1.0,1.4633990135445991,0.33937426961751704,0.5632720132459106,35.53774045508511,15.714545697686248
SUB00389,10,10.358590342032517,1589.4411359378557,70.55559716999988,1.3129627525141494,0.9347092395820122,1.0,1.0,1.5024979089855797,0.4550113372254866,0.3645856786005399,80.57321076680599,18.71473040702056
SUB00389,11,16.865025702167024,1550.4368178708946,57.38133690043654,2.871959264253867,0.511228550955293,1.0,1.0,1.3845870475844957,0.41536586790734575,0.32482630343504487,125.5537495250656,9.33555397502737
SUB00389,12,16.85456334475529,1581.111656476933,78.43703423685649,2.9459746073748994,0.8536273270380816,1.0,1.0,1.5786521364332784,0.2473674206125284,0.460905768464832,90.6276623814412,22.359988214135207
SUB00390,1,65.99553568212109,568.1362733125011,79.82197464979313,4.31297070357599,2.0050166485385565,4.0,3.0840904187412526,3.4206507073390586,0.5275336801357006,0.390817451839816,321.41793356087265,27.854885444193126
SUB00390,2,62.00725394962766,717.0624203394085,114.12921353869444,2.2059611887261945,2.9130769472789755,5.0,2.947598211268191,3.929944702629615,0.5739224558316763,0.44233218400228663,427.3283268641764,19.173322806372617
SUB00390,3,72.01587358548791,503.56352420001184,103.31709247038161,2.82108649963021,2.564729270212794,3.0,3.0,3.650808325925503,0.6135826885860296,0.5111363049157519,477.65921781238035,18.08771767593865
SUB00390,4,74.11188644863542,595.6306614213024,105.41623297387238,2.6066309148456566,1.5267890718931136,5.0,2.933036009908575,3.0618685454780534,0.39181347512093234,0.3487074803553901,545.3347575592335,16.76115215052139
SUB00390,5,53.07650674844293,676.2430186051046,112.36032543093393,3.2011168207269645,3.434859420775883,4.0,3.3465354261056364,3.914644954217069,0.6367394676948286,0.3076515506931815,284.6840644530264,11.310689600453296
SUB00390,6,58.051445039316775,745.5210571478059,104.86271561632032,2.655442808733082,1.5083105838242106,5.0,2.7664855493953473,3.0342039974122033,0.3906620672972688,0.3752538632646115,366.7259176341593,15.3267391748264
SUB00390,7,60.16299208611502,738.9528800802176,80.56131924363629,2.7113087717660735,2.7125791589699255,4.0,3.3827669284663875,3.668155673379955,0.45944134026460126,0.36435132131076314,343.8253134708804,8.824294126509471
SUB00390,8,57.92725992286775,690.7178086351196,100.23042442910115,4.654710005289143,2.681453275588717,5.0,3.091065913661618,3.871098858050469,0.37638098439474743,0.5203000354527975,338.66186421627935,10.613190413003375
SUB00390,9,58.970182886816055,580.7730864651411,79.96394825080102,3.3806865354301046,2.383268062792087,3.0,2.712682888633111,3.3881055083519667,0.4607297475872567,0.5333820423245119,366.29670185601844,8.900757437503689
SUB00390,10,61.971234235269606,499.73172195711066,94.28648163024249,4.205740923491122,2.171072021748404,5.0,3.0737865786633094,3.666425897095973,0.4711069486660713,0.5404857563807826,271.11279691679556,14.63438922352324
SUB00390,11,68.55071938040865,578.9867970702256,118.00210462758199,4.145013102960876,2.06958824900266,4.0,2.770052957754345,3.3614809041245843,0.398878375821615,0.2619491656286499,305.3432375891531,13.214462202651385
SUB00390,12,65.18818670109835,576.0164581267159,115.65203435913966,1.9255138699766896,2.954449849250996,4.0,3.1461614650558727,3.2403910890921486,0.5153911208174441,0.3908519461961569,421.6885687938366,15.909285541130766
SUB00391,1,9.153513194008841,149.32023703220503,16.020932031300894,1.170359590904217,0.04487481996671072,1.0,0.8402979299353575,1.0,0.40897667308108154,0.42135591628105806,38.97441191282617,8.993960546057522
SUB00391,2,6.211038748301009,65.35127198645371,20.080256441152127,0.4529659240070021,0.828655277396891,2.0,0.8909428350278508,1.0,0.3496934621869775,0.3173243261166322,15.59117296207697,11.16363579328481
SUB00391,3,4.323128356580758,85.75700690898385,41.44284956856987,0.030799207169211723,0.19431747079871986,2.0,0.848427408689108,1.0,0.4354560981020651,0.25560180561482077,21.51121806665581,15.582900593114136
SUB00391,4,8.248159296008094,87.19779161406865,22.113881317136176,1.0205823032128394,0.730598987096579,2.0,0.8513698783430514,1.0,0.44544315798744427,0.2820545026004157,59.45374778267801,21.3090009788964
SUB00391,5,4.08500946224883,87.22049411533766,16.18100991444818,0.9690958224639059,0.2533377180788735,2.0,0.8169927542905074,1.0,0.40294938378378176,0.3372354392570296,27.818834436562724,17.628627160889277
SUB00391,6,2.5542602416333042,146.49840670524657,36.34884584602888,0.0,0.8309361899884398,2.0,0.9306015920932343,1.0,0.29618913230986665,0.45996421839790463,13.7570487102175,14.071974498872805
SUB00391,7,3.1630250682181034,158.20604787220583,22.343958336556277,0.7712247082312627,0.5629466337269463,2.0,0.6649152663817822,1.0,0.3254051041667604,0.2948426423898409,16.145722724230854,12.963873290999423
SUB00391,8,4.878653324536028,112.03162197758193,32.090785687257316,0.0,0.6004609826125555,1.0,0.6051458105017413,1.0,0.4653337139797348,0.4660431329169951,37.373894331849854,22.937289510898175
SUB00391,9,2.726983717482984,127.15803961040179,17.956675047878544,0.0,0.008370614814715127,1.0,0.6819525183078115,1.0,0.31976762323100405,0.5958721004856584,12.30431085925576,26.44124840613468
SUB00391,10,5.164363506825482,101.1647498256022,21.368585422622786,0.0,0.6583414649604544,1.0,0.6444921784390154,1.0,0.19936138800458494,0.5029260295696397,24.534073943639132,24.74313282849907
SUB00391,11,2.9920206845811927,132.55902867969175,29.44743690701898,0.5300973432359799,0.41716468685238184,1.0,0.5470794281520308,1.0,0.32319482407773104,0.5552760726882624,16.253107425806352,13.969698720670863
SUB00391,12,0.0,79.04504281540494,15.99071844481172,0.0,0.5301459677512137,1.0,0.6021754782978512,1.0,0.2720689848295287,0.46137163563031874,1.0,12.482203910622806
SUB00392,1,113.14304156899397,479.23186631216566,44.71417212950004,6.380652639255537,2.901820198314396,1.0,1.0,4.312269408705807,0.4976145557339674,0.39744174440680635,389.2287560673275,12.137714085974146
SUB00392,2,125.92013056492564,495.196975005371,49.748877380613635,3.498207324443742,3.0463264724907178,1.0,1.0,4.519130541499389,0.6019636540434854,0.36369295867788154,878.9683867140558,26.71113549952345
SUB00392,3,114.17837609180248,543.9643834963084,47.40102683959497,3.5128153442170498,3.318889439098296,2.0,1.5526823526300588,4.92936685478266,0.2980661187739214,0.46823969156538514,540.7911703493635,26.53514556118163
SUB00392,4,134.56829626718238,505.38153410521585,37.26569095658236,3.24675225675855,3.257904558027202,2.0,1.133830372503084,4.8935263984948865,0.48129438853289797,0.5879349276814663,491.41394763754164,11.677096195138747
SUB00392,5,135.2584416438889,347.6777953260706,37.95587045488048,5.707529299505139,2.153917726623395,1.0,1.0,4.308556148073466,0.4192864574451909,0.2735763652853628,404.88307865464583,18.024903908983372
SUB00392,6,118.48478942548098,296.4409088567243,42.99710346363084,4.461963672452678,2.1251884528789873,1.0,1.0,4.277450761295685,0.35383136423962824,0.30654419490881,738.8822859138742,21.370148364236154
SUB00392,7,120.47871052108722,350.1180899943767,36.20503518557063,6.082904217062155,2.7813627375339363,2.0,1.7614490732870176,4.300493808268391,0.5082925567133522,0.44530521351220265,618.2932526768354,10.95397168168963
SUB00392,8,109.90803724690815,463.88478619537784,36.49090599550105,3.9268459665175164,2.7209682635572077,1.0,1.0,4.625022427863486,0.288939206527989,0.5096284331636112,728.1778064424781,27.000308491966532
SUB00392,9,128.7087104870135,483.09209054548336,38.238799388668546,6.438795453776615,3.9091249192658486,2.0,1.8308034438778882,4.57882276557368,0.2884664710314418,0.27053994763767836,738.9197468014025,21.17414128381398
SUB00392,10,116.68145279533209,352.727851097025,39.23646363044885,4.950154334300499,3.3833756610208345,1.0,1.0,4.502334666244992,0.6120087089060241,0.5318188977087549,849.1028184565043,25.506644617961907
SUB00392,11,110.84915185806909,535.9226641883082,52.88740441617218,2.855377508873852,2.2316764691212367,2.0,1.9857953459149822,4.756078518337404,0.4650211285212609,0.5426492507176158,641.5427005415094,9.707587117109213
SUB00392,12,128.14018785193159,424.47249885404017,54.653189639400566,3.3992297112588843,2.6072200593642867,2.0,1.8869073778609269,4.420370633442426,0.5206166756074057,0.5593558929683767,409.15282306108105,14.607402331886142
SUB00393,1,3.6626718460802064,41.28141615684539,19.63855901546031,0.09358174182835635,0.4700246614843425,1.0,1.0,1.0,0.24830610433878073,0.5020235991128092,13.621951297276885,8.25575970458542
SUB00393,2,1.0238114899250252,0.0,12.225240949519504,0.507286369631348,0.08200225407002165,1.0,1.0,1.0,0.2134607424392266,0.443421692019507,3.2063215204187854,15.978596548694366
SUB00393,3,1.0241223125624916,62.95035261944341,17.381646084914664,0.31289800060123935,0.31351465971783143,1.0,1.0,1.0,0.4500794163683709,0.44432456647684415,7.860839144654026,8.878074825628678
SUB00393,4,2.2812483960165544,41.9083806822138,20.40414528327497,0.6214280888480856,0.04466191110880385,1.0,1.0,1.0,0.4348573045981112,0.40188383951110374,12.610311459455156,23.64684639749492
SUB00393,5,3.540440678688341,36.28222730950564,18.534849610633593,0.37914137584473967,0.14289318015519287,1.0,1.0,1.0,0.17897544472920757,0.46158415627739313,15.10642877706679,20.48573982929902
SUB00393,6,3.9624346793280782,54.03497451727203,23.455086972734506,0.2737846250830057,0.1907655128271571,1.0,1.0,1.0,0.5261419532088684,0.46294749568963156,17.458141250821768,8.642153342078288
SUB00393,7,4.476791613655486,2.114927037280541,17.611492702256598,0.36269421429229254,0.3390041959277981,1.0,1.0,1.0,0.41361393771389254,0.54068882012294,11.882521843746602,12.467838425073072
SUB00393,8,4.276959829578064,90.04193735300736,12.068943147432165,0.030376671975635983,0.4128676214714807,1.0,1.0,1.0,0.4334475969279743,0.45549757010813513,19.935789415594343,24.953207026457743
SUB00393,9,1.7762116017841336,60.22232425974631,23.709783846121177,0.0,0.3276317077574355,1.0,1.0,1.0,0.5497700025900557,0.32013534832969387,4.731574656926966,17.110835292743275
SUB00393,10,2.1000641725567117,16.98243157879365,13.151188909234058,0.4209667628151263,0.40033629646476904,1.0,1.0,1.0,0.5210595216483319,0.5920306994104345,6.856313737263534,17.456846916868592
SUB00393,11,3.851704264338692,53.388134693347354,20.78794658367512,0.1543129361355728,0.13786140298528654,1.0,1.0,1.0,0.2099242899242108,0.368930330363186,28.802248612833328,25.432245573312418
SUB00393,12,3.337041332111663,69.77755918339548,23.308594906840998,0.10674356263377696,0.04766937980498792,1.0,1.0,1.0,0.15858958443883306,0.5696970392066889,22.141428609900256,11.160578550835051
SUB00394,1,108.59946170642182,324.98409549060506,34.95685258225811,1.9127784612485312,0.20957830310101294,2.0,1.8146661527385024,3.47894910435786,0.6163090443809335,0.32418725525262243,534.3380452022127,25.18028079686467
SUB00394,2,98.7202574641152,199.48759776027936,19.5715180778906,0.8677553437193107,0.8805732705581188,2.0,1.3900086201214599,3.454013940594805,0.5127734542526043,0.5822138719540957,246.02274703529991,26.96832120449998
SUB00394,3,121.41652385287375,247.52881782194524,29.868931608733483,1.3764521582913187,1.3372618685705102,1.0,1.0,3.2435564145405182,0.4011233111973609,0.42580268812601174,553.94374762524,19.69491512599051
SUB00394,4,96.87215447486567,251.21040758488616,29.82056793715565,0.0,1.4123876208312927,2.0,1.382360082555377,3.548785150112228,0.5973809529611638,0.2794113367844837,226.17210718238272,24.67205330069597
SUB00394,5,101.11949911452555,287.27140469218966,43.081479887833865,1.0112724955417036,0.8001088062122781,2.0,1.0458976405675637,3.4110317574199946,0.506851110588045,0.5608872011144735,320.53470051636344,8.83581935006427
SUB00394,6,97.06673319155453,243.43416839009626,39.12849116350573,0.0,0.9708602249982596,2.0,1.4332427758463986,3.679079546816132,0.25585009302598005,0.43199481183731425,452.48778591384564,13.943711560457736
SUB00394,7,123.35985410413711,247.28176667728405,35.42110877599654,0.05174785347188471,1.104530714923161,2.0,1.8768372417375572,3.3653884350132435,0.5153357296592052,0.3754111475014969,907.3219551567186,16.48012167445013
SUB00394,8,103.85534316638811,193.70364286054286,40.17882280108963,0.2758489155367708,0.10415455648715827,1.0,1.0,3.283400977176718,0.3433120896909009,0.26995195350250256,530.1775077729576,18.89629288874041
SUB00394,9,117.93473580138043,193.81897913089006,33.45646808085732,0.0,1.192823931590605,1.0,1.0,3.3246462704965944,0.38876982646717284,0.3351818480269103,241.0980580418054,22.132204232130128
SUB00394,10,120.13588995582205,231.17282808691334,17.68050542281186,0.0,1.285417895172178,2.0,1.2365829056914894,3.4541916788080114,0.3054375496218732,0.32082824963834145,928.5086464861791,25.36921051173203
SUB00394,11,100.83269450347821,309.6969096862268,28.252884982736052,0.0,0.2177778930272266,1.0,1.0,3.821332003522927,0.47964163616945943,0.37853177409415006,771.6305962800254,27.937155175472324
SUB00394,12,106.00979802170197,305.54031069075324,28.6720886667159,0.0,0.23726737320894165,2.0,1.8917309714898374,3.327378977710159,0.5368132590258902,0.5813529858385202,546.7787499624083,24.787527460158497
SUB00395,1,43.28246094172017,234.117297429959,43.64645059684509,15.348684600291788,5.452608746053583,2.0,1.7150221272813138,2.2557083141970615,0.32801300241492315,0.3935181969535355,298.65215972723314,15.04238148510306
SUB00395,2,49.36009447913856,208.09143596045152,38.95096406818699,13.647162022628715,6.830903624084797,1.0,1.0,2.4325678639911805,0.44932355027315896,0.2952309516582548,194.18169626510988,26.65754319266903
SUB00395,3,49.618840018150586,333.6837135355943,34.97645778167649,12.862721257323557,7.379375133565059,2.0,1.284130603422133,2.752745780054269,0.34151624768164146,0.43921813323067493,380.32686288906933,27.52709835143403
SUB00395,4,45.06009872038264,286.72840017099395,56.90710426945314,14.581014042459508,6.817655635343661,2.0,1.074982610909958,2.1070821536510844,0.4796905516323605,0.5752943084002349,138.4890955330549,26.334841947977104
SUB00395,5,46.63839297038945,216.95754389494644,57.54608406956676,13.4089605762987,5.531051082326261,2.0,1.509085244559225,2.409732431407947,0.4842921683146376,0.2989684147031164,207.49587625100665,26.06673814516404
SUB00395,6,46.345299958404645,271.8391509713355,37.49181885378367,10.569989424362563,8.953072380345821,2.0,1.9500527217305232,2.407129621540958,0.17012469184465967,0.30611608847710137,218.6954970077198,12.09593313224991
SUB00395,7,43.054147340083,333.530510561852,50.55632872196973,13.558651264114252,7.432303080375268,1.0,1.0,2.882321738079595,0.2447432295498201,0.5014631622212335,251.47772713719093,24.98062540014173
SUB00395,8,42.538356395261935,272.88296921072674,49.37430960071903,13.401701315969543,8.40890880495392,2.0,1.4453780443757762,2.762313309864108,0.4935253881030852,0.4620893717513521,239.6947897289908,12.694017124707969
SUB00395,9,35.20048083462667,360.03199276338506,41.97250585218177,15.580321400680642,6.4399025052789485,2.0,1.8557256062862142,2.326899984012449,0.23214408621386134,0.4377816810850699,248.58276090632762,10.123126552266575
SUB00395,10,38.5437875819543,312.9778182324885,43.031463955521886,12.867856335660704,7.722092750618628,2.0,1.6542775931768245,2.2785841006690735,0.450025220077619,0.2873229907549901,261.2967687140997,21.819788783946695
SUB00395,11,30.670739053713085,205.42857536444052,36.558292523430595,11.89319922528219,6.63814004291036,2.0,1.7433471998533474,2.9784461059841525,0.3892545666313865,0.29145061178087467,84.59435608522607,26.520097856859643
SUB00395,12,43.65920974574103,365.09667923428594,43.106253356980666,10.802031350682528,6.359630747684948,2.0,1.8114008099574241,2.4173156252296564,0.39824637326541135,0.5516964260229945,155.59885934175222,18.766033691853057
SUB00396,1,4.5889227128735595,1766.2447045745942,43.3970450761504,1.6136843840520112,0.5888481448795526,1.0,1.0,1.408353877656348,0.4452419113768693,0.3329281703255441,23.47744280126125,14.499212874299706
SUB00396,2,5.752892969591459,1341.794091478509,49.91017171832217,1.3142567768343039,1.3475777290756543,1.0,1.0,1.11239423695627,0.2736424833853154,0.26741638303459103,30.11306447976793,10.356396573621758
SUB00396,3,1.4321562618243622,1659.4327918679794,43.46455043658804,1.3857944465921397,1.441424683042067,1.0,1.0,1.7205629670841227,0.48939450840690446,0.5463170305606404,6.338008560880333,22.949964234908293
SUB00396,4,2.7299890263667006,1623.072889284643,47.53891424541965,2.7123177874378657,1.165641683477614,1.0,1.0,1.1091424628593503,0.5250361738856496,0.46303277424004385,17.24374641156997,15.892518525497454
SUB00396,5,0.0,1306.3699954391882,77.10420510106553,2.408681873315072,0.03315415109471348,1.0,1.0,1.0754179518418816,0.15837219272592376,0.5008692145440019,1.0,19.775388955414527
SUB00396,6,4.427516826507768,1310.029541364877,65.87259882073681,0.531081638883799,0.6425136103278104,1.0,1.0,1.2611236511219903,0.4462261285097505,0.4426601037240459,26.727906003342763,15.904680321638129
SUB00396,7,0.0,1687.1591540881952,63.568624904457664,2.093704321286043,1.4548514044243293,1.0,1.0,1.266233861546005,0.15696562503704015,0.3289738991139761,1.0,18.52375530255981
SUB00396,8,1.489485238518789,1446.8187983878051,72.28968996632827,1.7989545743283981,0.9269347486545827,1.0,1.0,1.5792059209799543,0.5353875935222094,0.3196703721366422,4.458045776241903,22.53153980027788
SUB00396,9,6.90569143002341,1235.682257793914,69.89143313249451,1.0050322978016946,0.7443645137583688,1.0,1.0,1.501164698707493,0.16909097795792577,0.5008940357738059,45.533625903709584,27.705248025395974
SUB00396,10,3.808358157386639,1410.977362166226,68.96878283807918,0.0,1.0539811947540842,1.0,1.0,1.920834609347778,0.4768143671810864,0.40258516590009297,23.81456286148661,26.842376084362026
SUB00396,11,4.4523613929130175,1658.3040117517962,61.99380696950285,0.20256709501668424,0.2021137379601925,1.0,1.0,1.4727725566086878,0.18479491135046294,0.5507019202925467,33.12145124335524,21.518941001538394
SUB00396,12,0.0,1415.668324579242,71.92601477584496,1.541927770023611,0.3495268138402283,1.0,1.0,1.5513982849194705,0.1538589053972192,0.37225722916960124,1.0,22.207815405749315
SUB00397,1,52.73932334866965,728.0619254568995,100.14358240231977,4.004410789346041,2.7772487733381563,3.0,3.0,3.673680579086862,0.40848675939551415,0.4070417184927215,206.82684653977682,27.07582570241405
SUB00397,2,53.91486905915995,691.661951462771,101.57540360198377,4.286644714103192,2.3170285779370365,4.0,2.510255290987802,3.7084464296752886,0.48048646069243395,0.5452484481226194,347.50314269116217,19.23804636902065
SUB00397,3,72.90660120090547,603.6850944924687,106.28939456486742,2.8107366915073664,2.052121848968903,4.0,2.6967612259199836,3.4363490322026835,0.4669103660190701,0.37998411251201003,557.2205157068822,21.480842848155056
SUB00397,4,62.775874177727324,567.6521101759206,88.2185321809321,4.453911930628885,1.5790948162648748,4.0,2.8157850835440223,3.39492866455862,0.5422924963527176,0.4978433318573349,166.37534717588562,9.130447034568151
SUB00397,5,56.77910279436628,633.0055866918223,108.72113130144302,3.345845098109894,3.477153978267361,4.0,3.264539517254749,3.504648041346234,0.6169671773292724,0.4715331400137266,420.4862232653795,17.743152529629118
SUB00397,6,56.27163175269879,503.7876909791029,114.92380680807914,2.931603891937368,3.3192330886960866,4.0,3.389247798540553,3.669701479032374,0.37633709265068194,0.4123217867056689,422.61796119282866,20.78014678924262
SUB00397,7,68.51960079472843,707.4610368363674,110.99151570940337,3.913435091620721,2.6089184301905375,4.0,3.1878805125173084,3.563085177819311,0.5972323155806812,0.5476980555728326,292.68824601116944,27.86415264122005
SUB00397,8,75.85112595555398,582.7176368194606,62.65971009843962,3.029323038877849,3.416099194504369,3.0,2.5352988500057627,3.7924125796917387,0.3089819132360077,0.5726383000732824,454.3957183793984,10.88915770553005
SUB00397,9,77.76658728059388,517.4847321925924,82.41173734893133,2.281708126845246,2.569768646660618,5.0,2.762717275496671,3.4927739037892858,0.5609587884393166,0.4704338548768173,379.42667302087114,10.859699380553897
SUB00397,10,64.97768524768165,484.78824495059206,117.66319242488993,2.784229381566342,2.389986984511241,3.0,2.98486946429356,3.1491336072878147,0.5410475928618019,0.43560569545081346,429.233407841562,13.235818785443737
SUB00397,11,79.68387388181841,815.0521160556741,75.78356944628645,2.2730492245579366,2.89219926162616,5.0,2.6780743369164806,3.3627712254589137,0.25383326992010774,0.397580996695077,183.7856513795745,12.288338362694235
SUB00397,12,54.39138681948489,587.858859193905,100.20486151893974,2.3312113969007933,2.6105752489569385,5.0,3.3223576182079415,3.817137295725803,0.5115535306300417,0.3540308621872863,300.8259408656101,23.958384768741354
SUB00398,1,5.495767410678775,173.8130762267503,22.560876038699803,0.21107952500236643,0.34969968284774433,2.0,0.8094623935386447,1.0,0.3371631006755166,0.4134530333876163,18.409283895980437,8.026998397716884
SUB00398,2,3.3443637128609387,97.33823646478037,44.70248279948822,0.5498615737360986,0.3960271754769932,1.0,0.7384853965977246,1.0,0.40397420501085735,0.44642932424660564,13.692756616672984,24.29145867190153
SUB00398,3,11.223085572327976,111.16035975492532,36.25011192389768,0.45037724211568664,0.7587008837059389,1.0,0.55809680874717,1.0,0.5222369509344361,0.5758166498748307,64.46696260170921,16.25366574547327
SUB00398,4,6.2452427761736615,163.69541305669102,35.43733808752257,2.2857470655901886,0.7535605814151806,1.0,0.5910655608788999,1.0,0.2986208575999191,0.5503612975269805,34.78919074845865,20.569168804741036
SUB00398,5,6.096874331684368,78.70130222138283,23.390258322797614,2.304463462131669,0.2087309895013093,2.0,0.831910253048984,1.0,0.17613271462769653,0.47502808307626665,34.33587055730548,18.979572765824877
SUB00398,6,1.5801385962158174,130.96354615611838,15.946143904722055,1.6476030813352909,0.19683351478092226,2.0,0.6601529926454808,1.0,0.5406176936092961,0.42655738195459025,6.92792733427503,20.505551110588275
SUB00398,7,7.048769061352388,96.58910130072216,20.89654069400326,0.9844635316407415,0.7405174827269181,2.0,0.6814632198730202,1.0,0.2621391397327587,0.32505717009901874,54.0540577633158,19.20052772565571
SUB00398,8,0.2556958217461007,114.59090561429798,33.05128887881952,2.619215183277902,0.6822505648229076,1.0,0.6395324787634913,1.0,0.16738912495410582,0.31635060778984425,1.2198470652049913,8.150797477314946
SUB00398,9,5.1772833539411085,125.92958074638136,43.727540559202666,0.9542486234235162,0.9870747470667424,2.0,0.7035862255421327,1.0,0.47973330679819537,0.5947486121877693,11.183086164704616,14.958469208762036
SUB00398,10,1.5225597633825076,117.76445032588347,33.539173542206164,2.675378415403212,0.25972178541040714,2.0,0.6514047649112674,1.0,0.44912166905860573,0.3942184216734439,11.939932351398307,8.584826219396762
SUB00398,11,5.344232338879627,87.49880753513399,28.452241916873156,1.482137957565298,0.15449206584799813,2.0,0.767104070862777,1.0,0.34640506655558584,0.5722398643792812,17.392764572332716,9.48634647580977
SUB00398,12,5.007706940294761,134.4384850584694,44.22672722127374,1.6107959847609337,0.5342235460678523,2.0,0.9057483498662077,1.0,0.15933991221402866,0.27518865116785557,35.16515174038259,19.25914735526544
SUB00399,1,123.35777856430204,372.49403188770304,38.25382839591682,4.938889787475982,3.2257407112966137,2.0,1.6956938722621704,4.802135709587409,0.5679234108493779,0.5173776662799513,497.0932730620608,12.834080231947858
SUB00399,2,121.18821583623023,506.03804697138105,39.185694530874684,5.343455765457375,3.0762830939706682,2.0,1.5903791589103913,4.86445354028938,0.4774314156922057,0.44689289036326796,736.823591664017,27.41193793760109
SUB00399,3,129.60777815622797,408.03427706195095,30.82576199225404,6.575666084188217,2.5329526494899173,2.0,1.047250580575545,4.668951965193408,0.3377621808071025,0.2592642642842732,833.123384053041,26.948350107964806
SUB00399,4,110.82722627289984,358.84439627423643,39.81457436846981,6.197838728689338,2.1912433375986473,1.0,1.0,4.345255533952264,0.4294029593528189,0.3091658946957602,880.8085774682112,27.319937858083424
SUB00399,5,130.37598851435666,364.57885875531593,32.92548708586928,4.951703937759686,3.918177938419927,2.0,1.051458441926504,4.949829374036529,0.5714135783139749,0.26378946763108607,931.869495693069,17.819338631495242
SUB00399,6,129.2149261175392,467.94612847952334,42.99070376513513,3.9145688992170347,2.1871942768868182,1.0,1.0,4.296304065392193,0.290556724889376,0.4829821767645029,621.5904349556617,15.291736702713445
SUB00399,7,120.32627386218506,514.3948109156418,46.77211420989232,6.780734664971576,2.0156150613182326,1.0,1.0,4.306978800008758,0.6459933495333295,0.35370426945492944,898.7157410115112,25.97532676595438
SUB00399,8,129.9592804112486,468.4991200236062,41.82036949430963,4.007333255190716,2.5311784160616546,1.0,1.0,4.792320382410189,0.5687293118460939,0.3413297262004125,702.3899390953023,13.953452386814675
SUB00399,9,112.58030130799138,472.84566005911734,50.96188686498381,6.154726632933458,3.958401930694214,2.0,1.9711532749699785,4.9831286269465185,0.5474170348255595,0.5326417903646228,302.2559238688504,13.405623141185686
SUB00399,10,107.55349822818741,504.0056707290032,39.44978568052335,5.213989767467033,3.722610210609718,1.0,1.0,4.592176941380676,0.4894063140856235,0.4687870965540455,382.0463184281596,11.382790504261308
SUB00399,11,104.14705221246193,412.1713404474126,43.94143427129481,6.1980280564013706,2.423288114031044,1.0,1.0,4.81890589879758,0.5506478162565919,0.5133858136814919,443.0744232406869,23.47117283016455
SUB00399,12,111.46585617638326,407.17124747780736,36.207357849570286,3.750853501293192,2.9184395613114242,1.0,1.0,4.077397907832953,0.5123776865843104,0.35983244288997535,345.88285843964275,12.664816583186553
SUB00400,1,2.869159426880444,13.722428642240695,12.354679889903718,0.6440616311386052,0.3397529288144965,1.0,1.0,1.0,0.38178088894686557,0.2621906462261965,15.25983495924722,20.614746466429203
SUB00400,2,1.8044444892596458,89.04584234673118,10.728950186093485,0.5743198634512702,0.09239325302191248,1.0,1.0,1.0,0.26313364547398704,0.5389684089983393,13.523646349780703,10.323416930541136
SUB00400,3,0.0,38.444838364608756,12.304913777418795,0.0,0.16883706513118707,1.0,1.0,1.0,0.5369357191719107,0.394015110917844,1.0,15.667660255244206
SUB00400,4,0.0,73.30518031426566,18.535104473506742,0.01353029025960692,0.012886723283954238,1.0,1.0,1.0,0.24997628147053166,0.4039371385277446,1.0,18.153425603980352
SUB00400,5,0.0,59.318900449669414,24.263156542732297,0.009957620863899286,0.4563202148131776,1.0,1.0,1.0,0.34414051713184746,0.5764882313625165,1.0,9.934790089304784
SUB00400,6,0.0,83.94313832995284,5.626153660018636,0.0,0.06328841342113262,1.0,1.0,1.0,0.15257899451471862,0.5998995793039478,1.0,25.821034207200064
SUB00400,7,0.0,59.108855869678564,5.594001804456255,0.0,0.282001585371415,1.0,1.0,1.0,0.23836753072970795,0.33006019882140636,1.0,14.23567345718256
SUB00400,8,0.0,70.53963093382347,23.16654818642649,0.0,0.26378009583678214,1.0,1.0,1.0,0.256531987062843,0.46856924594952176,1.0,9.573994592146546
SUB00400,9,0.0,99.01925869139545,22.184023532848133,0.0793363329830396,0.14303356042624593,1.0,1.0,1.0,0.1918619658436748,0.49208266211089247,1.0,25.19135687820312
SUB00400,10,0.0,15.586413074486245,10.856912271963195,0.0,0.06003246517692706,1.0,1.0,1.0,0.3190930202288805,0.5613180613221643,1.0,8.643738227506601
SUB00400,11,0.0,80.10609281934339,15.8712723556554,0.0,0.23021460437734675,1.0,1.0,1.0,0.31383939132043726,0.5771037508591212,1.0,11.869892450131742
SUB00400,12,0.0,59.69291709793988,14.64831990319258,0.0,0.14316364196889492,1.0,1.0,1.0,0.3763556377385889,0.4049760294459148,1.0,9.408354914162818
SUB00401,1,117.95936495599616,282.92979251318064,44.01710046438472,1.9213646397631459,0.954312958653244,1.0,1.0,3.1651195668069563,0.4038503846670658,0.40442205659440533,362.16041634788047,17.921682242409968
SUB00401,2,99.33336439844047,181.26550026204404,25.328730431301068,0.9304614015488772,1.4679891406029875,1.0,1.0,3.8350841774595583,0.46817327253529006,0.29078006401060924,479.7415021160454,10.669974031992195
SUB00401,3,109.5372443412094,158.9151960827166,22.0023000630338,1.8041735626232658,0.36412909825354856,1.0,1.0,3.840285201049717,0.29406633109532865,0.3087103638692438,708.445279212012,20.762162940121097
SUB00401,4,97.92155611783724,159.77951961857,27.67776548135756,0.3795777607598392,1.3108948988749303,1.0,1.0,3.381624691180705,0.4147542999401945,0.5904329791984726,529.8411875052955,8.732718188711821
SUB00401,5,115.3835766821287,276.6744801949393,22.87554719161266,2.157576234178658,0.7660322540789901,2.0,1.7506205412479137,3.2231709957253543,0.618335703398269,0.2687889531504559,576.5718993322174,27.953052662152984
SUB00401,6,112.5443975349688,291.05698454255537,27.67141455542883,2.438605243687053,0.552654328336091,2.0,1.7591371939847114,3.9773179107723995,0.48347229665982705,0.2528620562023619,881.4074253406974,24.48141039903335
SUB00401,7,107.61819806510783,302.1324375961313,15.091018206168203,1.8016886446419687,0.8789988977295675,2.0,1.5187388638644541,3.6920891477353797,0.3283056784550935,0.36827418223214925,789.5453356924597,13.396973592884809
SUB00401,8,101.38002088581246,307.10400366539267,32.42897412789988,1.7927881490403617,0.2522991318341903,2.0,1.2891882341940117,3.396428224452216,0.3270917089714599,0.4696514716139843,255.17670553435795,21.258891625019928
SUB00401,9,104.07720935671473,158.2422939616952,16.370342438751347,2.6046624035726413,0.18585448097465884,2.0,1.242621091605684,3.0726880139613515,0.41901111513225764,0.29837278845650106,693.7030766318605,26.24298250032456
SUB00401,10,100.46064130855282,173.5871745535661,24.70441392739621,2.8090821898232785,0.5233077334204779,2.0,1.3026247394363542,3.4363335578574667,0.6435232526070848,0.491400896857095,583.5848339441853,20.903606993069424
SUB00401,11,98.4771251318659,198.3584179365821,34.55512083845435,2.6203582965620402,0.8284291727842057,1.0,1.0,3.4173792874392985,0.2699358468840024,0.5622105815512026,260.37231793218194,17.945863248687896
SUB00401,12,100.95221654548985,150.53462645894768,19.667188106856663,1.5142626245080772,1.2360725288111318,1.0,1.0,3.579831220404055,0.26635627860726196,0.4337602022340118,482.8376988916539,25.161746461624745
SUB00402,1,38.88496948708195,328.3716638135614,49.44250616998838,11.936136038225436,5.969783519341312,2.0,1.8586297082671406,2.96590707909949,0.2522698656040508,0.5502668156487309,272.92246167171714,20.226735991308285
SUB00402,2,46.26187869611171,308.71985261413624,64.96090621208029,12.875733569007178,7.680547584447191,1.0,1.0,2.0126893864036335,0.44891647827924186,0.43569851409639626,294.1716404290962,18.54738822301116
SUB00402,3,34.96053345031715,257.69047259852925,30.339963714413088,15.232663544751352,5.251607369987481,2.0,1.0582915896037273,2.0784552316220473,0.3612025396060633,0.35006806388005346,246.50242283152662,18.91141989276864
SUB00402,4,32.75690469199146,396.48073618866596,34.7773670741307,14.975113070318425,6.537831426828729,1.0,1.0,2.4225216294906664,0.4144244354336454,0.30954538716693725,123.51203492716557,26.956729099544972
SUB00402,5,36.99825952421253,197.31636137828858,31.84320664787913,13.884172035908932,7.408088068394796,1.0,1.0,2.54392258918843,0.506495892778552,0.5045285213591597,145.63777485960955,10.531270581265714
SUB00402,6,40.87578141097117,236.60089946116227,53.1598940318474,10.932646188891631,5.272319657962372,1.0,1.0,2.690699130316847,0.32408029931246773,0.30314811444999734,86.92422241211338,24.906945965733083
SUB00402,7,44.923229582163074,296.82140961082274,33.13525427483635,12.420867901788297,5.8622067163862015,1.0,1.0,2.6245023596615065,0.40890025152610043,0.39462511571870146,302.1316769522831,22.916480695972332
SUB00402,8,34.28829684959836,207.1598167207999,54.597525613966894,11.950631810011243,8.093560732011516,2.0,1.776716735144714,2.6992325581828087,0.522024629114111,0.27374738030608153,200.93986665573755,23.85096719453753
SUB00402,9,31.53401218987799,246.46826282040584,53.81856871121818,14.439168153602367,8.987306890494157,1.0,1.0,2.747283551695917,0.47629868251368435,0.3518252059050774,197.18924411354493,11.840946113788883
SUB00402,10,26.820960137116863,312.12611469632265,43.93820051079989,10.436241044522857,5.34072860271433,2.0,1.48759202553485,2.6305620486801597,0.16263622059275024,0.3810146886580676,117.95508753101949,19.55602943389409
SUB00402,11,40.29051147919229,346.33065835874856,36.84629642974698,11.688331260981123,7.14331840907764,1.0,1.0,2.1198445526312684,0.1816477040113273,0.27060064471031997,116.75680472845144,21.438045746482977
SUB00402,12,25.808190813288356,282.0093690913519,31.155508463362466,11.630107857491389,8.657600998768542,2.0,1.647246482621639,2.434735622705256,0.4771281986950824,0.42244214001354685,198.08705816070443,15.178694129079421
SUB00403,1,5.6717302342957066,1242.2008694535998,64.92609560917734,0.55849184816667,0.43047813565830073,1.0,1.0,1.7322352976668909,0.4213117038308478,0.3483687476415296,26.438721061798166,12.585750410233835
SUB00403,2,9.155951464138692,1406.9470765350586,52.109896655198185,0.4571139120510127,0.9598077168832296,1.0,1.0,1.5017739767732565,0.15879548397430687,0.4704903120858438,36.1645689378985,10.95545613192753
SUB00403,3,2.3699609028996376,1644.425425747422,63.74103322316175,0.45423211471137614,0.8955658665338395,1.0,1.0,1.675131367814212,0.26691522432506437,0.4870729539501035,10.72672869767257,11.628259940921165
SUB00403,4,3.6935120508263415,1489.036322325447,78.98191655629584,1.4441571549615284,1.2529080659321943,1.0,1.0,1.8801299780582335,0.4476837808980889,0.36063771192431754,7.5369668712556885,21.96528512685511
SUB00403,5,11.170594754641353,1765.3545709479606,61.66070344982356,1.0757799699643644,0.03592820237223826,1.0,1.0,1.1891911275528464,0.4183890955107289,0.42081649510477737,46.07181224084889,12.657144496905827
SUB00403,6,8.548366376742981,1589.4547571313853,41.11703595409212,1.794599353621171,0.09815962346661977,1.0,1.0,1.2988803459980152,0.41044571550964015,0.3160540605390414,33.605456852405055,21.953348885424866
SUB00403,7,5.620163512150002,1240.7651534319207,79.93590725079713,1.2013871767466773,1.3598333911467675,1.0,1.0,1.5652358712933643,0.4040028565890803,0.2529874670312933,12.7142312541743,27.19033809574367
SUB00403,8,8.136187797761558,1266.174289429636,42.0950904052635,1.5680426244282288,1.186399803012218,1.0,1.0,1.2857744343412678,0.36427660705377085,0.5323386439342228,55.22283726820291,18.78202954019422
SUB00403,9,9.278642987625847,1435.5772609178573,45.44102535077108,0.20429747127612363,1.3215971429013633,1.0,1.0,1.9935645079587516,0.3115975437742442,0.5307604354751894,59.443278436254545,13.08691541001598
SUB00403,10,5.355262156190292,1700.4008444979818,55.481093099579134,0.5958615424556539,1.1656685849588329,1.0,1.0,1.939367744547256,0.2720011097421161,0.4391552450556441,25.019245465318853,11.54979536582306
SUB00403,11,10.512188960729299,1524.214471160318,73.97722058638993,0.0149615504684808,1.2860516813516387,1.0,1.0,1.9591770307707952,0.5078759798581515,0.5767773428623459,48.078421831740265,12.850026052690952
SUB00403,12,13.721930581023706,1558.791663352849,54.26711205234058,0.0,0.060957232780745774,1.0,1.0,1.2901047843736748,0.2239738800274066,0.33115794449803776,70.7400977636816,12.892510046157177
SUB00404,1,53.02171904160796,465.95270210432693,80.35583458860717,3.8058052147077,2.657122052248443,3.0,2.9814635162165946,3.4659491436778618,0.639730437207519,0.4848924409954189,200.16587152040677,23.92072013578736
SUB00404,2,63.712698691973486,511.9037135634514,69.80852099430935,4.657572720903811,2.2410389600919975,4.0,3.4972179045220173,3.047100564342612,0.503055154701074,0.4241951550442138,300.31668497551004,12.760981654959522
SUB00404,3,48.98386407744441,738.5649765230725,92.7991092461117,2.7259867248275533,2.4189194004868853,5.0,2.6420009266661855,3.3529665307788545,0.3005816767257443,0.27537105538280604,279.56754439034177,18.225018799280235
SUB00404,4,69.77387632279371,568.4188270535534,106.56859003532881,3.035581763599965,2.6219762913797258,4.0,3.033027310538987,3.2427237485357896,0.3094403854108779,0.5292125490558375,500.4257321123041,24.053165680036145
SUB00404,5,66.21887593095805,654.2133907920331,114.36867228605047,4.4407783556520615,2.510938137442225,3.0,2.973317358887657,3.412743252278914,0.48926509178128486,0.5709922391523328,219.29573611166433,10.711589185826536
SUB00404,6,54.13878273482956,763.863198488423,84.23765239776156,3.7182249594558727,2.4293497314577173,4.0,3.2920139433822357,3.611782091520223,0.5828235355419723,0.3708405037799203,136.80502381378986,18.322161134450567
SUB00404,7,77.6857628145961,748.7542727713817,117.24089289837977,3.742010534308699,2.8172630188886263,4.0,2.877657526206135,3.9733752811825807,0.626961555914522,0.5310444797823382,171.44911499784564,13.267301158093474
SUB00404,8,76.1620072999212,575.0084293462107,61.61408358719181,4.906573251480265,2.480888333593291,5.0,2.5340386588217805,3.9440676769796372,0.5423770153445739,0.34169266160058015,163.559670752429,20.718621509770855
SUB00404,9,73.96110477834166,671.1672702236036,89.01815560591368,4.488695723276541,1.5246841162168074,4.0,2.5578573815258214,3.6493352640767642,0.5331212067502963,0.553158762678276,447.2152769857586,24.43242781139532
SUB00404,10,68.66112890911803,505.9323392716611,117.10046373506117,2.504606088779241,1.6958408150009683,5.0,2.7139834717535662,3.977528456102493,0.5473546670017099,0.4957838704026451,227.4130656372278,12.766782438457353
SUB00404,11,62.82160426913623,571.6429956240484,87.28608422408647,3.430668342193645,2.8366022679803597,4.0,2.7122616989977524,3.1059324423004413,0.36573287103066876,0.36063926308372657,464.9806093914213,27.37722739355992
SUB00404,12,47.79806727974358,770.5773520479094,88.42832939494994,3.658376171251474,2.264074190366683,5.0,3.060222916499073,3.3394295435668644,0.3347772649494743,0.42339143056153516,246.24777830781116,11.680096556406326
SUB00405,1,2.641858732769227,175.1103656063161,35.30186857595443,1.0885754219374486,0.3051625822514765,2.0,0.6745553972195623,1.0,0.19316689276576254,0.4331842986476643,14.800099328894177,26.606551999782322
SUB00405,2,4.757098803996041,140.64924786703295,27.225235462588113,0.0,0.4244972041486307,1.0,0.6919765130279791,1.0,0.33849929269820567,0.40045025438075776,26.987860825318577,26.992148146884343
SUB00405,3,6.547327208527833,103.00709304532555,17.37878402535549,0.7889370979228092,0.6286858638626944,1.0,0.8325168798070688,1.0,0.27640532496428466,0.4205672010178828,41.43845741569997,25.814844588358728
SUB00405,4,5.831116874200308,118.29745243586497,21.631737406474343,1.3682889720361915,0.1341442272758946,1.0,0.5560379227564851,1.0,0.42033913851846494,0.5142784392944566,31.29008572464267,23.163135077144126
SUB00405,5,9.610454144451388,105.82320332881336,29.358330965123706,0.01167383500782404,0.4135033493710394,2.0,0.9977391882810288,1.0,0.2503825839289113,0.4994573622371882,33.89522115682951,18.24640102928643
SUB00405,6,0.0,148.06535648774693,37.25895202278673,0.5779904363803208,0.6542638967809804,2.0,0.6307153740369003,1.0,0.3444240008748565,0.5641567733108437,1.0,19.30818154795076
SUB00405,7,0.0,142.1252031564071,28.18307700596904,0.0,0.5509561204238378,1.0,0.88928740877055,1.0,0.3313898547064016,0.4051724973476778,1.0,25.29581706475724
SUB00405,8,3.6668641351152678,115.92573654174423,22.104437531732053,0.5099720406198522,0.49116006532910406,2.0,0.7928331943962919,1.0,0.22720113375793566,0.35993700273133195,25.765616282169436,11.918903038552022
SUB00405,9,0.0,65.88866264521232,15.210613569359243,1.5916815187161935,0.6525444126066527,1.0,0.8348375466664464,1.0,0.5244560497569448,0.5878263897298177,1.0,19.707591898547104
SUB00405,10,3.1056117388358926,90.48091692413988,39.483330463301826,1.1736729456677422,0.7656226432368035,2.0,0.9742100061793716,1.0,0.43678038729594193,0.5907984680988343,13.941716801836684,14.07093774461034
SUB00405,11,0.0,121.71900028647038,41.19061273374193,1.2571201503024978,0.06945387872930664,2.0,0.8660989391271611,1.0,0.16864286212862947,0.46245293970242285,1.0,13.251833629872621
SUB00405,12,1.4375373533941058,127.68362605535282,24.82835721051154,1.541502299445812,0.8342331539088979,2.0,0.7233725874046417,1.0,0.48739526764332264,0.5815521769799772,7.484303914891934,27.1482615514334
SUB00406,1,114.6183095003891,311.3497557507865,51.474919025339986,3.2272763951863306,3.2529165262440296,2.0,1.2416842404084127,4.0226155572279225,0.3137551160172217,0.25452817019579665,564.8950761898755,21.258243801899877
SUB00406,2,128.00252732011558,313.67876149317556,35.09339888821954,5.534431963227965,3.275525843166762,1.0,1.0,4.558670762144549,0.6069215616504431,0.479751828610557,331.39341751654865,23.696223158082375
SUB00406,3,114.02613867856978,400.21533460448444,45.86756302848674,5.503309426440033,2.03783754157104,2.0,1.2465509114284066,4.785394396950223,0.5384607706871413,0.5950801806246162,445.48304726640293,25.044008834200127
SUB00406,4,119.0605741159601,404.83601798403123,36.191809471971744,4.863924510390665,3.306416532410859,2.0,1.0554193339899873,4.997772452260129,0.5562242047395268,0.591998893588159,478.3027303597559,10.530414652530443
SUB00406,5,135.844974300917,518.9525916141504,44.67783337061239,3.9802658564930073,3.9985533118789593,2.0,1.6249082185863806,4.481406860268711,0.43130793704023573,0.27286849404320696,797.3772784770821,20.251574651393835
SUB00406,6,115.0291246355944,409.7384483793689,34.78203540395639,7.192189074747315,2.45062142660164,1.0,1.0,4.317100959135987,0.581371884219947,0.42925778572167633,531.8366359842429,8.318240873049634
SUB00406,7,137.60835456107702,363.06758498972,32.157047706094694,7.468835856087788,2.667019724068285,2.0,1.2708697980832362,4.159348874176426,0.38277349898089663,0.5903767400028583,383.47908680970323,26.722418026010818
SUB00406,8,131.08633924237378,511.5797513477516,54.35925642414146,7.049031924651737,2.8513580002798964,1.0,1.0,4.098097991001422,0.3274523457561509,0.5190404575216139,650.8874764042141,11.7123208091368
SUB00406,9,138.98458681486275,538.5481289452524,50.38897758612238,6.08295162624565,2.2399259061586116,2.0,1.570503760892795,4.0725834544058,0.32935591691327315,0.5544681643349638,641.8788293099735,15.683456651367795
SUB00406,10,120.50858470051057,498.4807419622687,53.87336285587314,6.379016034635775,2.319159283418042,1.0,1.0,4.178711746110663,0.5039209314539131,0.5079815562101897,413.9011561151132,15.858526210572187
SUB00406,11,141.11978553566493,466.6178355968565,35.507757226982676,7.225602732262358,3.9060769338464176,1.0,1.0,4.396184748741431,0.37038645586718966,0.4556436713232271,489.0368592396223,22.002066873004225
SUB00406,12,144.53849538361024,377.61094546308146,54.47399170920862,6.6432116674899095,2.76138505040692,1.0,1.0,4.418653805229522,0.36392493327552855,0.5851251610454393,1014.3684787128858,8.129429565627174
SUB00407,1,2.5781667244300785,34.388095129259575,10.119735103667002,0.11921884921486896,0.19348682039818765,1.0,1.0,1.0,0.4033309379565423,0.26908786364978543,6.370255189253826,21.990878708413366
SUB00407,2,2.801197068263823,83.97060725310513,9.043275740584328,0.744530517848433,0.4539376951812967,1.0,1.0,1.0,0.19056201898201422,0.36911621848867726,10.614693009608612,18.252754850536604
SUB00407,3,2.310370783650352,17.3600592319948,14.34946482381407,0.034546939374772434,0.0082031863782564,1.0,1.0,1.0,0.2505057633294413,0.2862630086590403,17.005633087857298,8.981202436764693
SUB00407,4,1.4485213790074183,43.91712203401861,15.41331660450869,0.0,0.48558175762598055,1.0,1.0,1.0,0.24077891595879378,0.34313070143050856,10.077172577714887,12.038743063366717
SUB00407,5,2.2828350653733827,74.24024019938912,12.79626531667307,0.48080135618324077,0.13732505989046395,1.0,1.0,1.0,0.17504568723105454,0.5635212399938403,13.603163659979101,27.289199229527295
SUB00407,6,3.3856013818089092,61.348518658171066,6.917445147870751,0.37744754757376237,0.24458148361386428,1.0,1.0,1.0,0.28071553103647257,0.35278652110456066,24.55322503066587,27.337690420013583
SUB00407,7,1.2212804491372184,65.57714697998307,11.002947304116518,0.06614478823086364,0.4289818918331872,1.0,1.0,1.0,0.38020600628143697,0.5146188316372007,2.741688525417331,18.1812396837443
SUB00407,8,1.5179870826238058,42.29564331269917,5.3879835843076425,0.42288910732307705,0.187932520989879,1.0,1.0,1.0,0.3170635854384576,0.5700261383371898,11.584765767982203,22.67167262758346
SUB00407,9,2.330890216583586,41.95061157625746,10.934811984742428,0.5361482588149931,0.23323866222245104,1.0,1.0,1.0,0.5388568899874531,0.3288505948136106,9.456598807542125,12.795739151312537
SUB00407,10,1.738112396111271,13.193396397003875,8.514607481443546,0.32024059245180214,0.359075131754934,1.0,1.0,1.0,0.4311283283625791,0.27841030612060613,6.803626911864501,22.208975785371404
SUB00407,11,1.776207371901499,50.45117911674386,5.242121403308053,0.6598329088782566,0.2567014146371578,1.0,1.0,1.0,0.18954553640820815,0.4064651898959529,5.4007374842779825,20.948001301020042
SUB00407,12,3.7844812124930076,28.824012453500778,12.73674195436946,0.3431219066024296,0.28094415524561756,1.0,1.0,1.0,0.4943413217668219,0.5401118204704562,10.72753454502682,25.59456964256365
SUB00408,1,101.51833708870466,190.09018238842194,32.27814408346245,1.6646302518734386,1.214391660183471,1.0,1.0,3.837987309995973,0.49471676910335605,0.4480930361063724,716.9953998197927,18.470223232826648
SUB00408,2,102.01885048103817,296.05912021972784,27.43280806944528,1.602614126040643,0.5907543671997786,2.0,1.61411659319729,3.562856188929014,0.3425576351548282,0.5723523743981563,255.61597242082553,21.83471739024763
SUB00408,3,116.56220017198036,189.2287448938988,17.4279793385036,1.9937408874006823,1.4223637959718953,2.0,1.7702092816546298,3.4564889369266814,0.2672707451394201,0.4301452690594169,290.59994224345735,27.728317142509905
SUB00408,4,123.12348568112874,166.265920210773,23.027831463396886,1.791878046895121,0.9785635022410499,1.0,1.0,3.46500814201155,0.641775014990025,0.5209671514724716,345.3363050585611,17.180928601452454
SUB00408,5,121.50013854879367,213.3862151803811,29.262510544358506,0.1900738332626089,1.4914131654095606,1.0,1.0,3.4060802873076543,0.6169616052446424,0.5859954094987824,322.30222843571823,22.541021477155027
SUB00408,6,104.37191420125822,275.31859530013304,24.753832983277107,1.723426247573375,0.11505575436588161,2.0,1.4515501828903918,3.7787117926399683,0.3893497813064588,0.2943384179643538,696.0349084801087,15.506469279545477
SUB00408,7,99.846790421934,328.4971181039087,33.61747594516922,0.7823749432252242,0.2668825210105934,2.0,1.9275425760342761,3.569252377788045,0.6328438609961987,0.2625622978949839,222.5128822823184,23.23124362925948
SUB00408,8,129.95522870764984,211.68904900756507,41.153478395208225,0.7645661260937366,0.6765993526688896,2.0,1.5875840100750103,3.278581466082451,0.5127844190375951,0.3517433262198204,655.7030974232501,23.45915729692874
SUB00408,9,126.77128464888486,281.2746990372014,37.09469229497727,0.5336026100936815,1.207023092037243,1.0,1.0,3.9464596437113872,0.4498196213716935,0.2952854310337216,791.6418723454043,19.345254039796487
SUB00408,10,125.44386446563169,173.1994224379205,29.320313182245496,0.030403501815114982,0.7571725193978178,2.0,1.7988865651031238,3.6539689700618183,0.4697038151898991,0.5030284463905483,697.1032548129177,8.190828022649264
SUB00408,11,119.05944824778925,293.2992557699098,32.806551343822875,0.977212529003905,0.9819376092020621,2.0,1.3509954864061944,3.9381330212701444,0.5705273760426467,0.2721704279796315,435.8446012632548,25.045892013350752
SUB00408,12,125.18944234744822,246.18960795551055,32.70004623215919,0.09384621213501915,0.12546919808885,1.0,1.0,3.5217325739267213,0.3219500816753038,0.2947894113142842,253.2207432171355,9.641556468842666
SUB00409,1,48.92205140996381,363.7465830554552,38.52968591973417,10.755015187707418,7.699749372958319,1.0,1.0,2.9142867436017905,0.24715312111348559,0.3598847867263488,383.05407317883436,27.951997372669872
SUB00409,2,36.773472750289535,383.20925282490504,53.43954179855861,12.441489862959019,7.853383847572912,1.0,1.0,2.525827921175562,0.38267439804603587,0.542580615346431,281.62023215108684,14.109907623677834
SUB00409,3,46.05867081271202,252.83699816462567,52.920073943714954,14.82653604117833,8.24533838096582,2.0,1.6191977107531792,2.5984118492303336,0.1695118595227704,0.3734570145502448,180.18091913496102,27.362487229994592
SUB00409,4,47.58282501950177,346.6194375739157,43.851485455904054,14.38289069045372,6.4384669814572675,1.0,1.0,2.708167496522835,0.23622060965116914,0.2529845692740323,284.49212652972807,20.45750714170745
SUB00409,5,34.59231605708443,226.36890544180213,40.89849200973327,14.804243561996474,6.1267067108801925,1.0,1.0,2.047054244214218,0.1723756120535999,0.4217065075746529,267.97588244366744,11.253028496830781
SUB00409,6,35.569975612484896,355.60392881689694,47.406959630008174,11.509359112673511,5.564190757440889,1.0,1.0,2.4845131841378687,0.46095095005134545,0.47696763840954765,71.87621337627692,18.075214376260917
SUB00409,7,41.38994596185435,379.717621474421,61.494229452726714,13.332507564325757,5.72135974956791,2.0,1.019034228559038,2.640894642381501,0.1879734936549259,0.4764225207469719,305.28176815617326,11.607672981004182
SUB00409,8,41.60848918758487,369.11374011610087,64.01354656531694,11.556565218289212,8.811485885450617,2.0,1.487408206721894,2.753609685793222,0.49630227687904915,0.5331890005599136,172.01850272021096,15.923313002655776
SUB00409,9,41.96103524296739,261.7667840635668,45.359795014501195,14.259173349459237,6.498953179895217,1.0,1.0,2.1801655735230403,0.46180668933528213,0.48261818881634383,332.506400726376,9.991764229688357
SUB00409,10,49.27633085266456,381.9489289052867,39.84456769923709,11.614387132108012,5.008358492741567,2.0,1.8270050770213473,2.0814092658913816,0.3318830252904179,0.350999128297416,186.45854517313907,25.89334262190026
SUB00409,11,50.73694334616533,374.3499075988922,56.94024337722665,9.752426675704157,7.274756341282414,1.0,1.0,2.474973965183555,0.33583359109389926,0.3611711302796041,152.9982350100834,10.02595274726667
SUB00409,12,39.63821279633123,373.6572732078689,36.65883286015625,11.511313983225762,5.1655619374962125,1.0,1.0,2.6116200809177186,0.27187777645967476,0.3642214208826535,116.87087825536716,12.596791465070018
SUB00410,1,4.143333096004891,1248.5800656259205,72.93164051118266,1.851199384653721,0.4091895873859291,1.0,1.0,1.1703944496997245,0.1796531591932416,0.4353448184631882,22.193946224314697,27.640889352023706
SUB00410,2,5.771540229889898,1627.057222981052,72.55880530497161,1.4401240944817433,0.26333208852968387,1.0,1.0,1.0432592661525828,0.33973435308340383,0.487992548948483,33.12092454465415,10.12703135982877
SUB00410,3,0.884470358235639,1335.3633363885049,40.952655558939675,0.8827497202974149,1.2542134910947618,1.0,1.0,1.8251036687077602,0.4331844258405304,0.28935910833883693,5.690436929255208,24.980476600030727
SUB00410,4,4.991731995090986,1634.9331239246733,61.85738211045964,1.0389802944462072,1.1977928164972889,1.0,1.0,1.6314924276273102,0.43922233830941104,0.32505718194208977,28.859449120295277,14.78697035763898
SUB00410,5,4.356889795995896,1428.8809079277587,54.18393390279039,1.8635403188316124,1.1591882227741688,1.0,1.0,1.8975638138758597,0.38681444830810263,0.2687326365775848,16.496333192593042,14.61326332412213
SUB00410,6,11.961744834657438,1452.783436521339,78.46811295922255,1.7985061400667157,0.7117048988259942,1.0,1.0,1.5720604988143014,0.1825639933152116,0.3589251808024666,62.055522384431576,18.259033799721937
SUB00410,7,3.8953970042399795,1362.6080381661568,72.98135937984932,1.192060415630972,0.2649720302313691,1.0,1.0,1.886994205223197,0.3497118982163203,0.5633476176949458,29.977043939620536,19.807292768086924
SUB00410,8,4.910210543762983,1325.424636556955,47.63038528950641,0.4930620897163368,0.4246869018647959,1.0,1.0,1.6287387365170625,0.2963871543635737,0.4493232288482305,28.3641592697513,26.511905181434308
SUB00410,9,9.740583094936744,1513.4701333694568,48.89311935975709,0.46192907952861245,1.1338083806953962,1.0,1.0,1.8588342101435225,0.4587964705895373,0.30090380868396244,38.27560106867531,22.22622464026078
SUB00410,10,4.9548240651103,1783.7562828003659,53.92886182555696,0.23056545672043371,0.9674885801792372,1.0,1.0,1.9373201809663894,0.37975360345143977,0.4226933906304411,33.260963010460735,12.265778018783191
SUB00410,11,8.305035543169836,1271.991652624908,65.29673487723214,2.279346885037322,0.6194322292627473,1.0,1.0,1.0811405998305141,0.2792607384914872,0.2805451481873541,37.515367006773204,12.822320575546058
SUB00410,12,3.384533625067583,1362.0918035652735,40.06828221812063,1.3591834575375585,1.072255369718599,1.0,1.0,1.6017986185226079,0.2695876848387714,0.2900795587191125,17.090347088097413,25.342941733161926
SUB00411,1,51.38664063592016,572.9804341415191,116.70240769560141,3.264185628777476,2.1315983290233973,5.0,2.837927965141609,3.294464802996967,0.39976113169195004,0.27605925465026515,265.86920635054344,9.831482686836965
SUB00411,2,73.74976703902057,707.7783466049251,94.72264133377978,2.56887702122784,2.3452453712926724,3.0,2.5907299397095898,3.90179726800456,0.44292822269335663,0.48553462930738955,261.07682025713945,22.4632655803754
SUB00411,3,77.331704173469,734.0748097169588,71.0127234316881,2.627265079368474,2.0662098226053063,4.0,2.820950763904857,3.5448746065780328,0.5283830409936338,0.3862595012507416,333.81527002520187,24.615694265580455
SUB00411,4,53.90523368934702,614.3391784220679,114.12864752632713,1.8932896936214552,2.3156357176197604,3.0,2.9521930904035,3.1817157839268124,0.4759549399685753,0.5906516969550215,142.72323991610148,25.695926345525706
SUB00411,5,68.13287974695501,760.903025575487,83.84613681964811,3.1924296034126964,2.10022915774407,3.0,3.0,3.6490269464228966,0.4802612302194075,0.27090682083205875,321.8637951903463,11.84970285471426
SUB00411,6,63.65226231557732,749.2179182682435,85.61283257620765,4.104550447299736,1.8521813433888887,3.0,2.835555779492097,3.5219733940657436,0.4846272283895967,0.29130890873336984,379.92567396385954,21.680187713018068
SUB00411,7,69.65058870288918,505.2353936554701,74.92372235888851,1.8697187291563189,2.000198719749673,5.0,3.3485449411951946,3.3567775011955208,0.4930171535162602,0.36089892612480695,516.2679874135547,9.324775457321618
SUB00411,8,57.11491474349141,571.0000554912375,77.80698386803897,1.4527430659993164,2.136814287429149,3.0,2.58140298114453,3.594493977105058,0.5246781933127772,0.4959067148503483,169.55705249551502,20.94454408575507
SUB00411,9,75.59686929675368,756.5812541001702,117.22762985446334,2.219509245932159,2.2285084039943244,3.0,3.0,3.726991122331812,0.5211400464952795,0.3092967766279719,477.59119791183747,13.439677501726191
SUB00411,10,58.93725410758396,767.7617440803388,113.53645154558413,3.032941315093802,2.8471356544352795,5.0,3.4657973756088594,3.319791427570674,0.28946525884189855,0.4053418891559277,217.4417756466097,18.942639174213067
SUB00411,11,65.65793894945173,783.8464486057724,73.02419056164936,2.2147105934418514,2.571951552089669,3.0,3.0,3.055102835239887,0.5048600171816223,0.43391835510468746,229.02530523536137,15.552508908314055
SUB00411,12,63.96761176952494,559.0781175214274,89.52604640458823,2.8901688844397064,3.2651553534669686,3.0,3.0,3.3286636122523596,0.37124748680499997,0.41253172680817074,389.3693736158701,22.12397873501137
SUB00412,1,4.709982725490551,109.45349725099116,35.03209852509144,0.4998102237964277,0.36761804355995176,2.0,0.8942910627720526,1.0,0.22528164381612353,0.4007039472033216,32.02717717518654,9.467933456476047
SUB00412,2,12.289726897888901,107.8767058069348,29.203079218030947,1.2717829654958976,0.8333497031252436,2.0,0.8853691954819995,1.0,0.3017974916787033,0.47137913072542303,83.11705932410815,23.751463614260153
SUB00412,3,3.5283195620532157,92.27645345199444,37.3636817133888,1.8533804418765183,0.3277021828225757,2.0,0.5860858403653229,1.0,0.1886028163204668,0.4985821476738939,8.964845867901808,16.965379579842512
SUB00412,4,4.408467485631626,66.69522414411506,40.71278637724053,0.0,0.7339887593924462,2.0,0.6159729517177777,1.0,0.3543206412307083,0.38863584690119113,30.86006099165511,10.074366854405266
SUB00412,5,12.739316123869557,88.62222509055242,38.299537835852504,0.19339390194817596,0.5305643692481974,1.0,0.7233621591304749,1.0,0.5100752437391461,0.3293491382602282,26.083637342682625,19.648764975385937
SUB00412,6,10.297283144339831,124.4961682384476,23.55773498467181,0.813740247753373,0.07838890800257725,2.0,0.8848085876805681,1.0,0.20902809520740914,0.4276366582784633,47.32176774682768,16.50620052800198
SUB00412,7,12.698563835699723,143.04287858703054,26.533177347926657,0.6584111986077807,0.2648954084730428,1.0,0.9048275013169489,1.0,0.26651789270225457,0.39332680309145185,63.45548508809328,18.659831155734565
SUB00412,8,9.489922889763944,102.84604923296678,17.67597201365376,0.9026277249977038,0.5909557022637749,1.0,0.8787702904270008,1.0,0.33056310476435097,0.30099378684991696,54.92861912480853,19.057244137801636
SUB00412,9,9.775311716871926,135.3762092634242,28.413347982406563,0.0,0.17577211458978315,2.0,0.7949766979459562,1.0,0.501920284321166,0.5990580305479571,30.989804720910946,17.52707567978021
SUB00412,10,6.894293524500448,89.8047969311439,40.54296457634159,0.8517097385190979,0.39500541772157305,2.0,0.7766745354179606,1.0,0.2876793521804609,0.3899430875591816,32.63578419664597,25.06088223811611
SUB00412,11,6.488596181866139,146.7370891020177,27.23319316986062,0.8077837457427425,0.5471986186305106,1.0,0.8309526119152033,1.0,0.4748426654032346,0.5172010394857631,18.237594919133798,17.731968060587413
SUB00412,12,5.316494242941085,149.07350046168204,25.439388800588944,0.0,0.9046225319217226,2.0,0.8770031691630265,1.0,0.2980993687956467,0.33296685229288825,13.720601390390675,24.712272152844687
SUB00413,1,127.56904222947215,318.8775153295612,36.438858884222725,4.004816624457864,3.7546359422262174,1.0,1.0,4.524573433180837,0.4998402406190179,0.5477268952701793,933.2165080534191,14.521942965892242
SUB00413,2,134.61042046837875,322.76177973278965,42.32970761845841,4.097897772511363,3.083665753866426,2.0,1.7939691715846835,4.705532473419843,0.5515372540581099,0.3632982580437815,522.5445954345215,14.000750776016586
SUB00413,3,134.49665973027922,328.01134125783557,35.26689982996186,5.2876837220236315,2.542822351538897,2.0,1.5321572593699435,4.714195447472573,0.5050661519654492,0.26398748125651267,666.8278304473569,26.045552414379912
SUB00413,4,137.73295028706363,364.06836864885776,52.89840925884157,7.046676548106238,3.3909926437386178,1.0,1.0,4.047941768207935,0.28130664994562926,0.3877904518681657,983.6188519415135,8.256740217894745
SUB00413,5,121.27688363525014,374.09840122416665,43.2724199233357,3.369303619480073,3.798490872846922,2.0,1.1587710553727808,4.748032850312853,0.3176635280637161,0.5568005507733724,744.5750876656236,21.413661745551448
SUB00413,6,118.99584694793738,322.5511509041172,30.569155536259856,3.1755118246100293,3.35390518575196,2.0,1.9002274909001273,4.552797857432825,0.429562850530118,0.3982419086805121,558.3340078311827,12.201233423583625
SUB00413,7,124.95725803784336,396.8212577866077,31.06790415606362,5.6009228095474235,2.3818919539633048,1.0,1.0,4.2597282627332875,0.3381132954901793,0.326701566422882,691.5555061812697,24.79205831467826
SUB00413,8,119.6247677320439,468.64061581312063,32.23194437937754,3.3311237065937567,2.5134811391776877,2.0,1.9753634764648629,4.3239198051094885,0.38155181768673385,0.5090740255192239,914.9583686087764,20.90402431143208
SUB00413,9,137.44710219596385,322.42698158086534,54.13833809877538,4.611623471416515,2.5642130429044094,2.0,1.5384373324075478,4.0525306869669215,0.4193838979342681,0.45505975360092193,600.3655912592686,8.870601554390749
SUB00413,10,142.33689178372322,486.88634456063727,52.62318143800759,6.431091829059929,3.024016993863629,2.0,1.2835584001668798,4.118804320226615,0.6216337413426369,0.42203355306411383,357.90958284304384,26.912306464190593
SUB00413,11,138.0067283984196,532.7875477760596,31.98849103348427,6.199397923299658,3.5491273505777454,1.0,1.0,4.1314743201914625,0.6274871036148126,0.2943966283489725,296.9568110414756,8.51199380113124
SUB00413,12,137.47632279888109,408.90903825598224,42.827060467958006,6.944049860322354,2.3250807012010313,1.0,1.0,4.706110187414873,0.3692589768645391,0.5442003174162571,456.4449663021505,16.772920038275053
SUB00414,1,0.04636478422784296,27.831901068256453,18.246929762851874,0.013736410495455431,0.45865128770513075,1.0,1.0,1.0,0.5021055855781983,0.5917996133443699,1.0,23.425747576491734
SUB00414,2,0.6713546443974783,38.214007335164126,21.843317423368838,0.818067929662549,0.010194400822989946,1.0,1.0,1.0,0.4482212333904091,0.45115571187798764,3.300650303408063,22.69522676763501
SUB00414,3,0.0,0.0,22.04360356499751,0.5653241519158939,0.030942889876942326,1.0,1.0,1.0,0.16199390180971016,0.5540554749028892,1.0,15.238223224209928
SUB00414,4,1.6667923328424457,40.22641353028188,17.960868772734706,0.802536210858074,0.26400317868379575,1.0,1.0,1.0,0.1556906139106679,0.5122241200280542,10.163463218854531,25.61607017623644
SUB00414,5,2.3390504462251887,0.0,8.816270633714796,0.6801907189098901,0.20433369722360445,1.0,1.0,1.0,0.24688728686264297,0.48172699024715376,18.316837850021365,26.614419190604032
SUB00414,6,4.530027670262118,79.41542708144198,13.191328599722498,0.5940639730744539,0.3081708960468332,1.0,1.0,1.0,0.5115482000241741,0.2741358998705937,16.005173001051006,17.346313525904197
SUB00414,7,3.322822790456952,74.91216966800499,13.989290670669137,0.9543765467873693,0.12660513025727205,1.0,1.0,1.0,0.441101915053584,0.31019454580308303,20.652627517901035,16.186653690032884
SUB00414,8,6.575954888236246,62.14991056962163,23.501198575337547,1.1357234019448508,0.3432363862088164,1.0,1.0,1.0,0.3652795817108712,0.5079520588304328,13.72688994186016,16.477077628252946
SUB00414,9,5.734296933999011,64.22212501942997,18.68607782964277,0.7570375451234528,0.4512471722904448,1.0,1.0,1.0,0.437425871258585,0.4211157129228804,27.081308659040207,27.97862530323059
SUB00414,10,7.109059070935849,69.52585026645966,17.017759941877202,1.413354577263738,0.35093991818541165,1.0,1.0,1.0,0.4233536700856365,0.5283924899722311,17.467519290960336,12.146062227272608
SUB00414,11,6.863942064564941,86.24297491811369,21.413322517326993,1.0742537929364422,0.07480627478444896,1.0,1.0,1.0,0.5074462326550503,0.5948638579052088,42.95807809773052,14.269790319166379
SUB00414,12,6.370078762349915,27.619773458749105,18.528007389832748,1.0892368791786167,0.4952578994476843,1.0,1.0,1.0,0.5329435018420219,0.4653534026598675,14.121529436065028,19.788068972552086
SUB00415,1,119.14192094439306,180.33927775621322,30.587187712315767,1.6936750240613212,0.676422167623953,2.0,1.7121275905440392,3.077573625416749,0.34735268547805875,0.4338988267064706,395.38889314747087,18.99590785471957
SUB00415,2,106.07551981010606,291.3448101773397,20.914930718755194,0.2421332966401784,0.018878755387052082,1.0,1.0,3.0477403688838502,0.4430391786788097,0.5422470817646518,517.2308895539,27.997272292902764
SUB00415,3,98.59206525750128,265.9797094431983,30.544871899650673,1.0663606839645714,0.5465499599949717,2.0,1.3552520226267282,3.537588258686783,0.5334935914796233,0.569704228966817,613.4902743095682,21.786794919845327
SUB00415,4,108.29755396705035,279.0351900153208,16.152812507377845,0.7316691574006426,0.3591811331556091,1.0,1.0,3.165289289731378,0.6308257279545988,0.4620829747207349,713.9533175729696,11.162307275282018
SUB00415,5,98.54537532035985,332.34290902320515,22.980041878756282,0.7273954352014382,1.0190631076518897,1.0,1.0,3.547989763846657,0.5522065976668614,0.46577803141824725,676.8344344775113,23.479620595395826
SUB00415,6,117.5580807045005,283.1106512564977,19.617414250624932,1.4842765827279587,0.34506300283290553,1.0,1.0,3.0752849607197934,0.499734371569735,0.3297371203344104,329.10345579274104,27.294490357437944
SUB00415,7,103.41771252057136,163.6744351472273,15.467826234636886,0.024552338861117518,0.1814465900753019,2.0,1.4691481938785826,3.889987315597337,0.41888699089709236,0.5262099220444214,802.933084659291,24.880073606992767
SUB00415,8,119.55588060389967,167.46088801543408,23.228139979749457,1.3951778318341672,0.753856705944991,1.0,1.0,3.8656973785380337,0.4757285538111299,0.4570206510915147,440.3052834550642,11.29727440244113
SUB00415,9,110.71936531412805,283.22963309113294,25.1225321659173,1.0479750330050843,0.13321457612141718,1.0,1.0,3.888950626356592,0.6050816867521893,0.3633569164823473,627.0627093970378,22.92247760374689
SUB00415,10,113.05327231940993,257.2782641777631,39.284334169952096,1.5973788374603515,0.2325855463792288,1.0,1.0,3.162915880548377,0.5929699996443121,0.2789942620314333,879.5032925136583,27.300560704526262
SUB00415,11,122.61310127068599,322.6034373114367,18.02816577264314,0.7507083433714774,0.03665483880981829,1.0,1.0,3.2494017199338123,0.29389303223061625,0.32094752714554925,695.6414036235064,20.361033683651634
SUB00415,12,104.66883675581589,216.769861682201,17.69951531202595,1.0437819708517042,0.6563284249369539,2.0,1.8086303711634693,3.545060686181805,0.2717984688501325,0.3816328224322755,223.3180735074291,26.392574215505093
SUB00416,1,30.59614343182729,216.46907173008842,52.86252285152808,12.877804404442973,8.878745628264225,1.0,1.0,2.9355084504076463,0.5349485016117113,0.5032590991941186,107.65066749618617,16.613887043761146
SUB00416,2,36.388505441236056,239.87168224576573,54.64633917708643,13.28728853085082,8.043879140111363,1.0,1.0,2.242328583462694,0.3161936656033042,0.2684610418797714,272.550137689035,13.519494705599941
SUB00416,3,33.75058532405344,369.5087418824759,41.315591470769874,15.945782328130386,5.921331504311459,1.0,1.0,2.7352224851266835,0.39339174998265003,0.43642706065186354,197.39720434259468,25.42390695096724
SUB00416,4,39.18410698954476,374.28188940724414,31.65387838653414,11.911413465188796,5.252813943196024,1.0,1.0,2.3751187713569815,0.5189613044447682,0.4354030933119618,287.2221818442932,16.002993995877127
SUB00416,5,45.30263566968159,226.1760235589742,39.409821089859165,10.032014158665653,8.381829594444504,1.0,1.0,2.5093475142126236,0.32704990945974954,0.5803197332141024,337.29260891749277,26.98095865513793
SUB00416,6,46.15609044439933,375.43843628437213,51.54857349837791,13.27011531830059,6.757567225583038,1.0,1.0,2.1541885625790633,0.25801381204653046,0.5354660063456451,340.9086693308167,26.707249176502195
SUB00416,7,53.8875737418307,319.6279009836915,47.02558087209472,14.700884404409427,8.875648818588349,2.0,1.3593759089337278,2.5467159631384275,0.2969570633927672,0.38211143774809364,150.96784928050707,9.23485961586349
SUB00416,8,54.9865974758488,290.6231861978134,61.48126788730484,15.573220635195035,6.713776181965733,1.0,1.0,2.0601775799228474,0.572571251564508,0.5408661458658137,399.8622295308088,20.99961758752209
SUB00416,9,45.43090059858846,247.44671967956305,57.73328414339035,13.492523479353583,6.070441751189474,1.0,1.0,2.742561006135571,0.21674226018951692,0.4468138183761514,117.7704618248655,16.182748039955058
SUB00416,10,47.710853364283594,390.75054325140655,48.66002022778572,13.931075934233776,8.818786232565515,2.0,1.7141395518285159,2.0128310250892816,0.1525379066713696,0.49980156795499653,254.08655507968447,23.991958704276744
SUB00416,11,44.90797914269848,326.7421666604927,40.44415275518401,13.028059267116983,5.824676478093595,1.0,1.0,2.500518919286117,0.2579320521635362,0.5610636838265461,211.22774690371037,10.872809755208385
SUB00416,12,51.82222983736425,392.30500874895256,34.59365988123438,16.19665470640256,5.244146063982054,2.0,1.9406231924057005,2.2707643288611097,0.5937745783260738,0.4324107815230532,354.7739801211543,21.271102600961655
SUB00417,1,4.228981084976038,1642.031294824833,43.7082720023186,2.157187899231077,0.9498034125874231,1.0,1.0,1.3131625474752102,0.42520681609257027,0.2707438160250686,30.308019021022858,27.259376206718535
SUB00417,2,10.242671941874665,1517.2198734639442,63.885859922520524,2.9321807987443886,0.46635598363498326,1.0,1.0,1.0385590072895978,0.42101009505342524,0.4995286051583545,61.745379672538654,13.170163875964647
SUB00417,3,7.827590660669732,1432.7851021453253,52.413543730153684,3.068303402143487,1.2900524965044218,1.0,1.0,1.0515221432508048,0.2515478395734613,0.5195825002475022,20.12682093633246,25.509233492587338
SUB00417,4,8.157295428415908,1653.5013770258574,40.97757303173034,2.577246462809405,0.9025887774619032,1.0,1.0,1.5704082268081752,0.35711271234472786,0.5105567426710744,61.86122600633455,19.983400432881538
SUB00417,5,5.968750916326774,1781.7694684721826,76.25333177445177,3.196684753135454,1.3164832053274966,1.0,1.0,1.5085289836657516,0.4366931697954848,0.3736417261069745,25.64350993086715,11.603861141550285
SUB00417,6,8.562997381805477,1763.469504673457,64.89455422991992,3.561888390800724,0.10720766740280602,1.0,1.0,1.957840738254971,0.4229128844531109,0.4879298880998919,41.95121956929033,18.096730732083024
SUB00417,7,9.205499382574517,1674.7894305420389,74.50786069551552,1.6231745381176,1.4635234543838447,1.0,1.0,1.0502995105283446,0.2339792937156306,0.3995464901973649,21.79126030363895,19.481984498361335
SUB00417,8,8.057844201716971,1651.2626917156051,42.736622158881076,3.147394692347058,0.7707353058874022,1.0,1.0,1.3040433785517291,0.27242899004590687,0.3147000531140953,46.90310474035806,19.906170467080656
SUB00417,9,12.896229427839884,1371.3195541139225,51.591962679636765,3.808657471026077,0.636524621477192,1.0,1.0,1.3444645993854312,0.4480991305347314,0.25529022124712797,27.17113356927476,16.098432263928217
SUB00417,10,12.8380875232,1232.9588866310778,76.0904887950695,3.0004756696615877,1.4597494225191099,1.0,1.0,1.8374482231004503,0.2727837093760429,0.32721397297070676,60.46152713356711,25.797789372272973
SUB00417,11,14.28456795301992,1658.0164930043838,73.84263480068492,1.4407285865644273,0.1175593187272091,1.0,1.0,1.7537188164078867,0.5261114387942082,0.3103068539600713,108.48873611102273,22.195232261965497
SUB00417,12,10.795389434137896,1318.4987446279995,48.57301498418822,2.514219158185692,0.18083870067120245,1.0,1.0,1.661077847149052,0.18407235683272494,0.4251318091504591,78.24784286193695,25.207228514878324
SUB00418,1,53.76466073314637,711.9751811733846,67.97295280993171,4.771865207787803,3.079351855140125,3.0,2.912614161506367,3.3496026233351395,0.29329750042360253,0.4983466550553569,274.3340047150788,15.94133218476645
SUB00418,2,65.68900173629048,532.3315617036734,107.98414036768625,4.3567316057272745,1.7440071274585809,4.0,3.1524693189503052,3.5854020173178904,0.3596933211281438,0.5061578409451646,214.85373645325242,18.25062165499081
SUB00418,3,55.726280998287265,614.3375345658574,66.4926660744408,3.2679464651081687,3.0953137944766507,3.0,3.0,3.6471598341901452,0.5453662276468642,0.5306439803236571,401.1117320028959,9.95402498072542
SUB00418,4,60.47951764090839,586.9440810181552,114.87373755009055,4.863721461639218,1.9821141087965115,5.0,2.966412815156988,3.3077386589975135,0.5839765713729227,0.5768098613809203,252.50503032404015,20.916665976391926
SUB00418,5,60.07644731927209,573.081274323545,83.9254282007108,3.4349161215029,1.686626237992484,5.0,2.763060324268501,3.2506249177475524,0.38368355116603814,0.4296308296952259,157.2856548186962,19.051170662369117
SUB00418,6,71.6492468071784,773.3411262048751,99.99168246919561,4.782808153497616,1.6715067655302955,5.0,2.7983445138002945,3.2675319047443874,0.5629455749071229,0.5353102113756971,344.34383787739046,17.512405546827942
SUB00418,7,67.60155804923745,553.1376894916939,67.99158793576639,4.765177939679496,2.370672861253501,5.0,2.762662740710885,3.663208540852229,0.3648918376198327,0.2888303839550062,522.7087422275745,24.67005296482884
SUB00418,8,70.42575192559188,585.7668232403919,79.94469933690094,3.458057403102758,3.2736859882880784,4.0,3.372175585195092,3.379857614853157,0.3624899630812102,0.552552153585367,180.49603747868412,23.287318886245515
SUB00418,9,67.24520877923173,715.686831353177,105.4147531097687,4.484993398109967,1.5474202924859686,5.0,3.355225496713336,3.85827151613226,0.44193816488020765,0.34651741897206845,312.11153503411157,22.50376279955025
SUB00418,10,57.03539927987963,663.6404462546186,95.64663721949503,5.857677389634715,1.9528493429344653,4.0,2.5549502062746243,3.3757604168512594,0.33336678058425906,0.5131889567623433,408.0058989280737,24.104623958184185
SUB00418,11,55.994160750960255,750.9046998618073,76.44547654842333,4.855683467368156,2.8465288085520366,3.0,2.588019123152916,3.9142250929881115,0.5703204970824582,0.5584317362637017,199.49504598935144,12.74921150038872
SUB00418,12,70.37162989168866,503.89816223915483,65.14343207333124,3.5304493412336653,1.9361798528260996,4.0,3.0577541582243453,3.603163473141662,0.2582926738780278,0.40453886699668046,526.6333251882036,22.90217450920727
SUB00419,1,9.235652373251192,94.45359796289753,28.664335468748995,0.8384416110928358,0.788803599081883,1.0,0.6126367791779226,1.0,0.15129255272321665,0.49137796205622286,48.310755142234,13.662642965437708
SUB00419,2,5.34047379255589,96.83883284829987,28.08901206738537,1.5392102041352609,0.7766422791938904,2.0,0.6383498430393395,1.0,0.22357528083388883,0.5824231665951636,40.67648835434459,11.68735213172296
SUB00419,3,2.0552891164974185,115.75567780126067,40.53805826887981,1.8472757331477532,0.014364464347800698,2.0,0.7511127646381595,1.0,0.4552090448440739,0.4183341682048542,4.588718824817994,20.445719470535032
SUB00419,4,5.1586524215124285,90.03171330234278,18.940275103997646,0.8821125232706792,0.12436368180645263,1.0,0.8144347751003231,1.0,0.4294678847060237,0.5769521599148437,20.416281279461714,23.861138121037207
SUB00419,5,3.9786123973326304,142.80127421461123,27.505458903635496,1.4365269371809521,0.6471538887213787,2.0,0.5338383934392733,1.0,0.2732670982106837,0.2876643895431114,16.58137469966326,9.615984996613433
SUB00419,6,1.9335412119233129,111.30710191760284,26.62549144684349,1.5449883667232025,0.04749053121788882,2.0,0.8087436829558473,1.0,0.2608532708140876,0.5105458549371977,13.351548920566797,22.527267891747208
SUB00419,7,0.9747683464339079,92.54209461888703,31.209548559156318,0.3276085627595846,0.5678764192806481,2.0,0.7400016055581488,1.0,0.313609036568967,0.3300285841199484,4.775011451681719,12.673635002990677
SUB00419,8,2.8542500712548278,121.64218983147933,31.16030480950501,1.3309428160688495,0.18397976936750848,1.0,0.7269896230799007,1.0,0.36530644041079935,0.29733333362123127,21.336146106236427,24.449005094447436
SUB00419,9,7.81355731154767,92.0167406211961,34.94786685568958,0.0,0.014615414192612808,2.0,0.8579060413247734,1.0,0.4826141915443699,0.3273605231511565,37.54782623299226,16.761875088906024
SUB00419,10,0.0,57.016089402009456,37.4613041642768,0.0,0.8707836018919873,2.0,0.8916015061452998,1.0,0.42408554208170157,0.29812892980416644,1.0,8.827148441755156
SUB00419,11,0.0,128.55008561150134,38.019213716058744,0.0,0.19182186222870223,1.0,0.9596543706323829,1.0,0.5150482356737217,0.2622643363690461,1.0,20.557572207366988
SUB00419,12,3.138985715486812,113.25304988840615,35.64767185289909,0.5151517548368467,0.8208228876906181,1.0,0.552081328499944,1.0,0.4557900642656053,0.43804452811508693,8.94509222384424,11.40032660724127
SUB00420,1,123.11404914420902,388.0636720984777,43.25871178609592,4.821596333823962,2.3474941209306346,1.0,1.0,4.690572655147256,0.6208218883041887,0.5655543467944751,606.5776692760439,16.573297906322892
SUB00420,2,115.55157240591787,388.41347140064056,34.453624212792874,4.004585087660921,3.5876149865328344,1.0,1.0,4.952376782529139,0.35001324598174266,0.3179461438035506,322.82548353688037,10.72850329872931
SUB00420,3,115.89949085125554,487.9414692027316,38.68469426663492,5.684060013041812,3.7885187031091125,1.0,1.0,4.748503618776173,0.4718659278126309,0.503031684315685,574.0419557571514,16.13364953422076
SUB00420,4,117.09149883807603,390.3696969154068,37.45872113753671,4.0205442261212605,2.999407330408692,1.0,1.0,4.102067194850189,0.29819060896664906,0.3743872447076275,675.0064763431213,8.342367936325065
SUB00420,5,108.30177156200463,440.2177436881325,41.08321642531623,4.7499227600511205,2.6068024201357547,2.0,1.9651093656763208,4.5616016882760215,0.27300320063270866,0.5305287942270467,495.18687795460113,21.854090907132093
SUB00420,6,125.04932491033314,406.96747325379164,39.63249239510573,4.060587198740516,2.176212250603845,2.0,1.7983725208828392,4.61446533699173,0.5795568800004671,0.37041458601461724,625.0987431468587,18.05415888702584
SUB00420,7,125.71517649537044,310.27627970709995,30.68660137145877,5.292984418921378,2.9630812883952036,1.0,1.0,4.793737144239369,0.6269507461732924,0.3365300807776473,939.5510779673729,15.51712842176682
SUB00420,8,110.98308941634835,406.17161976919425,45.59251923679604,6.390010478451649,2.55501915624668,2.0,1.6471346329423202,4.6298669515602136,0.6176428516448125,0.598826109727052,252.86439507200905,13.090116331931611
SUB00420,9,128.36564924008167,312.43757760117694,49.69189609284357,5.324662231854471,2.340551270478223,2.0,1.6293837060055412,4.7927522932799205,0.25159189316185643,0.36354612364283084,677.4745354673574,21.519452022753732
SUB00420,10,115.20066157164936,342.0536289067251,51.525127193393516,5.807825157635603,2.8747165216925588,1.0,1.0,4.260537020314344,0.2882798470344351,0.531259454715221,883.4547344974751,26.58476474863346
SUB00420,11,110.05322622790749,426.1774791834595,50.35261744452187,7.576204476674359,2.010429598814919,1.0,1.0,4.680443199268155,0.2570335053988696,0.45244753806431937,497.52924736918703,23.624839661367947
SUB00420,12,126.73393562269895,378.4124573711804,43.207668554633074,4.666284646579453,2.9573312764497324,2.0,1.8384040010198266,4.48752811209513,0.5648212677056974,0.5774256329566421,322.68456139710423,9.538904656734744
SUB00421,1,1.4446375211070008,54.821508385023975,8.704355044419618,0.7148930151108985,0.17057130229894885,1.0,1.0,1.0,0.3571244113863178,0.5883485036614127,6.898034224475811,25.975471506499566
SUB00421,2,0.8505971804467762,34.10928268960725,13.879483600422839,0.31901575990110237,0.2196008395373994,1.0,1.0,1.0,0.1524769380075995,0.25131988574041764,3.993322033699842,21.727884868225914
SUB00421,3,2.0461939331195294,43.745530117521874,13.982045495080055,0.0038752479846920207,0.42110849727049915,1.0,1.0,1.0,0.3456192713933254,0.26648856389465403,8.274271608727002,24.596399993694767
SUB00421,4,0.10622317597283604,68.32471873244897,18.609545122906344,0.4643689967629843,0.46821137834239124,1.0,1.0,1.0,0.5038885817859747,0.3596653196326999,1.0,8.381009136689892
SUB00421,5,0.0,60.009798358170556,9.105884546448845,0.574107909953992,0.01735878537930896,1.0,1.0,1.0,0.43476240449239334,0.3884553599437612,1.0,22.49425334241154
SUB00421,6,0.0,40.43693593550641,22.75138592025285,0.8341348611889451,0.17764003024870595,1.0,1.0,1.0,0.48319003721939957,0.280760229461516,1.0,24.275426948468457
SUB00421,7,0.0,30.02455977228451,22.6183172904928,0.5544425277379105,0.08138689206179417,1.0,1.0,1.0,0.3988631283591093,0.36334861234709304,1.0,14.807226199902143
SUB00421,8,0.0,58.18751699297273,21.6186563977979,0.6980098323817808,0.04883059128530848,1.0,1.0,1.0,0.5238744096557509,0.48275697960549735,1.0,21.817617562099212
SUB00421,9,0.0,41.06236673374715,11.756193345347981,1.0596619567572472,0.01775207095208875,1.0,1.0,1.0,0.2563010296427832,0.2613267624676195,1.0,13.719449882772107
SUB00421,10,0.0,31.26361045884978,23.72540091852812,0.4778870851588837,0.23323784878335152,1.0,1.0,1.0,0.3452180033723569,0.3213874804918062,1.0,18.540046254213035
SUB00421,11,0.0,77.96833091337305,22.701870329695772,0.742590660222304,0.45328409670970604,1.0,1.0,1.0,0.43722795904351963,0.3186548741243357,1.0,26.333776737984618
SUB00421,12,0.0,70.7534546006526,18.883715741907764,1.102348323746917,0.34572194877714657,1.0,1.0,1.0,0.20164006912314095,0.504598998945988,1.0,18.579254002932956
SUB00422,1,120.36703624308538,253.5740839663826,44.99719983612869,0.5013069215742483,1.1263005946876832,2.0,1.0001762236621627,3.5733414909690753,0.2879309706061145,0.5996602146640229,392.9624173570387,24.977119795383494
SUB00422,2,117.56040896827759,260.0990123415105,37.88224462271593,0.8864748180369546,0.27449073531898355,2.0,1.7700582847149173,3.762042168190133,0.41343459116292547,0.49572648119018,594.6128960538607,13.38372875392417
SUB00422,3,107.45684214711838,183.62755846319146,34.63384882320619,1.5438135375532236,1.495416430431681,2.0,1.8160768515576868,3.720132037392717,0.4085994995489791,0.5499473228751224,694.9619890825312,13.116401861087084
SUB00422,4,113.79068765502528,200.1432926829222,26.98195366140743,0.32427443582146054,1.0256867768715152,2.0,1.6327099765881739,3.654936398501199,0.6415579720279669,0.39945495307714896,631.6982848302349,22.352486665852616
SUB00422,5,112.61890540096509,297.49731596093824,35.0671946498321,0.9032122431473146,0.8455219897294342,1.0,1.0,3.7005069514238804,0.6130804288402243,0.5531366714600132,637.9647221271122,22.757888303526244
SUB00422,6,103.99349392310255,245.03855281453764,26.218709093751766,1.449349410015978,0.15188201826751424,1.0,1.0,3.348217784689155,0.5157564265683072,0.3883019539172761,526.5935590792845,27.314675320373663
SUB00422,7,105.77491107143047,324.3195829412742,15.273478446376,1.9785485732095036,0.531984792167465,1.0,1.0,3.193574444284685,0.5225661170716889,0.39926541278048155,291.10346889282977,10.236567469190312
SUB00422,8,91.01015159725856,280.3585542082491,38.86555609496563,1.4718526749958554,0.8856104590307048,2.0,1.3993907853191916,3.478323146877853,0.35870656043555016,0.5790657610356342,333.97192973511125,21.891132877980386
SUB00422,9,98.00344977266312,280.55834465968013,22.027680032006582,1.9491009118924971,0.05252706520342432,2.0,1.640008638118187,3.2033576690553955,0.4470486372960101,0.4490731683283633,399.64632289314375,21.685242418888336
SUB00422,10,89.69900538520028,153.31392768171577,41.75386133498328,1.9962802330114966,1.1315744793960867,2.0,1.8754375397633039,3.8566929570419264,0.38201402865901835,0.5379436592817373,360.6045415089842,24.952004273316156
SUB00422,11,101.77917205181762,294.02584710260123,35.60130225054753,2.572157740999249,1.1496904841958817,1.0,1.0,3.501594296544999,0.46031378484495655,0.47881719940883305,666.9258982401674,13.213873517860161
SUB00422,12,95.0896993438914,279.5328369488288,32.86412507740313,2.3313273044233025,0.8733206095173102,1.0,1.0,3.5024316578725765,0.274819032886831,0.39825092327094247,381.6438198465816,19.643721521080998
SUB00423,1,37.05681941017927,375.6967968863414,43.310787299369935,14.458034819445176,5.165726137167292,1.0,1.0,2.053401637494789,0.32515163248125123,0.5867343363676614,280.8683925645991,24.687919124852638
SUB00423,2,37.722429818993184,381.7568869978727,36.836443846700945,12.82658664457626,7.435116447324242,2.0,1.9503662749702255,2.154633351656165,0.5079076216371737,0.34680098697689277,200.2922070576161,19.07357896623018
SUB00423,3,44.39362465397508,197.59073746849631,36.31508655722713,11.874153027486503,7.037734733141766,1.0,1.0,2.837611636888741,0.17486442885418602,0.5935967693974215,188.28843880654628,19.403725508088243
SUB00423,4,43.26175268778563,363.62384418135775,50.304519967378354,10.516330225089124,8.1569864609187,2.0,1.5442173344448877,2.342298915862866,0.2934928829387483,0.37834326855604794,266.55833405445065,22.004105139274852
SUB00423,5,41.05992829668838,282.0630318892648,60.35804253593859,13.72020856659139,6.6734379168025875,1.0,1.0,2.0163213119435346,0.2742865316532656,0.47435879311590173,134.62699503855774,27.956833954411778
SUB00423,6,41.30259863557917,301.24510175114807,54.33924814211152,15.76821937034541,6.708931056544862,1.0,1.0,2.2621776343868767,0.156901933397009,0.38013020977419343,195.71819616016398,24.03762774085073
SUB00423,7,41.5796480182905,346.02475892993147,40.457025366508944,12.965164012660251,8.486607126485337,2.0,1.7430130109666222,2.532631584813557,0.5038848660075357,0.4882548357889692,306.3172010073303,22.426732863108477
SUB00423,8,43.78093946581744,239.93297967893224,48.95886646973487,12.794917840195483,6.477828362252514,1.0,1.0,2.291812220489505,0.1776416625747456,0.3665682092427233,146.04583538139832,20.36729388038332
SUB00423,9,34.48151105156783,274.87015663993753,30.127233271206634,14.667550300018371,8.061960305998292,2.0,1.024313859180081,2.306765629275916,0.192288831965613,0.27487882459226365,201.30874780190305,21.33846175038254
SUB00423,10,40.10132918302386,214.31990879325556,44.309045099447154,12.754305788322085,5.107764446974485,2.0,1.9490435230167917,2.9867014836838774,0.2798811315853037,0.4706995413743199,273.79959315776637,12.551744125292165
SUB00423,11,39.33534131145874,374.9933036887521,51.29110772339448,15.158449443838027,8.238490239199553,1.0,1.0,2.2449321848500543,0.48904536664978804,0.468802179415983,89.36834010933603,15.103867653729894
SUB00423,12,41.52515677026319,246.8214007937688,36.09663183339893,17.465592586050985,6.619347480654641,1.0,1.0,2.9788957279398596,0.35012066812388987,0.49748089298786025,317.5914170492948,26.48991519531761
SUB00424,1,8.492178189178626,1793.6155807233897,61.51806195453325,0.0,0.8013814968453303,1.0,1.0,1.6498068178401326,0.5016200112657735,0.30449289664978424,35.58323965876572,25.50453979506289
SUB00424,2,5.682188669019256,1509.49685042992,54.34955675718588,2.763953335195717,1.4285301422151258,1.0,1.0,1.8661269466283334,0.18552620115479143,0.5793295714593859,29.08722850513469,14.01370322442309
SUB00424,3,8.626472047359208,1789.655815020391,69.66620047948996,0.7821881496009708,0.2482035136027474,1.0,1.0,1.7289143265697082,0.5314850097361434,0.5070519430613696,31.16548224158984,25.567197106432115
SUB00424,4,11.01065701434202,1792.4219569987167,40.32402225681367,0.7338942777969307,0.25754709696754535,1.0,1.0,1.6212267596918717,0.19960966306228464,0.3883425970710833,52.70101406666473,11.207629541130096
SUB00424,5,11.674955360892241,1325.7067178566585,72.69303443707597,1.9319597478066657,0.7113577611330958,1.0,1.0,1.233693428839264,0.23318760892289064,0.5446481191772645,40.85453811985049,18.68247801416745
SUB00424,6,10.192392562521116,1249.3888874367458,72.56506623408146,3.077641910109515,0.3364001583778571,1.0,1.0,1.5979388707458244,0.3398622417353546,0.44554214340696224,34.03536303854316,15.764544345775848
SUB00424,7,8.8959726697829,1498.7463732436443,78.11184521535883,0.6705503259289969,0.006281009219983424,1.0,1.0,1.4805113782256336,0.34708621840793086,0.38665679118902485,20.70771520876649,12.623904418998709
SUB00424,8,6.65839224620073,1455.587019907169,64.33018041670277,1.4649506063803603,0.11608293307833328,1.0,1.0,1.0428547379066389,0.18866244270518906,0.36890090626087113,34.55878565571337,17.44507692575322
SUB00424,9,14.140074634106481,1302.663495288914,62.5497954022077,2.4134755453243675,0.6033546426055691,1.0,1.0,1.8230509343496806,0.325664805211821,0.3363774238638883,85.0795122839981,23.5890894912228
SUB00424,10,13.5209881988218,1320.4580102329173,51.31623352825506,1.3545278218792474,0.4846376470869328,1.0,1.0,1.1701545893029834,0.3308755904662023,0.37259310072520735,53.017832160133025,11.990441658047974
SUB00424,11,9.283218226458668,1661.0502386118958,51.567409749641556,2.181060533941794,0.8257173335922462,1.0,1.0,1.649328976755696,0.3550762954616072,0.36163481215907023,25.872373213692583,11.786702986398794
SUB00424,12,11.39921671378944,1807.3505915043966,46.20218600674936,3.0393970108925714,0.37688838512347655,1.0,1.0,1.4941527191358035,0.38531415852363826,0.5450949941665482,56.33466299136748,17.13482193482766
SUB00425,1,67.84966050632481,690.4117193440608,113.3973142419123,2.0092837940319663,1.5789452567924671,3.0,2.908816464184009,3.2482958760489082,0.6189005637055056,0.5984106377531526,314.76666943767424,24.333836114598128
SUB00425,2,57.99980819450949,749.9097470792793,103.47256049523939,4.024485132129074,2.2559566208939827,3.0,3.0,3.1991720765682192,0.32474626780590166,0.49842441333169507,197.1388066266093,20.53305322514037
SUB00425,3,79.46344099516223,755.6437902348096,95.27024574442062,3.011688656216942,2.922454273369077,4.0,2.6107202263318965,3.100528976789318,0.28305448739889627,0.5586407393938767,589.0187161489723,16.57070721565467
SUB00425,4,69.37441755388357,576.9078487281511,118.05164144806503,2.9590988574269685,2.6776854120653892,5.0,2.991967106698054,3.8070861681153607,0.537871655002446,0.5283669746042825,256.390238831721,13.306280027654442
SUB00425,5,58.65702976838321,483.5364086268097,109.23736676075472,5.229438973017414,2.7943665904593615,3.0,2.984560340097465,3.040583768649039,0.6328875844117492,0.5096394056964875,457.4856374229746,12.455639032364173
SUB00425,6,74.73904625818024,514.8330945813984,67.68837424409811,4.507897884627885,3.36040839368662,4.0,3.140626558766173,3.7618615586105792,0.39063236159402326,0.578958682267557,182.7627750511775,10.578575024466101
SUB00425,7,72.54676393813759,578.8104254228856,106.03265842731062,5.4268605322514265,3.1222100419515435,3.0,3.0,3.882247350641458,0.5601740460955025,0.5759588017108898,427.1855402678083,16.246411765960936
SUB00425,8,64.48926555731495,718.8686088850862,60.637703484242756,3.0354079802443965,3.3463705127311694,5.0,2.825427847725256,3.5268213076078756,0.5569967224432708,0.4941317817073943,511.7374619483181,19.695560732285458
SUB00425,9,65.9139792013213,576.1495254137247,76.2667124214978,3.673346317318665,2.0785630657142917,4.0,3.4648493488022134,3.682279199781415,0.5302316969933155,0.2680733568491843,324.3916564681954,20.040139582884237
SUB00425,10,80.35550000619622,624.20378652093,69.05528590985375,6.1173889560777885,1.790154462619351,5.0,3.071574803487064,3.25565270109714,0.5215399798800976,0.5300684454010317,362.55472315265996,27.158707911327305
SUB00425,11,57.680231234210325,718.6765543276894,97.39587788859717,4.797359573325846,2.8693448721273285,5.0,2.735100418172528,3.7894553699500486,0.275248790890754,0.3191036131132876,118.14501073193821,21.794661467791464
SUB00425,12,77.6784390713087,532.1671797039373,77.56611970998364,4.2679531020953085,3.0244604121887892,4.0,3.303469889399192,3.3512627487955053,0.2577793211886671,0.5910622260497851,472.29694537106144,14.429553281927593
SUB00426,1,6.641123679066947,69.36916677968225,44.55154577255952,0.9869011566392261,0.2099721519527039,2.0,0.8226463658625249,1.0,0.4551889607619065,0.44567406423106515,35.15468511385474,12.450542265346888
SUB00426,2,6.802978161368041,95.39837022072147,38.44808760172089,0.3146393357146406,0.8006766109926398,1.0,0.8239665320116232,1.0,0.41053940091973173,0.4758952509794412,32.75212871902899,27.177582022630038
SUB00426,3,7.061761200723208,78.9060401168951,35.876681689338305,1.5680301310800826,0.2481783031211111,2.0,0.7676767927427499,1.0,0.43338620544266515,0.46811555915109326,52.53603000619707,20.009013147934418
SUB00426,4,10.371372445073828,95.91531377888558,33.10008357681512,0.4979371590032016,0.26486638195795253,2.0,0.6126514151403557,1.0,0.30169064015957914,0.5140116501047381,49.83233181553952,14.92686350794731
SUB00426,5,6.193593188127467,61.59415187853105,27.703411517997058,0.8796124580983439,0.8867371070009739,1.0,0.5714546181504566,1.0,0.15317014771320372,0.5636233745498103,43.83811243313091,14.519861246892603
SUB00426,6,11.578496590266745,133.45228888367802,28.40954490277562,0.43268695654393985,0.08559580698315117,2.0,0.7793228651727773,1.0,0.4402083710523351,0.5187256336466224,56.26951017848264,26.11106957961976
SUB00426,7,13.544530474725777,120.0332286508119,25.398078823428563,0.8159265927968813,0.2659197485752641,2.0,0.8414576235026563,1.0,0.1595705279295431,0.45826890245638424,45.80100534718082,21.03399797262791
SUB00426,8,5.952950555328841,53.942545429376445,17.93058314097932,0.22834588892508378,0.6457009007508238,2.0,0.9051085754901111,1.0,0.5491275685741765,0.26526116430420027,40.10678319348922,10.606194743263504
SUB00426,9,13.289301424910118,156.55768322407087,20.5156462504575,1.4496339833593668,0.746454035011821,2.0,0.5360413000044786,1.0,0.3078467736089932,0.33577378342606323,78.42388344596382,12.14163499198451
SUB00426,10,9.42159310783303,141.55899161795938,32.63524720398739,0.0,0.8349207433966113,1.0,0.8330920958267845,1.0,0.36958732668431016,0.33484642844307666,31.42068340568586,18.08539041564533
SUB00426,11,19.783883524651532,106.6138387688936,35.84614185923348,1.4867698251419514,0.9086675672491499,2.0,0.6239702739261692,1.0,0.2853532482962794,0.3162649471905354,94.34038745024608,17.626299548681708
SUB00426,12,15.146385868791814,57.08511932521263,39.55624658781966,1.293904968756592,0.20311477125593702,2.0,0.7499044473055774,1.0,0.46130049788186145,0.5376735596062494,75.50807797794185,17.307600714008647
SUB00427,1,130.49480127736095,367.02269533802524,52.786458380816065,3.7894013877885913,2.2661973559270496,2.0,1.0306959977731551,4.033701517788098,0.6057264010907013,0.29171719460578466,517.629457382142,15.212147231811405
SUB00427,2,133.5713941481732,491.72860941758637,43.53280485956718,4.570776716765229,3.922071990235289,2.0,1.8808437929604422,4.554939722152271,0.47515507472012464,0.5106570407667819,548.3716871950905,21.229729835073123
SUB00427,3,123.48336427620772,390.4853627562196,30.49086380438489,5.515154465748745,3.6659974606456704,2.0,1.5865562175584422,4.318069799317586,0.6314104614875599,0.4713064774730249,436.7466335527677,25.83759346380624
SUB00427,4,128.86739247097375,325.1487479065334,44.68715880859641,3.699675830085658,3.2077693464552093,2.0,1.4359999027723989,4.829326168605192,0.5219681474322012,0.358502419844215,645.604670447001,17.083607787531104
SUB00427,5,112.7099486770379,334.7013393727138,38.43089194132601,7.3005327267928335,2.619458338080654,2.0,1.2752238390920994,4.873327445813542,0.46061816697287217,0.5771546838698229,445.4221649751092,10.574209695508094
SUB00427,6,136.03969394828255,466.58879244787096,37.846767863876714,3.5019340642858507,3.345831523301664,1.0,1.0,4.346079250739357,0.35396172648595625,0.5477433217808605,565.4997647710966,16.205879570289767
SUB00427,7,117.23865641103252,355.238302722932,48.550948608818516,5.795588862113911,2.033540132524939,2.0,1.6712950283793644,4.302752775626415,0.4747975175715078,0.4618659114854414,256.0756580360884,27.817239522688336
SUB00427,8,138.76545919297047,443.4522918736828,50.97365670917026,3.674787082225628,3.453538022433905,2.0,1.9866647729628448,4.835285814386048,0.5817743185628779,0.3087064565848708,443.8701847748169,24.229366146571135
SUB00427,9,124.98717834511142,423.4768911462067,49.933070102920595,6.156346929975026,3.596262415047483,1.0,1.0,4.793845086599566,0.6025448953497425,0.48585241440984606,531.3914398604616,26.501615452386165
SUB00427,10,117.63709559255697,355.52199412124725,44.66943907565707,5.5949609462085865,3.6564934035814414,2.0,1.7627886349396789,4.52125406831557,0.6064663406463194,0.2639583511371876,400.7366252125337,11.595388296561438
SUB00427,11,111.95857087284313,486.4128427841014,50.845580021544876,6.073941473430364,2.465645833525305,2.0,1.962989617772875,4.403114388650232,0.43027124996735555,0.49773994613898387,763.4862829391423,12.684031505642622
SUB00427,12,140.8359624006371,283.67578779587825,44.099424796581886,6.125856967613024,2.8981452830118974,1.0,1.0,4.414089349142409,0.4794569162084298,0.3251602106414263,926.8443392485963,18.83735513517278
SUB00428,1,2.8227142441288655,0.7659878249490646,10.993388335484482,0.4307313637537571,0.010812174347133219,1.0,1.0,1.0,0.4402244062387276,0.5267322485375769,10.105073515214231,22.934792658143262
SUB00428,2,2.103199307572626,12.176893428238614,15.777857093379303,0.13560063229698358,0.14080168713119445,1.0,1.0,1.0,0.32824712984962107,0.5027636384798556,4.583882955852057,15.726285899089865
SUB00428,3,2.021787079110004,103.68360340218379,16.972574683786902,0.03192200113241933,0.4635192019520381,1.0,1.0,1.0,0.21158674383058132,0.4855409951556663,6.910904032447791,24.2173853615611
SUB00428,4,3.360698371676838,41.11736571144366,23.772669462800827,0.0,0.39674119259806034,1.0,1.0,1.0,0.27442806237500755,0.352218897111412,24.571818423458723,16.349296456251935
SUB00428,5,3.6094710818366416,57.10538060349517,20.994484745449633,0.0,0.45156198008547105,1.0,1.0,1.0,0.32059489877522523,0.40743386671087034,17.907173071966696,23.080112847611364
SUB00428,6,4.788268180943692,64.11354758328538,21.996358600380166,0.0,0.1509626874882406,1.0,1.0,1.0,0.35631843594414364,0.5374007319686596,28.21227021665351,18.73728567219819
SUB00428,7,3.165496053719356,41.57740801719928,9.501183697034081,0.09144049903909057,0.3997053325116301,1.0,1.0,1.0,0.16199687988717087,0.26057567506928486,23.184918245362006,27.593317226733205
SUB00428,8,4.806238691100624,19.746898864054142,10.700678168417532,0.0,0.04035558935123562,1.0,1.0,1.0,0.39404812453719984,0.25883337240767285,12.121408628388165,11.714095008207059
SUB00428,9,4.230144638186764,0.0,19.88271421633749,0.0,0.051572944326142955,1.0,1.0,1.0,0.3723087642260939,0.2965413354141131,27.46498491888733,26.577422302581187
SUB00428,10,4.850871061151471,8.931408366255056,7.145885306075364,0.0,0.24355350823309502,1.0,1.0,1.0,0.4502005514484073,0.5811271552347785,27.115049673301,23.431618015588647
SUB00428,11,5.6693596105064765,45.14978780622324,7.364804371895042,0.0,0.10509603023250541,1.0,1.0,1.0,0.35391204597923404,0.34170210127847533,23.758902639728063,23.650891254218855
SUB00428,12,6.810814276097184,56.24392684359266,10.665774634670282,0.0,0.08568069239604642,1.0,1.0,1.0,0.3857564179685362,0.34787324620088445,24.291882302774017,15.887976928423928
SUB00429,1,119.97803113461998,185.04771261219722,23.228999321399648,2.1089187550211372,0.49347259855407566,2.0,1.067811787954614,3.4092083753514926,0.383425856251682,0.3981031569462735,503.25302050156466,9.500654926866021
SUB00429,2,112.16525830257838,251.6562864719249,42.319204869480416,1.5001099175522432,0.2647133358306236,1.0,1.0,3.8057262454086715,0.43263470700620865,0.521234474780085,349.15944321004554,8.509792565971782
SUB00429,3,123.82643692742374,260.439240628978,17.516779144252215,0.026183370643092854,0.4401709612367595,2.0,1.8856184216169551,3.1734452113465816,0.29721884739222093,0.3916134581211953,826.9057241479226,17.44785800094221
SUB00429,4,115.61308207514755,164.54483141943345,18.61586581873579,1.2851647457010769,0.1736784777089172,1.0,1.0,3.9714578786899355,0.44473741585169047,0.3026227012517559,673.9991380228611,18.53401305744196
SUB00429,5,109.03996648753493,195.35726596834107,34.49059449097114,0.15544224586780772,0.7769213465578817,2.0,1.7908910437937164,3.540926069396418,0.33975456949056126,0.4551401309260107,408.9762761450447,11.90613126895039
SUB00429,6,126.30756261577794,207.9312960278465,27.427806475190813,1.5709242278142461,0.8445235280565939,1.0,1.0,3.796699321155439,0.5706520075954432,0.4469160673781346,391.3905525228559,22.697854288047104
SUB00429,7,121.34725193705289,301.5110783551088,15.194849481315696,1.745576825542013,1.4460938930273273,1.0,1.0,3.080387856678077,0.4122231334672688,0.31352770098152616,720.0249412391727,20.127030849325728
SUB00429,8,122.9611474440257,190.96724326528937,43.21956635136741,0.8584076246193456,0.22921272242423635,2.0,1.9537419360538935,3.7088026600339576,0.2595024323018099,0.4295380389089847,889.8131579735488,9.77967522908591
SUB00429,9,109.25727535006433,293.8779619642533,33.60574530384029,0.6826691729461394,1.1352097212953314,2.0,1.49694167484107,3.4170718485647464,0.503366584118149,0.2561387502902702,566.7978194860457,19.348888290955664
SUB00429,10,102.39848958954227,218.07942577157297,33.28883095312523,1.0628006062282942,0.8082593837618801,2.0,1.836777197352619,3.956657889640387,0.6381766730688707,0.3239517050354046,538.5893722731734,16.12778842604227
SUB00429,11,112.80082441475092,170.44348338446412,17.64449886794523,1.1824087384099193,0.752355923857635,1.0,1.0,3.5832477167458325,0.29155406784532023,0.30519030828684446,779.2615606716671,16.322017730915576
SUB00429,12,118.9888540429152,173.85206993729292,36.59011957048467,0.24175763945821777,0.2019479702891968,2.0,1.4881345511403354,3.5536568025725748,0.3911454686359723,0.330238151285087,573.611841427499,17.3212171470822
SUB00430,1,36.2712593401948,361.29294958477584,33.84079538793323,11.390065292132842,5.1273438682689445,2.0,1.868224325038657,2.3814716375585276,0.49461328281370287,0.3781016243777988,226.41306433391205,18.44018004172358
SUB00430,2,34.802789980410445,395.71704156230436,53.238340516697306,12.648162955827964,6.68176244422468,1.0,1.0,2.982694317076639,0.4017821942692906,0.3064689321660978,85.94198037668029,12.297678067993296
SUB00430,3,42.02239234110746,401.01175469387556,38.477424247635156,15.799816410258673,7.606991834385001,2.0,1.4856801283986325,2.2976812317730815,0.39511424900892617,0.44967620449290935,331.81799335757313,16.744765732831123
SUB00430,4,30.594550003786573,232.23945250532537,53.45179243513399,13.85399423960112,5.019259437536178,1.0,1.0,2.2566330505772827,0.38951711594313954,0.3012805510423538,64.96056778500684,17.468568090456902
SUB00430,5,42.92496006878598,320.4076241973869,41.974152045775654,13.541377119107887,8.104959359835764,1.0,1.0,2.7007667157282467,0.36985110585566616,0.33554062545429064,123.46597158832148,25.844137213828336
SUB00430,6,50.25569635861055,262.4661589466927,37.175267086039035,14.32508521421167,6.593420328079305,2.0,1.8744325563063016,2.6880364067812055,0.5616273303358402,0.2813714340265492,339.05812313393864,10.994221164698008
SUB00430,7,43.162816238965945,275.5295323118155,46.500147963294424,11.160578554252808,8.051747900985989,1.0,1.0,2.612059779168883,0.2798145261749014,0.3456165722440627,311.70155681017286,15.94844480870285
SUB00430,8,49.000545503490095,354.65043343009,44.519672600403794,10.699499456927592,8.99191886531835,1.0,1.0,2.2920941698567816,0.2354856334209464,0.28867892350335844,147.81032738010305,15.32657270135255
SUB00430,9,38.216103196842624,238.68552523662882,45.54560911375363,10.376921825443434,8.175795077595321,2.0,1.1002307696004383,2.184568740302782,0.48460978142933975,0.5734111760483012,170.92756888899862,12.253815134383265
SUB00430,10,43.028141813597856,320.5418333184894,57.99474803432466,11.532199038273482,6.007451725663304,1.0,1.0,2.419953976249104,0.2846673598739108,0.45302308263638724,177.33571217487253,10.236705811209394
SUB00430,11,39.85185320948587,290.0857817904834,53.72241677449986,12.630499438240665,7.347769810605406,1.0,1.0,2.671593476163928,0.4480292108577073,0.32805647366829765,263.42092412260047,21.550939821641734
SUB00430,12,30.61781182570294,403.94428559197314,62.208877857680235,14.751483065600912,7.226326503564279,1.0,1.0,2.0571895518740613,0.3746104253954937,0.5581411993044929,89.24494119997414,12.79692072637851
SUB00431,1,7.471643440541353,1611.6846212465935,79.57966268910009,2.006875291194532,0.45644731025172275,1.0,1.0,1.3920971423928243,0.26901726445982577,0.33951149178357337,29.43285779134648,9.746238124010102
SUB00431,2,3.3883974106879045,1344.5935633813965,46.889951399556836,1.480171361127227,1.3050594700921505,1.0,1.0,1.328992775537425,0.36213704681602976,0.5008823220448653,11.40467050909241,23.117101150551782
SUB00431,3,5.084752534580887,1627.4079146686722,63.45266435064811,0.8917942950922982,0.07816171858221366,1.0,1.0,1.3349134680994066,0.2514083295297215,0.2891193061833673,25.978774344277177,11.77704876813699
SUB00431,4,5.354273284147087,1275.6360513537686,76.69410827598085,2.957820165900853,1.2348134942049755,1.0,1.0,1.2463783322719255,0.38048074005237553,0.4375743330715218,37.32533802445994,9.513989209092902
SUB00431,5,4.026915332237071,1778.723703425545,78.2212980727389,2.128995364329802,0.994864979941146,1.0,1.0,1.5832254227185638,0.19065433498135675,0.30126002483568176,17.676906830789758,18.3788015262931
SUB00431,6,1.8403241672136228,1675.6980264650192,76.53822386368907,1.1556070879636826,0.6855259049068272,1.0,1.0,1.0316820283425208,0.1715427401236791,0.48149959372190343,9.171379420301617,25.64573897084826
SUB00431,7,1.1786629806761657,1225.1892660059336,48.78030150863031,1.207238247587987,0.9782434359151362,1.0,1.0,1.6148406375536184,0.33040775778390685,0.3228805108943515,2.617950954322379,21.065737121249736
SUB00431,8,2.4863874374653543,1472.4251634822285,44.51302087809064,2.8297146667031132,0.17165765548566064,1.0,1.0,1.7882429645910196,0.35170533734672454,0.3275285176078665,11.103118030329519,10.441979037082355
SUB00431,9,0.0,1762.1203477207716,41.57920988766666,1.3767164562451542,0.9673715416794395,1.0,1.0,1.5140762627070594,0.1697977261832909,0.43674874314491774,1.0,27.739779473251108
SUB00431,10,0.11325495759016668,1669.7162760843114,59.32694594290138,3.2062587047920137,0.6751511959899719,1.0,1.0,1.2512358933069336,0.4996858972967301,0.584025768241111,1.0,23.778624795798045
SUB00431,11,0.0,1393.5007297642803,59.493284629336635,0.7580904668505075,0.3361306260892496,1.0,1.0,1.6810828828969777,0.19862745998341275,0.40441179386664894,1.0,24.01687792819235
SUB00431,12,4.678614075379802,1499.4346835533113,58.3649882677427,1.5807387982221384,0.06979191809867946,1.0,1.0,1.2712847135069354,0.25096375916448294,0.2866953616645981,23.483993605329278,20.741609565978912
SUB00432,1,74.47598328119096,561.6941369930379,109.48127901320845,3.8794409051757697,2.82796370241758,3.0,3.0,3.3386815088570927,0.28249001979620103,0.5413109431521361,503.0051022321565,8.570346847545489
SUB00432,2,71.47664277933441,578.4782716370421,109.73210398605842,4.420869130654415,2.2553952189900164,4.0,3.2305520654200266,3.4216734766527335,0.5497556615951695,0.5279362234651837,171.30578749024235,26.87631998718819
SUB00432,3,65.48046448923355,505.0282265735603,87.49806593899771,4.902271678590232,2.596158117491533,4.0,3.1076305283677916,3.2803464348288194,0.3646691691635857,0.4844909437062018,448.53120980166335,8.681157085529955
SUB00432,4,57.37684440181171,733.6923045434497,77.32693227291611,2.0840826966673553,2.4941679852042573,3.0,3.0,3.3018689225834446,0.3453512961494536,0.4755369593039502,364.6936818934045,26.391168164752706
SUB00432,5,66.78703629623378,528.3046561364594,87.69071519198985,3.7911811608114014,1.7604695930289527,4.0,3.2179881843819613,3.674052187045748,0.5091130066439677,0.30597359619254333,450.80574167598456,19.20502502597085
SUB00432,6,52.169698108816725,540.1184824737791,68.46499558298996,4.4004784129352705,2.328595086704892,5.0,2.86405227946914,3.318015457875136,0.332252325012267,0.28063028009283286,166.5682005791457,24.372129922763246
SUB00432,7,66.48271414209522,598.8708826021058,99.53499302298223,3.417208319740783,2.002918455589878,4.0,2.5722941817125617,3.159985852485706,0.4866191021451851,0.5323980030063015,238.6673850018585,8.189754227241343
SUB00432,8,69.75461724337895,544.1235235402739,105.34741884922983,4.091101415058618,3.247536949701818,4.0,2.9744473780208494,3.39648183384316,0.497651792453791,0.3911753528075349,529.4105863370625,24.811716086148373
SUB00432,9,61.72578949650455,623.5456694934667,79.21225168454082,3.065941584912982,2.9958244424647926,3.0,2.8071887197193983,3.4928394827215064,0.27843782466063627,0.26837056834821604,182.93236077703054,23.021130998910852
SUB00432,10,76.80758993247068,445.6085791287008,76.51662564890724,4.654636583832118,2.2230318288220463,5.0,3.218611622181493,3.928444915723622,0.36933628818596353,0.519690347706862,470.71196768483816,12.787338160032785
SUB00432,11,56.94211469515766,512.3814089064206,67.74904216249057,2.2989694714969566,2.6127949645688333,5.0,2.6163584684337367,3.5608456237873503,0.586045632733292,0.4651442144829333,307.5696372943919,15.66348915213587
SUB00432,12,65.57917077601003,528.7345151289251,61.31033994088288,2.9080046648154223,3.1214245531760145,3.0,2.8605565122634182,3.6875477409152913,0.4703756864994565,0.5770130746758034,441.5980794928563,21.191872232714225
SUB00433,1,0.8854692484948434,133.57898621637582,28.510928808112048,0.2854695865155245,0.9149580098627269,2.0,0.6142471426958052,1.0,0.37515305392355774,0.27676293881980385,7.001872925441165,11.37685568924236
SUB00433,2,1.3328824123551912,130.4879756128291,33.50271079980428,2.0211976571241554,0.09363778623556762,1.0,0.7870920691486418,1.0,0.3303849756854419,0.3157166329014113,5.6075338419546075,14.511025820038425
SUB00433,3,5.510880098368077,118.10417959215458,43.80187790322735,0.2330602916127326,0.34456282564044416,1.0,0.5686079619529534,1.0,0.35551345502793397,0.3344725525628628,41.55385352298256,25.252729755181765
SUB00433,4,5.533719741112017,118.3331735345698,24.799450123969507,1.1579833070548229,0.9425577740175417,1.0,0.9497896225774833,1.0,0.34275971477346945,0.3243675295799968,19.26687179613742,21.904150807107055
SUB00433,5,9.79118234799138,120.49482669100314,42.0334378088816,1.087102427369602,0.7722942968237503,2.0,0.5697183621715164,1.0,0.389662592964085,0.3106432644781133,67.82656271323769,15.561609777903735
SUB00433,6,11.473018772073758,98.88961189166906,17.006240762965668,0.27547710984367135,0.02095495838545458,2.0,0.7915841775051191,1.0,0.5062790083399007,0.259355377368147,90.6865321084746,19.44221702020544
SUB00433,7,8.555005386514376,145.97946743168427,27.113606160306446,0.6140285169733267,0.32932183407048177,2.0,0.8711855611921799,1.0,0.5390128219000822,0.3762861532203634,66.58521765719149,9.00549215212687
SUB00433,8,4.221700044510567,146.3916931398289,23.21366238613277,0.2187238412965062,0.8532942408774907,1.0,0.5118914811002386,1.0,0.2988720035451496,0.3296526958759708,32.942390368920904,22.84958121401617
SUB00433,9,4.71280339480854,126.16740967720378,35.230219748641176,0.11424430420400195,0.5392817953594525,2.0,0.9157485401582297,1.0,0.5334381351553503,0.3785554237455817,35.29885865657404,9.939932584806868
SUB00433,10,12.76487244264002,111.09790173348931,39.15615581155773,0.8371274562280766,0.43864454501773886,1.0,0.539399900107155,1.0,0.25186986854646476,0.4078682429685686,69.26391885102787,23.60878929246786
SUB00433,11,6.13217683157459,85.2585808363176,42.11574024497986,1.8493763653863706,0.49803403837639815,1.0,0.940414157797598,1.0,0.4906776225860737,0.2710167293128278,19.539876777615557,22.47661687652879
SUB00433,12,12.244749613533397,182.9057385426671,34.92993465899107,0.9985010362650516,0.43288346222311314,2.0,0.9111927850852525,1.0,0.3996818506930111,0.5526387455887685,26.10675791158023,18.906876292564164
SUB00434,1,111.41787404266498,457.3709592854649,50.823168082412394,7.007824926123651,2.610975209267659,1.0,1.0,4.415697547742499,0.30679882913775014,0.4886135943680261,313.52159304728866,25.40156137521588
SUB00434,2,129.66505940602536,337.8978267575938,37.066971439504904,3.062349074820751,3.2170686627062244,2.0,1.4739423436902417,4.595558103887154,0.34863626784222335,0.5982929237634964,615.3698685526745,23.079606603351667
SUB00434,3,116.66152381967132,315.2642161573795,37.6007337497405,3.435840520360658,2.243241955974243,2.0,1.7312383125729185,4.914287128398881,0.6243735056420074,0.44811527177035915,461.72423503129954,26.1243261115153
SUB00434,4,138.6093188163779,438.32975125753865,45.670422204303065,3.6688890514339416,2.8011895745269775,1.0,1.0,4.384946164370874,0.2652066315364492,0.41856377078987017,527.4554689121276,19.819225108285487
SUB00434,5,121.48681651694619,509.1238192883631,49.79449074830559,5.324124143246048,3.2630611249327606,2.0,1.5745475190778637,4.891273148862951,0.45631563751276294,0.3327221142662394,571.2980037472498,16.45571205534685
SUB00434,6,125.58956594009315,405.70476985717147,42.20844782154278,5.974975727101815,3.619973313952114,2.0,1.1982855606007488,4.804248199902727,0.4962874647110145,0.36133500915368555,860.5466757009883,19.51244416298219
SUB00434,7,132.38836831506663,445.9786293841957,38.64753733144582,5.59533459827184,2.8111967854204085,2.0,1.827923827127338,4.1572454335260405,0.5245159361257108,0.3359588812355239,458.4070642392515,11.81035629918049
SUB00434,8,115.25482559628219,389.3276384129657,40.82246383609716,2.5195293645407792,3.6582396214229416,2.0,1.8453626703024266,4.0115888632939765,0.3394068586427943,0.4779723273216945,490.5251466971714,11.949937384690127
SUB00434,9,135.9193463148825,501.0158187059799,30.678484332117527,6.68161606150612,3.5535545842694285,2.0,1.4732719633429543,4.152724305526966,0.5368129815277966,0.5659324563429631,1047.6187745563975,14.06569706565967
SUB00434,10,122.92342099229052,396.02782397364564,42.90179226529877,3.626409787367347,2.530720286505697,1.0,1.0,4.472140431266895,0.506517255115867,0.5667873321042585,397.84189296052506,9.518268279713187
SUB00434,11,129.66751207271932,566.5141246705981,51.69679904074354,3.1449461626176967,2.824417853336363,1.0,1.0,4.588086491228971,0.2560845275691619,0.44574951859207435,470.06185390117673,18.603697230045753
SUB00434,12,130.48300529472334,504.8593139437236,47.91449820140295,4.571755337545489,3.252346704130915,1.0,1.0,4.316052873308327,0.49066648406834856,0.35371082278245747,261.28370165440344,9.250279857447579
SUB00435,1,1.5509458356483325,90.4983985831688,23.162007999506002,0.16001459807831311,0.38984403003747364,1.0,1.0,1.0,0.33773343776126463,0.5139279027359092,8.148090102434464,10.129204677786703
SUB00435,2,1.9302674972946288,59.02896570983033,11.342646823449723,0.5254892821970238,0.328100028479057,1.0,1.0,1.0,0.5299484751996978,0.26587550459241543,4.110405225775425,18.44532819157374
SUB00435,3,2.5516109009579546,55.198316200795844,21.538503613567215,0.3193259601869689,0.42378040604275036,1.0,1.0,1.0,0.4009986582338303,0.5752492960797759,9.109593810487825,16.525951010297497
SUB00435,4,2.895201126029863,36.00822355153805,17.56075289851964,0.7088770384700082,0.10360143186119236,1.0,1.0,1.0,0.321416655673057,0.3521007482950949,17.44592799191203,15.258355878397724
SUB00435,5,2.3282561732237386,43.82264463074436,5.1899444626163005,0.7581137563823994,0.23097634792096006,1.0,1.0,1.0,0.19097550154243859,0.2710419356525549,9.318918978436514,17.140722667925623
SUB00435,6,5.315322883476822,42.51794470466669,13.98115758292356,1.2552846180952006,0.10294019738980947,1.0,1.0,1.0,0.4017653812757612,0.4306446454389282,29.63883862623442,25.27592278349059
SUB00435,7,3.968947290513312,47.623675971479244,8.18156934486707,1.1357631961913122,0.23553928290748222,1.0,1.0,1.0,0.16483220891238373,0.575336828415224,16.62207800937053,22.217638666761403
SUB00435,8,6.1036336802506135,83.37633497725838,5.956654520473248,1.0011411540399646,0.1227653795615467,1.0,1.0,1.0,0.31947743013934304,0.5144490014872471,45.4973412398429,19.75744848593647
SUB00435,9,6.413969587867221,95.74481574017113,16.315868704531518,1.4858668410374256,0.052782744894233125,1.0,1.0,1.0,0.17640242125241912,0.5437739203733265,12.844869962622207,25.69052275517259
SUB00435,10,6.498878560179125,32.78610367052302,15.865532410375804,1.5493194072862468,0.14050417097073975,1.0,1.0,1.0,0.4203454702261913,0.35512979750898743,40.09387894531532,24.896731263862726
SUB00435,11,8.103143567273005,53.21825553604961,19.732037372791964,1.6868931665956197,0.2718789700708463,1.0,1.0,1.0,0.39290591249813384,0.5310452221158987,26.150841806282823,26.64129328113244
SUB00435,12,8.527286448196314,24.6077551797816,18.150149316609898,1.6005001747850263,0.1930406089821654,1.0,1.0,1.0,0.3042621853011494,0.4168396917612729,30.63104788669133,23.468308819971984
SUB00436,1,98.59021608348539,215.8874393248093,40.48302207560188,1.5642753446909048,0.047206615775747696,1.0,1.0,3.551773182014435,0.26885243286455596,0.34176447318933395,555.4320345435988,25.296750060207337
SUB00436,2,117.34859421953436,285.2067715034109,30.95637742137907,0.427977872316683,0.6520152399147758,2.0,1.9988999769532036,3.2829512568299775,0.4195829536979453,0.27838992509207267,471.42019225798725,25.905550830755054
SUB00436,3,101.67825309916071,250.70496977061313,44.47862789151286,0.5331917071203989,0.9661507603572268,2.0,1.892475672399316,3.737534087937522,0.4169976868867977,0.3136649627609187,247.74235985671365,12.957734265464842
SUB00436,4,125.1719917848148,318.13975937139327,29.738131783439528,1.3730384750805382,0.0824140315292749,1.0,1.0,3.5803101190366773,0.4376252389529356,0.515365894221694,611.1127404249488,17.438240889908514
SUB00436,5,123.79542500672977,257.9370741418638,23.25553067043546,1.4900110762891043,0.47724523046697503,2.0,1.599529743429171,3.3747431776189645,0.3778807441170392,0.2808923290019402,271.85594870290254,11.140666565872918
SUB00436,6,109.3337649356312,324.04262459596254,40.03455709457277,1.1841212823554044,0.3402237954175304,2.0,1.9621209748774953,3.5308190061458564,0.4004473144196161,0.26073186763125294,736.7245077869188,13.110976207604235
SUB00436,7,100.17970582220964,273.0285462266334,39.2641294626157,0.0,1.3025034183477961,2.0,1.5981509156714984,3.9547824438415757,0.5695309368178203,0.551558961493962,758.3776119954713,10.24953327560713
SUB00436,8,101.47463494258247,273.5557475099197,40.748804762289225,0.0,0.09297199447020521,1.0,1.0,3.588683497319919,0.2959402042751621,0.281426188360969,551.5297495253776,22.540557076311202
SUB00436,9,119.58544267307114,219.3717533051787,34.73203444813615,0.006932892694145876,1.4257282449021416,2.0,1.6068154055966408,3.1549495513018506,0.6223501451744079,0.45152759187332947,704.4677096649211,18.336067135031865
SUB00436,10,117.78286640178746,221.2212053304176,18.52891882535426,0.0,0.8746711785596986,2.0,1.3670264248110309,3.719328039464694,0.3798957109588339,0.33435614171687145,802.0553069035496,12.93414215794125
SUB00436,11,101.98279010261055,269.547058295491,31.862122701201134,0.0,1.107456550810114,2.0,1.1854112395095924,3.1060748331886763,0.42949714329591826,0.49479801906707166,811.5312787734732,13.570245967427814
SUB00436,12,123.31972925422586,208.1860449497682,25.612555754126987,0.30794368613537704,1.152780245901152,2.0,1.5061714354131117,3.384121747643852,0.2509298725756416,0.5052110976859481,958.6830966801532,12.765430669563278
SUB00437,1,43.30688406018588,380.07224203147604,30.78864619737746,14.728906001540606,7.036922217097299,2.0,1.11865722965145,2.542127174337797,0.3408269781856246,0.5918613463370542,107.01535999169595,25.370605115979178
SUB00437,2,42.07449311947587,261.6521880604703,48.95570134365863,15.593073716168114,6.162860956876281,1.0,1.0,2.1260075171794313,0.21341107858064057,0.500777705178469,231.20610990373902,13.768787218930838
SUB00437,3,37.88208179807403,210.11062055385855,42.35268776997499,15.523796440254868,5.330549783337739,1.0,1.0,2.4626137549129896,0.5069091035739446,0.5069901462288834,191.44598945638555,11.51014666674744
SUB00437,4,34.14984834156826,299.4734540284132,52.15988585841582,11.277819319571964,7.441034520639815,2.0,1.275542233076087,2.278125669611599,0.5471150716742331,0.27181694791584315,168.33223995128145,26.5702387102091
SUB00437,5,43.49100593479295,294.3283054947241,63.66308251859846,13.304793115828026,5.138862924196237,2.0,1.8501234594901965,2.087558145496388,0.40451559149044036,0.2760704142776321,104.65990814328948,9.546509531687672
SUB00437,6,36.16006337225926,352.2795578328947,30.232062245764826,12.72572046916946,6.752557168870446,2.0,1.9716917585023217,2.2827576694939404,0.37806824041751086,0.5450986095491563,166.69068631578648,8.297726091667405
SUB00437,7,42.18393810117308,243.70718315509248,31.821349933758093,14.31986651328862,7.810426246293348,2.0,1.5802016380843584,2.6686227228892787,0.47615481388086234,0.26725759592783366,124.85133242305969,11.15416019351052
SUB00437,8,37.11456246644626,364.65096597630077,33.97858334440042,14.983975717299366,5.822166483059551,2.0,1.8475359708896146,2.591839863995351,0.34901283642224057,0.2858272984363379,181.3537042248399,16.25714648478421
SUB00437,9,46.10842015929372,303.20592640903135,32.95855862509007,11.723281767963122,8.612670398923665,2.0,1.5728784194683918,2.532351244702367,0.26641137372947693,0.4095981596081962,249.87972566536655,25.32405179030983
SUB00437,10,44.47483504498758,226.06917745058428,47.69307269921269,16.22048940306624,5.195458130683626,2.0,1.6100540518984934,2.9543254737090963,0.4203899626367258,0.5252783162434682,253.89119377077915,27.267948913740042
SUB00437,11,49.453168220002176,431.8162097786126,38.29042721283684,16.05891917734099,8.231236436165249,2.0,1.788019814664307,2.6339876948638774,0.4562381952987581,0.5367267069219503,352.4548467861344,19.10816138148526
SUB00437,12,52.37378016660304,331.54734232119387,30.40521851008487,15.065252171736699,7.73073180846918,2.0,1.560790142616002,2.2329360020365154,0.6214583672764036,0.427041195423477,160.93546316495758,16.251792578486423
SUB00438,1,0.517913475565172,1608.3725189083573,79.26598171435832,0.10369113621705568,0.052849934717857816,1.0,1.0,1.4801321653432145,0.49539708057273024,0.3550965008230584,1.6637799298830505,12.079900280606614
SUB00438,2,2.1033279042065995,1390.7886413871959,43.116976644405526,2.7087957506231035,1.1062655088965863,1.0,1.0,1.0014188474200143,0.15290072340417918,0.36793885337721816,13.090733467872946,27.44913214878686
SUB00438,3,6.13999646677519,1554.436302477001,62.4564320424421,0.7490519625288833,1.2898270231103826,1.0,1.0,1.0921400524426494,0.33602882417040975,0.40010734974108236,48.548160632311664,10.948143937977383
SUB00438,4,5.6967291718100705,1237.431583867051,68.2651216009255,0.5743182383927203,0.9549135983429347,1.0,1.0,1.5072744515533762,0.3641538524830167,0.48934879902446377,18.26512797304689,19.877411735457095
SUB00438,5,5.704840679801425,1740.188481809569,46.78700031739276,1.7805720812266248,0.5425220359076395,1.0,1.0,1.0720036708363847,0.18035254451964028,0.31119238237446867,25.49797650969279,19.23239508948769
SUB00438,6,8.549036779771761,1692.7225539149733,55.684560494680674,1.64278235396902,0.28103129173936303,1.0,1.0,1.4465201844961704,0.37314224325519074,0.2641307425088075,42.22725180822208,27.150836126291914
SUB00438,7,11.130389388110077,1763.8638585124613,47.53800624676962,2.368555741254132,0.9824242588414813,1.0,1.0,1.0372531067269966,0.15739691273554496,0.5110869865714976,42.698195131771314,17.61473741031898
SUB00438,8,6.277583508933125,1400.1574458731823,51.6980998915746,2.9320547209360495,0.16353246596494225,1.0,1.0,1.5930849261178028,0.368010737692466,0.2948064356175763,37.016834128216644,15.054942564353077
SUB00438,9,8.147512074486322,1217.0241183009462,44.52468188204865,1.6454223546193971,1.4303705629542778,1.0,1.0,1.5062301708645243,0.213600826650718,0.4213986574043923,32.61816066486555,26.161633735099706
SUB00438,10,6.082320517879195,1711.4755745707278,63.07374836564638,1.8574809378570885,1.0566999989215753,1.0,1.0,1.053368395446975,0.3071743543846852,0.28541358777222176,38.362918237926316,23.63204885380389
SUB00438,11,5.865330286142294,1799.8334781862184,69.51669486153494,0.9428162631921786,0.4632799649514419,1.0,1.0,1.8350405427628145,0.154158618271464,0.4424101360806847,26.758271312628928,11.250758429382909
SUB00438,12,7.503439883998566,1443.0348953456871,54.81128608870488,2.97134200262742,1.225918517020069,1.0,1.0,1.2167982822397847,0.18774414843350704,0.4649817286669635,26.64641931722202,17.32923281706596
SUB00439,1,66.2038271742566,685.5664311093684,78.04872902641192,2.542317133955203,2.3755243579743595,5.0,3.107021007153992,3.952424460983753,0.33647519655470914,0.3349146381463406,528.8614639284133,27.585364242347453
SUB00439,2,62.07812721010778,642.9509887662891,103.5549076435471,3.482182187084722,3.0362061650091823,4.0,3.1924934774756824,3.5423870073351575,0.6325315479964885,0.43957401492205883,414.9579501912452,10.265899505749251
SUB00439,3,67.52442584443345,693.1261800328866,98.08848336284937,3.621521956838969,1.745420272954085,3.0,2.850135908929854,3.0912516387243136,0.4224227457919667,0.4509421130270421,432.29281306917864,11.971512852398435
SUB00439,4,56.73883551852958,744.7475282322874,103.53955169847087,4.901996991289859,2.7853729405045096,4.0,3.299512651360782,3.361389158138178,0.49808396132858745,0.5742133499895352,198.32513184295343,20.707899764070692
SUB00439,5,65.06469558143809,507.01470541042767,110.727831694319,3.233489371634333,2.88625279715745,5.0,2.6164170152451898,3.1085969295752482,0.6042777762924911,0.4772425427073166,257.73099345277785,19.17999579186917
SUB00439,6,66.26213119907473,557.9274484490162,81.17983686575383,3.0022365409279717,2.9648454073919774,4.0,3.092891958315274,3.768672842736237,0.30702331720858045,0.3054111408938419,434.89885955492,13.467042580995011
SUB00439,7,52.4753441985606,593.2265918748906,76.98564256786331,3.624070411972367,2.015400138473627,3.0,3.0,3.825324065004542,0.6147650938477948,0.3919195730947467,236.4734712114411,19.48185530113161
SUB00439,8,74.34715669784343,795.6270970740478,87.46292265360798,4.456485517435322,1.9009153716168548,4.0,2.686780266248462,3.96251671144629,0.2557058130459839,0.4980546531258071,162.32523303157524,17.237846408222275
SUB00439,9,46.587680000761914,721.2792372702887,102.74635198866284,5.044935919116452,2.6970725369048245,3.0,3.0,3.91591696419189,0.5137011889054789,0.37021164317718264,301.6219797871786,25.69449703076319
SUB00439,10,57.60483195418381,459.25037884147804,98.22593978762279,3.7272681818106412,2.80454521806159,5.0,3.3655399914382347,3.749779417621292,0.34739434157140314,0.5306655266305063,292.71331480373397,12.106385775504437
SUB00439,11,75.5009167574885,462.277375701112,67.61971215434077,4.108884128521166,3.020814750267161,4.0,3.2014317593304615,3.3052961325268093,0.5673132736069069,0.31363970308450984,588.8072453971506,26.67178841291516
SUB00439,12,63.70210555833314,605.2459431657555,72.4643568424514,3.5846069596164845,3.0654741021360365,5.0,2.6157849765945733,3.903545763934196,0.6364632181602656,0.43746997774894114,399.2071501160231,11.871196523231399
SUB00440,1,10.48845684733216,137.00669482588836,41.12493984547365,0.7795265464728832,0.6075018859726723,2.0,0.5016048448611381,1.0,0.2262262402646847,0.5242995607089321,75.49128582111628,22.94721672693972
SUB00440,2,12.180693824933694,114.80432114294912,19.110099889985268,0.7813855457523269,0.20965609924062578,2.0,0.9053721899331968,1.0,0.42631775470094246,0.5834526879284287,80.1622702957418,23.88655449809465
SUB00440,3,6.830944884478095,125.08786570145406,35.806925525443674,0.5184011139836001,0.5019374084604937,1.0,0.6222158364223385,1.0,0.3420419264383351,0.4564274627902864,46.21346689487381,13.69565813678582
SUB00440,4,9.041952139794626,84.39257981014633,33.192713812383204,0.5820730309565932,0.5983024687608588,2.0,0.8718632970888538,1.0,0.43169357172571354,0.5344163590056175,27.320478248882903,13.492576891968394
SUB00440,5,6.3671365790435495,101.0313862728373,28.710056389071564,1.2118447181571905,0.34090703985938053,2.0,0.9673561449195877,1.0,0.5103316778524594,0.5500549618996489,26.388445606730166,10.045795740722792
SUB00440,6,14.017322395157665,154.0102905865847,21.326151560170462,0.0,0.62808430931066,2.0,0.8577327691579115,1.0,0.5457179870314923,0.5225390125824338,111.28399145338723,9.27596019214749
SUB00440,7,15.999807925724598,103.82527004900919,19.33636876021225,0.0,0.41006854773233603,2.0,0.6395945495704793,1.0,0.5304976797597996,0.30228787003659857,82.40467601261012,15.177738757998807
SUB00440,8,11.735645286984866,160.67556231120574,22.82703748991461,0.0,0.36871986183100314,1.0,0.931962636979935,1.0,0.5392362887265133,0.2970965978051218,62.7537237965256,19.97524287628942
SUB00440,9,15.426995074092606,126.16141621740509,36.92087249680384,0.689162448369377,0.5868132865863251,1.0,0.5186180851273077,1.0,0.5427326066983703,0.45981127709887676,57.06717690641668,16.82985605518434
SUB00440,10,13.306735250852878,151.52354244657548,31.469375918444424,0.8286717615145628,0.18695316449937993,2.0,0.5690278554516882,1.0,0.27785962502830447,0.5046953714230802,38.74027530846018,12.340234894237799
SUB00440,11,11.457596447301214,90.62910448619851,31.699300813593812,0.19125027209323076,0.5625551136026814,1.0,0.7873575011810281,1.0,0.26729477786779193,0.5849006933407379,70.32762416380523,21.4346304191217
SUB00440,12,16.26104445222475,108.92721451080396,33.23414946385389,0.586648343254518,0.2682730061323293,2.0,0.6577584265171006,1.0,0.39480843710868496,0.31631219189599924,68.7417587326203,21.535122810775633
SUB00441,1,122.6025607419389,476.94696743511696,38.04694604991252,4.914150914674735,3.259056449761424,1.0,1.0,4.680020177555472,0.299438461248361,0.4598176249776575,866.0767626235826,18.82977904820571
SUB00441,2,134.27940177173733,307.81573232661486,46.036735551330366,4.141496404592182,3.6074087569306146,1.0,1.0,4.7365054965817075,0.2620488748522637,0.3224312124205535,616.6329142213623,27.348264820025804
SUB00441,3,126.90656964549561,445.4137863945887,31.454478583297288,5.162196482243926,3.920883102187852,2.0,1.91192438458425,4.323491515465639,0.47619368556956343,0.5899598529807971,674.8036293919918,10.612551837420655
SUB00441,4,140.4338790474196,363.26763862106196,38.812599678563394,4.881694969399804,2.075677681359734,2.0,1.2769958846328373,4.422843609396121,0.5806252483968083,0.3250203946974337,832.2263680493298,26.52005989304716
SUB00441,5,126.13399724700511,432.197673568973,37.3739221798598,5.930195194366648,3.826849993122801,2.0,1.5293264265257296,4.1673427818010715,0.36202395484552374,0.383555146501375,363.4412432704545,8.806950363285514
SUB00441,6,125.09031418642407,466.3300502304856,46.19365963778864,5.554293646312511,3.0153633354574723,1.0,1.0,4.446365018371748,0.38592497498524947,0.3770863820684589,323.0025249528234,15.88510123818104
SUB00441,7,128.80487099158842,409.54664284273525,49.48241828890593,4.977463963397419,2.6517992390389233,1.0,1.0,4.084802070799902,0.5118309914338575,0.5458148350038736,288.51368086228024,15.812458106981865
SUB00441,8,121.19833238212735,349.1068125508216,30.524935504949724,7.300507043301062,2.4361918229161477,2.0,1.6385351709173963,4.095853684222058,0.4681958117768704,0.41050484533905707,405.08217901962615,24.106895623711488
SUB00441,9,144.22389905864864,359.24412597551026,52.07408463884758,6.600484681063424,3.8057775983823463,2.0,1.9173201879284996,4.696296594239182,0.4127210493993594,0.5677583518110672,319.38346823181416,13.677139473050165
SUB00441,10,119.435519723107,493.0574237439499,43.96335140177644,5.191083926485823,2.1272810989517987,2.0,1.809692031156806,4.08333399615758,0.3829127723345477,0.44475241435905016,622.5891721322687,20.30633767000934
SUB00441,11,133.5171023865782,451.8825936659481,41.40648351974521,5.181968076416636,3.993627095439077,2.0,1.7397068323015357,4.87255536148829,0.3934728947858842,0.4354060123907626,550.4506760928297,25.83933905651505
SUB00441,12,136.67689400701283,420.6678085429002,37.250264763190955,5.640940087068912,2.483198272340923,2.0,1.1959915554023577,4.477221512588702,0.2734807921692921,0.3660749200052788,666.3044677008203,10.990287902512401
SUB00442,1,1.0975007984968066,50.533164075650774,24.769726377453946,0.0892516454996849,0.3368870365844324,1.0,1.0,1.0,0.2835292641987564,0.404520421826955,3.5385461594704157,16.49804632984197
SUB00442,2,1.2305795162594304,19.009392673753688,11.992704257612559,0.325161079735601,0.43336301692671325,1.0,1.0,1.0,0.26403456480343285,0.34140706732742376,9.2833711037152,27.13599085855636
SUB00442,3,0.6569147903060879,3.998610363556839,5.966907662511756,0.8316660479710498,0.3655476487507425,1.0,1.0,1.0,0.25525267604577884,0.36831738125246716,3.2656693768346536,9.036798074448136
SUB00442,4,1.0238715081521255,26.00734965439782,17.14933620584038,0.547443521262515,0.011355374383092032,1.0,1.0,1.0,0.18065110686214814,0.44397605677410074,6.5518830627403135,13.143585486505666
SUB00442,5,0.0,41.73361892475397,8.389975060978303,0.49337494109010727,0.307242534931442,1.0,1.0,1.0,0.3607932420507856,0.4303826325226733,1.0,8.381095599129749
SUB00442,6,0.0,55.343824705688746,10.346213375356443,0.7902960996930986,0.36498825934399803,1.0,1.0,1.0,0.19721722588164484,0.5473301501583978,1.0,27.905710695717293
SUB00442,7,2.053404617706555,20.18548354850288,23.454725030573876,0.9255526787816981,0.1750223691494206,1.0,1.0,1.0,0.3889517533023082,0.4598859702391885,8.197741656144613,14.281711642613688
SUB00442,8,0.0,23.982738380756963,15.125178576662874,1.2215446277167379,0.4853341019702105,1.0,1.0,1.0,0.3563555897145342,0.31568064442983773,1.0,10.455514851805509
SUB00442,9,0.0,7.910120833862374,17.439466919871577,1.27542447923548,0.28561374720900573,1.0,1.0,1.0,0.20578214224758756,0.4439333447119218,1.0,21.48569191815095
SUB00442,10,0.0,62.5321946912309,19.23214965939735,1.4962618758831743,0.21968043384172253,1.0,1.0,1.0,0.4642389984797616,0.40584186712791315,1.0,19.034277786986316
SUB00442,11,0.0,49.78696821475946,24.162806714017442,1.212779958720802,0.17638394279716657,1.0,1.0,1.0,0.3524109443902652,0.30979901027968965,1.0,13.759591645174666
SUB00442,12,0.0,0.0,12.569122597614102,1.457801216981876,0.012655048837940386,1.0,1.0,1.0,0.5380222230058431,0.29532329100926724,1.0,22.08831044702251
SUB00443,1,106.35263908241954,219.46234364090154,16.595889757437998,0.8265391651913704,0.2101324951982534,2.0,1.6481001118380818,3.3473524383489734,0.2877208111370235,0.2725974773337973,223.40432191752922,25.261186974324218
SUB00443,2,123.99988537022935,312.24634442598403,34.34785623320664,0.8874327949825487,1.2644636366467878,1.0,1.0,3.2646307031144697,0.5607460475401576,0.3722331787060058,382.1712642943256,14.168992445660296
SUB00443,3,104.53613250247265,246.6235637079103,39.81833153264909,0.060886021752259795,1.0950538703309085,1.0,1.0,3.108321185953798,0.6355269586949662,0.3736114641028376,737.2483606654586,23.5745257765126
SUB00443,4,117.2705855030486,262.0723767298841,41.228970268562605,0.4311901251660912,0.4507802734877743,2.0,1.9918601105594615,3.3206346885735876,0.3829328343256766,0.5107989794038486,573.8876914822064,13.597091945910549
SUB00443,5,122.57284277447829,284.44207578705357,34.34305909080469,0.4629975534067927,0.9933614041069339,1.0,1.0,3.0114748894238415,0.399180061269814,0.31821725108572396,610.6432131566235,12.226483859386104
SUB00443,6,115.71516790054082,220.0944550407885,29.479274221913673,0.0,0.43478063444239057,1.0,1.0,3.6565431527332963,0.40491346728506006,0.4362927417448519,846.9365574342359,20.683496348517224
SUB00443,7,111.42457008837304,261.8294624389088,36.462065698185675,0.3417915736862428,1.2543314516021462,2.0,1.5780459165849308,3.9141609914478526,0.46862207631859065,0.517830479137142,581.9770838117539,24.001309084710417
SUB00443,8,116.40722435866931,265.8715773682581,42.163660236950435,0.9378599545206772,1.1145761718829266,2.0,1.7121791580481553,3.983506728753341,0.5366143237077117,0.5165618147652421,721.9016553272377,20.766321339172933
SUB00443,9,114.52119729194514,265.76842710555655,21.365318454634536,0.0,0.24422431646967957,2.0,1.837907444178447,3.9164396034696796,0.6468461287742584,0.2556383467142697,559.7753790635649,23.81512788111023
SUB00443,10,121.72302276702374,196.38913760556923,27.130956095900196,0.5814081035429619,0.6887662180970274,1.0,1.0,3.462283036567218,0.29289208272752815,0.42690041644708765,529.7075478627146,10.575245381877307
SUB00443,11,122.43708200232558,293.967043882771,20.68136536619634,0.30128346599135947,0.09019736427674041,2.0,1.942790534754461,3.4260162473938465,0.48226353182585946,0.37431827210112556,337.3983624814139,8.440245811455258
SUB00443,12,114.2955411573744,189.70771871335273,37.23703549403295,0.0,1.3862581152531093,2.0,1.2687401880042293,3.08827154597564,0.4921765390757754,0.4138028213913859,886.4144431347382,19.85361716417794
SUB00444,1,45.92088613811308,284.739609493151,50.208123805454974,10.769737511247127,8.56877365798956,2.0,1.4316937887465353,2.603436583582912,0.3304888867202454,0.4811307528263984,231.9417755234869,10.165142972524682
SUB00444,2,32.4290413563374,355.3733904129386,41.959452400893746,11.566496688298319,6.321782512664669,1.0,1.0,2.1170714630988434,0.2642252230561121,0.5647822848700959,190.4136828513559,17.84778352298119
SUB00444,3,42.09449563444446,215.86640347309634,41.88553130226289,12.861748719282279,7.097884313057609,1.0,1.0,2.336825882702434,0.38845125101288225,0.32560083591338473,321.9812215036369,22.88091287597062
SUB00444,4,32.55962450078667,227.03153965829213,54.75487121411062,10.400585280998575,6.607895993623606,2.0,1.2518272418794287,2.7816052337591812,0.4908753420635643,0.4129017637400123,204.53504207650911,24.887221899700737
SUB00444,5,30.830045038924975,386.62274879720246,44.313345062068585,13.517074037187644,8.00322472154481,2.0,1.8321459713774946,2.0826909259684014,0.36073535903758613,0.3610673668816576,171.7632373397464,8.211953785616888
SUB00444,6,32.42573146315733,265.190073700392,31.59956211172203,16.19075424577351,8.531335125843215,2.0,1.4268304678534567,2.446703489640502,0.15657909351930624,0.4258563276750355,162.75960729200105,23.17643885078423
SUB00444,7,39.09222685813568,230.0071854487869,47.724110199026285,11.177179588748643,6.58319500939404,1.0,1.0,2.0522345480575295,0.4384476956349237,0.46581681407154285,304.09721748744937,11.325254762392355
SUB00444,8,33.26416701767142,308.8940655373705,33.2535660779925,11.177215601054575,7.830380841733961,1.0,1.0,2.766728456277491,0.2368593214150932,0.4481839733953238,118.98881562665429,24.682058090533108
SUB00444,9,30.470378386580492,334.0482653740075,60.29329869868651,15.95669473656038,6.9960303652190055,2.0,1.1027432588493873,2.400974820118248,0.5243428544160497,0.5205604169633038,75.01093431143343,25.1502755364789
SUB00444,10,28.28301451890735,250.8811590517196,46.82061001696711,11.660399469268432,8.825085123414386,2.0,1.9596060025486253,2.9573513985832363,0.1988496588851421,0.254748899326779,136.16691430208803,14.754951847248666
SUB00444,11,35.35089936277855,335.5417538779101,47.874840819171624,14.445307669708226,6.185442553789873,1.0,1.0,2.297973436476679,0.4104374443824138,0.38274886200238045,155.20668698768432,22.86592500958559
SUB00444,12,30.64907877839932,285.7366201446983,61.97123161594149,12.19653215248916,5.568743429944959,1.0,1.0,2.9384159050165817,0.5353998032556825,0.5664922338084246,110.29376582457618,18.132171302614964
SUB00445,1,8.40356173719652,1698.9387961558296,61.866235579052315,0.8635239416591338,0.5207348711950344,1.0,1.0,1.5923376701878982,0.3380445228131823,0.5574929973204019,32.07646400645017,14.08209787752519
SUB00445,2,2.92449864146439,1663.3384185279763,43.55373638593478,0.7310288034297384,0.9011000085509271,1.0,1.0,1.2549808735086638,0.22738826545957144,0.3980146226942332,17.7131771608337,22.365483769891263
SUB00445,3,7.952904126367527,1696.3865189961202,40.76876540163901,2.8687864340850604,0.11333329399619885,1.0,1.0,1.4676658444771356,0.4571674614512661,0.29090256446941726,54.65364718457175,17.699915861749083
SUB00445,4,1.620354922184883,1718.5044123356404,60.19971801390072,0.6576469716290133,0.37321159153939953,1.0,1.0,1.4481118389425078,0.17708531141895278,0.4371597546247458,5.377840558723032,11.377671964948185
SUB00445,5,1.3014656690209567,1413.5851178817031,79.15241909388598,2.409590272372483,1.3958379132936356,1.0,1.0,1.971378374499309,0.5330591307344928,0.5096791751449815,7.315233974444538,27.80187044301416
SUB00445,6,0.4862823726027714,1731.4906673674736,78.87982304054012,2.0628271361791333,0.1653738297931412,1.0,1.0,1.9888072368456489,0.35681238154672174,0.4650229443290701,3.888289593936126,23.055095246277954
SUB00445,7,3.35473604445698,1756.843006892964,59.36455128145624,0.9521404856371624,0.2388934926213101,1.0,1.0,1.8384838277250282,0.16948199796086078,0.44116382643926483,26.721463751465375,14.53161903362798
SUB00445,8,5.334954368230653,1265.4444056606014,72.08840125926086,1.8598352689083097,0.4284692859282285,1.0,1.0,1.0348207616419587,0.3449396118744457,0.5855549960312847,31.43404737155305,18.121642332074536
SUB00445,9,0.0,1528.3426922154472,61.82759788618234,2.626635813993108,0.5973139246083707,1.0,1.0,1.0959213398393732,0.29184580044252545,0.3854685008982407,1.0,26.279130553812305
SUB00445,10,2.1255928012486676,1443.585557820115,46.00148691648012,0.9677049857858415,0.9007283931224482,1.0,1.0,1.08865511674122,0.2123983916238427,0.31351886285829544,12.968246027695562,13.679142741413244
SUB00445,11,3.380485856500272,1761.179572573281,76.69347968928318,0.23462601207849032,0.4030253435792703,1.0,1.0,1.8982423646829818,0.3043076810522472,0.3379709106960431,12.44504099368219,25.515946212551697
SUB00445,12,0.0,1337.3650219986393,50.440957721548635,2.102484773475057,1.3510084648422964,1.0,1.0,1.0654218760243923,0.2188518356660024,0.43225930138874735,1.0,15.675804852810623
SUB00446,1,54.1647459562142,760.1653486436363,107.01836874773493,3.498782524379106,1.9976408165223771,5.0,3.111252694002366,3.790467227845429,0.5240751547437537,0.5662220956570345,402.93634018093996,26.919037691966647
SUB00446,2,71.66336618046782,557.4255423223811,116.1569793501171,2.8849820478179646,1.669737247021687,3.0,3.0,3.949092981837092,0.3500646432037742,0.5436772327488326,396.1972345383046,13.789602869862048
SUB00446,3,58.651386289148675,504.2791616565197,62.027008621619544,4.609799786937871,2.1873102069376236,3.0,3.0,3.4907745982434726,0.6288681146160804,0.523272628901265,390.34640854722795,22.182232033437227
SUB00446,4,70.00118595319267,488.6697471148256,106.98571023432955,1.8430546933144838,2.0079946458721363,4.0,2.7032161955077028,3.6773390906921497,0.5082127905576014,0.40030760766397366,245.6735977524491,13.577695476478354
SUB00446,5,54.551137951971725,541.1350161553725,90.11237737389072,3.9220203608213398,2.270770743122058,3.0,2.6149062996831356,3.4418933160416767,0.3257438912649096,0.26613786085645635,159.8237447397109,12.979916865546521
SUB00446,6,66.1826593566276,765.8141791808598,112.7276770221124,3.360137431496386,2.4002872959033597,5.0,3.089392088169453,3.7452641493863195,0.2759862507180272,0.5908481594711704,339.10287734300204,20.05327670250332
SUB00446,7,72.20948887728538,486.6628046634854,72.79931087891995,2.0359117901410633,2.2506365510829625,4.0,2.696470841033162,3.0692176724801397,0.2657061130423689,0.3467224709393348,221.65534543127967,26.030686198172454
SUB00446,8,77.61200512173242,587.2066764531926,110.02508478419767,2.32936021619329,2.060051841956182,5.0,3.212314564603393,3.990497513949377,0.26633493193720875,0.3749066294695782,298.6067480436808,8.843395118675856
SUB00446,9,71.66412006865163,685.1446748624644,81.96724609381963,2.270763177524815,1.7388157910751303,4.0,2.7865781309979227,3.477351656971793,0.5482582918993915,0.33985616728623164,240.12952423601058,10.213989427075019
SUB00446,10,48.6240530476915,667.8110364696133,106.06828669398062,2.9337264596997246,2.1243684685423676,5.0,3.2560580464753404,3.085116301954119,0.5050826861799498,0.45588386460513297,286.7370324082246,18.53409995475417
SUB00446,11,50.475211967412825,521.4620695280593,114.0800685455927,3.1067839953732683,2.5105286976986236,3.0,2.92613937203811,3.7969469316930153,0.44271840837014764,0.3326304645928888,301.8172748517609,8.37743034885661
SUB00446,12,72.95138760523339,645.6503425375818,103.28874016555586,2.3818070098819595,3.225861676035251,5.0,2.5146866613303227,3.7035186191052003,0.25477791231944347,0.36343273662285447,309.7500620544379,17.439215250502446
SUB00447,1,8.28165446315494,107.12318760939596,17.150327130039607,0.11252291334059945,0.439699337248155,2.0,0.8674100922015462,1.0,0.44530872289533185,0.43198862735058907,38.516873591293276,10.618183032633564
SUB00447,2,12.267297780426116,107.7821957995823,31.12938131730535,0.4570982045207683,0.22272432630859573,2.0,0.7188992489600361,1.0,0.19114784676337937,0.5578349689041062,74.61489359767462,9.987929434062083
SUB00447,3,6.906360332061362,127.73028194043569,38.301510348277745,1.055792600232332,0.17411451003337775,2.0,0.5310447742432469,1.0,0.22342125176534564,0.37848632704214735,47.67717351747361,15.564204808720099
SUB00447,4,7.693084649753716,98.15536505342138,29.47743459005688,0.40512817311116484,0.9784906687786326,1.0,0.9429467663310083,1.0,0.5372297550615187,0.33741808773458926,32.99712275450081,10.192199108084786
SUB00447,5,5.418098860154613,69.30705792461613,31.91521152429865,1.5444299523665996,0.294957489163032,2.0,0.8664533470536394,1.0,0.2920098705644552,0.5375381181881691,22.325230116242206,18.607567708586856
SUB00447,6,10.241129131578406,113.24391211362618,20.571310524000754,0.0,0.7473854962498877,1.0,0.8702945531853863,1.0,0.35284244916721974,0.5664387943928295,55.99789731857448,12.732704399237758
SUB00447,7,12.643112545787895,121.19848613012358,37.17576995532616,0.5051189225423689,0.6473127397151234,2.0,0.8224586884828814,1.0,0.5342186573915525,0.5105113027888828,53.62703378567009,9.203952666181978
SUB00447,8,7.322947735069214,182.20772726039618,38.104752846429776,0.0,0.7904429969781308,1.0,0.929196128178537,1.0,0.39680127244728636,0.4281205128629231,50.00843197622523,11.390615547064835
SUB00447,9,5.311873446062117,132.32555760234425,42.189293280522215,0.9118247393439577,0.8495390667483914,1.0,0.9323037136692571,1.0,0.4709583604801747,0.46088683077869785,20.123441850323893,21.84508012223847
SUB00447,10,10.560522258902875,155.5292398077054,28.022199855654662,0.0,0.8140399925641825,1.0,0.5456417072258767,1.0,0.29170855502525617,0.5565390641513512,42.116283768428275,26.80746230776836
SUB00447,11,14.262654821058364,116.18438116152706,26.095115295198102,0.0,0.8645884004540443,2.0,0.9705848861424113,1.0,0.479556963422042,0.5244153869056625,58.517742138071334,17.253675815250624
SUB00447,12,9.366628031402199,133.31347303222927,21.17103014762499,0.7720792279927096,0.7266325507492107,2.0,0.8480472255731273,1.0,0.41229507656949493,0.5828375746815289,21.306899704002088,13.92042897032276
SUB00448,1,122.98348979654263,299.25593888123854,46.67337856720158,4.740934970041162,3.8995780209878506,2.0,1.9214030124847299,4.1365920987830584,0.5052067403777005,0.35039758521526587,397.9519931929165,19.23029623820571
SUB00448,2,126.4751832711709,444.3786813857049,49.77279395407996,2.9936716358529947,3.2226749100517305,2.0,1.8058076790281117,4.871438585182377,0.5199712908655062,0.2993694909799874,463.5426847095222,20.13780928848383
SUB00448,3,129.33930240701312,392.1527757015113,31.477675503532385,4.302013723060531,3.8740300002637102,1.0,1.0,4.298805740727474,0.35880170982089465,0.5601092911795871,387.2726601582445,9.45475781792122
SUB00448,4,133.28893296945117,354.5125674656012,53.31608088113799,3.37920264872355,2.759022698558213,2.0,1.007374536665806,4.612170207631001,0.5923670837064245,0.41733471670530975,330.73565964541757,11.799723008914306
SUB00448,5,130.044517327738,356.26502835266905,43.88560922059144,5.669487325921175,3.5520001007536584,2.0,1.4449656230376045,4.482865114998785,0.49722875621596363,0.35960388322227416,386.65668813238614,27.356917892422498
SUB00448,6,114.57139219313635,440.11586599742145,46.525954549031376,5.556397532397191,2.673824223706222,1.0,1.0,4.278618486400208,0.29570760851255695,0.29630528385334165,621.9165836662075,17.077488795675922
SUB00448,7,132.4792294251844,550.7804958965077,35.30276150477936,3.72452543857678,2.1670247832130336,2.0,1.947402756657199,4.440834280990387,0.2887246789250165,0.4912637328738104,481.1713923463329,26.984201454124758
SUB00448,8,138.68871369838584,280.8036857505977,47.114626484686724,3.0076838663655425,3.839896909685663,2.0,1.6792255207694993,4.332440001480694,0.5121897291779253,0.4344199089814149,384.90598200514324,8.149488152654415
SUB00448,9,135.6924730069445,395.39337697096386,51.16138504387372,5.3585847860373415,2.249174702104103,2.0,1.6306953075629411,4.413418701640269,0.6278072368956007,0.43653568970233925,599.2807614244912,10.519553357713114
SUB00448,10,114.13855392739164,337.2738062548427,54.037392693390345,5.255396727465115,2.338878657761895,2.0,1.7069561466516223,4.3155556961102866,0.6122412899880758,0.2866227281226341,841.0491998007165,21.220413642624315
SUB00448,11,127.62261556822213,287.6582199061492,42.69842077530617,3.4619234068673355,2.3682492215631714,1.0,1.0,4.649881080515338,0.47080328306396235,0.4223588631044015,362.40312430460887,23.005730173018662
SUB00448,12,141.01632161009178,344.1493781286452,48.648934939543125,3.4982149412193064,2.680029987307689,2.0,1.2756976833142804,4.586282294504361,0.5904920704931368,0.4553343007485873,417.8920507719715,10.825813422712102
SUB00449,1,1.388540179507967,57.176858018391876,9.148461425196162,0.40729908614008037,0.16920537423113907,1.0,1.0,1.0,0.5298931758985792,0.3966153789583764,8.085557659768615,26.373636401656462
SUB00449,2,2.451567777001935,90.33508350115159,13.469872917889287,0.0,0.45722411154233755,1.0,1.0,1.0,0.2389256925379723,0.3381289555308105,9.840810680102802,18.209323870491083
SUB00449,3,5.119817862100425,8.607267142558872,16.848987796907608,0.5667767205022247,0.4074311926379809,1.0,1.0,1.0,0.5095427747162674,0.32158403377555317,21.696912050330578,17.874429689621948
SUB00449,4,4.023421202253102,37.13524247810176,12.420081661838818,0.7217761952139197,0.06856264583918747,1.0,1.0,1.0,0.23067649330460593,0.3913861497153204,12.680817882891361,21.97273375505123
SUB00449,5,3.6701172600633734,3.5111701338816914,21.140547994173833,0.8096997823336574,0.1915576204078504,1.0,1.0,1.0,0.3727535092282364,0.3211245789984722,20.844943123192422,13.145689854228872
SUB00449,6,6.717707763984334,40.25443279293507,11.30799824978319,0.8623430797004838,0.386338397017083,1.0,1.0,1.0,0.5368043257276516,0.2827564105796416,18.67141522836447,8.305823673805918
SUB00449,7,6.375681991717223,6.9320829240030974,14.215341386461205,0.9841417640999278,0.315290051633373,1.0,1.0,1.0,0.15475645482126166,0.39402874306153113,28.622609258012808,18.89769143699447
SUB00449,8,6.225388978134293,34.40430204298505,10.70342889291732,0.969181181990217,0.011455460604863132,1.0,1.0,1.0,0.1868123887148379,0.5341910217208885,35.813039385378346,15.582498825922546
SUB00449,9,7.208067850677316,77.6521301591117,5.993206209080794,1.2546994266940694,0.4109864446095333,1.0,1.0,1.0,0.33058729139265364,0.25178593504336666,41.19851162934757,11.033634880807467
SUB00449,10,7.344781014800402,4.494552526744172,9.423205468499598,1.5433620294754382,0.12617377770367283,1.0,1.0,1.0,0.29121164710206465,0.51875335391893,42.803821963105236,14.572309156755523
SUB00449,11,10.205583473988606,16.048376150975233,16.142249466174498,1.5223505166414868,0.3278442987943959,1.0,1.0,1.0,0.4666826486302005,0.5788468172410381,78.19332426940952,8.722778025584441
SUB00449,12,9.055494736241483,0.0,18.35570279724144,1.8131250317688978,0.3215794065283618,1.0,1.0,1.0,0.1570776380758412,0.5565219437818874,47.20797847379838,14.629368492645991
SUB00450,1,104.49263371526486,267.2950032390357,38.88088686386427,1.540219233119756,0.025524368447316537,2.0,1.2318194597564487,3.8415831673597642,0.40171849159821116,0.5007242532031284,374.881409649976,26.83068654420932
SUB00450,2,120.64704193773818,157.39941890369835,30.848880438386427,1.5797780627214433,0.19526904303385462,2.0,1.933795445926482,3.9448192518484233,0.6224024656945899,0.42822736129696337,919.9480697917866,27.632244990147722
SUB00450,3,121.82263534443474,192.5849870640904,22.879634176194056,0.4827152415107224,1.2928209987055292,2.0,1.579882224674361,3.0776380700043315,0.3449520765957045,0.2888332389551921,667.3945685870875,12.923154790220785
SUB00450,4,114.80999088330167,230.43672277735794,15.922596536361514,0.8715528448329706,0.7235339509447595,1.0,1.0,3.537786116242022,0.6365177760279983,0.4712859870419561,365.0738480101939,11.241700647577197
SUB00450,5,125.662353946184,200.16130212088902,34.118566825088806,0.0,0.5540675505958643,2.0,1.52676043925868,3.5856248243985425,0.5730557245300566,0.5321657051155695,725.5426473375204,8.754499334996009
SUB00450,6,123.29751881814192,287.8751194770503,26.298772841363853,0.0,1.3688053720558526,2.0,1.4901739303549657,3.821004730183449,0.5985774052390876,0.5300076890468658,983.548992091908,27.18269565982589
SUB00450,7,112.35372171735914,322.36232536565115,29.437274569888828,0.1499243939211875,0.2091683648238536,2.0,1.532806728447361,3.454027740332296,0.25053612699807604,0.41593060060619114,234.6472731924361,21.800497168297518
SUB00450,8,125.43485579826415,178.25291503485394,22.997161481377553,0.41044861795353493,0.3863929499899145,2.0,1.6779488249059695,3.686040655360443,0.32295534412475724,0.2571642702497454,849.9856198489456,21.20032197787347
SUB00450,9,109.84653184297352,280.3172720125061,28.395357359839778,0.6654526840862702,0.7386169563112275,1.0,1.0,3.062918162122612,0.2831447308883784,0.25753316421415734,866.8167556502759,23.163279472715367
SUB00450,10,112.48137291528502,242.32763319733297,25.848343512638188,0.6528529285320794,0.5789703779420063,1.0,1.0,3.913661695216395,0.3044437560947404,0.5073747073565364,439.33660854999295,24.197634767375344
SUB00450,11,101.79237906647462,223.33124017598718,29.590806103870484,1.3341537997521935,0.08728522874303313,1.0,1.0,3.96006406240176,0.44815120846667,0.4401379565656704,355.00379976337484,27.925200968327736
SUB00450,12,106.02718863481556,219.17448852730743,17.212371866911113,0.13623188695779465,0.18351610770811144,2.0,1.453055828755484,3.4543106882394037,0.40203415090481787,0.3593375863667332,230.29526799821363,19.863948000899253
SUB00451,1,36.24860663652627,301.097336702966,38.27680434459637,15.47363565729187,5.186306779706795,2.0,1.7809538596898467,2.264628375771472,0.28216148052689116,0.5144062785544729,211.92665068553939,21.19873327818018
SUB00451,2,37.28578827142561,368.35155602637644,36.89390013761579,11.572136658305565,6.218546655159316,2.0,1.673846862006171,2.649849611668028,0.3699246818741629,0.4645708139749006,292.20063200985254,9.369093186201582
SUB00451,3,44.12504183371894,273.51153335597667,49.19721148233691,14.593510300868896,7.649088126488963,2.0,1.532714639294968,2.360963156205026,0.2252816950658929,0.2968862702495175,186.71641899916466,8.561567252731392
SUB00451,4,44.73534575361695,307.95371520732635,62.35402473143902,13.37209925855211,5.784512751085581,2.0,1.1706887355183855,2.4141837485413884,0.5478286244024527,0.5988294344321752,291.39657467100625,20.26395997579763
SUB00451,5,51.064231126637345,374.27896382287423,47.03896528837663,11.831985813215613,5.641147911450188,1.0,1.0,2.315804527175632,0.4555121119482607,0.3804460442178619,175.39412206570984,10.12653471885984
SUB00451,6,43.99685994568845,207.73986143487554,36.53479900622585,14.298466689765906,6.670282742237491,2.0,1.5057038439099348,2.6570334740692854,0.3640859952555383,0.5759076486973423,121.92306563012603,9.101588412114054
SUB00451,7,44.616714575981256,385.099119046794,35.886385307841,11.764851966839993,6.14984248771113,2.0,1.4243448720181204,2.711861417922567,0.2926116691958991,0.4821609185403545,352.5741983894521,8.85832323303866
SUB00451,8,33.78248516648506,373.601043587805,46.28728024338922,10.618975123828228,5.01756481431661,1.0,1.0,2.7808215403103214,0.32617998102226775,0.40303135819997576,204.89534730178138,26.712285989693168
SUB00451,9,49.32761468236814,412.24799946437446,55.08892637875336,14.834294017477188,7.280598671677833,1.0,1.0,2.3341216964048117,0.30928102839895805,0.5466312599570351,227.00557128091847,20.452043450921238
SUB00451,10,53.32988071821329,328.00911685656064,49.25994133099944,14.859527923102199,5.631293269143034,2.0,1.4170447926576162,2.9912886441100026,0.575375970945002,0.29793632638228446,226.11240554714206,11.142811835179735
SUB00451,11,54.253852081022444,289.3291250078229,45.87506060034474,14.20813446894551,6.052284739791562,2.0,1.3096118350395436,2.2832205234109755,0.5230076168035253,0.5599605874277664,230.78118095879168,27.442072093814915
SUB00451,12,39.10172940965787,262.1205976127046,53.761216226808315,10.841242910800563,6.960465887037378,1.0,1.0,2.934691315015274,0.15159058265632294,0.37846412060735235,222.90611013896017,17.773700122031208
SUB00452,1,7.474544176663879,1213.2957958330103,67.53726432553202,0.5432952519329498,0.6679227344749232,1.0,1.0,1.4515422115907053,0.31874686388488904,0.34856194991825146,38.152039309345774,22.611589663368676
SUB00452,2,8.689989911232383,1587.147590044097,73.18403940624981,1.0280193404784341,0.08435035980195477,1.0,1.0,1.0078219208598007,0.15004285613452795,0.3116355846345161,27.61609273876165,20.87977034326481
SUB00452,3,2.527215669746947,1554.1780928913886,46.78775875653896,2.5136431572098368,1.3395336486820328,1.0,1.0,1.4822295760370197,0.4385390265164819,0.3363476062208036,6.029652773121026,18.395062282769835
SUB00452,4,2.9091479023458815,1520.2150513521983,68.78515523745222,1.7973734946077644,0.8443227222673009,1.0,1.0,1.1135264765552553,0.21848963940533245,0.35683709250701495,18.91157697054598,19.874523402202684
SUB00452,5,1.4206225873505147,1238.6945000890541,75.51757948853913,1.2230919249084822,0.2836355548714391,1.0,1.0,1.848307193542913,0.44227882234396987,0.38161780459284966,9.279145037380028,13.657885156688565
SUB00452,6,4.905455508006046,1292.1746209810135,49.86397235774166,2.977805995407565,0.4381458811341603,1.0,1.0,1.0253443981696835,0.27046802676486037,0.4010402319627671,10.177435704435538,23.711879265058442
SUB00452,7,3.6921081831851823,1567.0276873648402,58.05418839843759,1.1487738680182562,0.23724923136713866,1.0,1.0,1.9947352706468044,0.3059302669737918,0.2675645608018412,13.059221603596887,26.583750420085924
SUB00452,8,9.349539638204257,1785.0889747293343,71.99656136368866,3.0155096575672165,0.5796063835611114,1.0,1.0,1.3189545749703164,0.2909761639595305,0.5908242601972413,57.71755780080816,18.429734011995187
SUB00452,9,5.468631092319754,1705.5175530816375,69.65932059940418,0.7523633118200996,1.1081210683886666,1.0,1.0,1.9918688783453526,0.2834536066328025,0.558253790266696,16.835300703784494,15.538911067594205
SUB00452,10,0.9391518613368242,1468.478436126355,66.74636975236389,1.850959287187883,1.2482569898396696,1.0,1.0,1.8217317773879185,0.1711541503852471,0.36070433228891596,7.258411495700227,9.93363589678711
SUB00452,11,6.076298297881516,1248.4195570030683,67.55822499759338,0.7946984202283227,1.1400941450030502,1.0,1.0,1.9073064620694327,0.16882005301565806,0.3479136310818296,38.69631436421457,19.31800150769175
SUB00452,12,8.243663688117392,1767.461567627246,62.12110572816866,1.0530254561162544,1.0165746955123103,1.0,1.0,1.1045203067311282,0.5024041227974946,0.4521966799901598,56.20274945892095,8.300812466628642
SUB00453,1,67.9388814385689,707.458388597246,74.54707621707746,4.4077366475107915,2.485220599608401,3.0,3.0,3.845003190577319,0.4188955632344682,0.5662234511356823,429.10807433657226,26.213436398898537
SUB00453,2,76.56123059746625,772.605316912295,107.70954214231827,4.125109309712846,2.908123408459887,5.0,3.496918672446583,3.8689685131256244,0.49496658878113375,0.5127223685490321,270.38105889498587,18.970719898302455
SUB00453,3,80.0877218691434,774.8683379480553,77.35927725147322,5.169426855943112,2.443938886669123,3.0,3.0,3.52153109995435,0.64311446380848,0.5213102808668999,370.7619591559362,25.789137158967616
SUB00453,4,78.56090611200023,785.3973765929767,73.16077836607916,3.853856338755015,2.5250148343717767,3.0,2.7040854233069203,3.3940152045148726,0.5522564762467987,0.3311067119581401,195.45405269271146,13.344375523040075
SUB00453,5,61.35849502784126,575.5515503961377,109.47280081428222,3.617187746931858,2.855634915294325,3.0,2.7901206611259033,3.14651783809649,0.4619502165705057,0.3446515732198457,258.9788268637047,22.98560433735331
SUB00453,6,70.14583375439105,488.3797730515706,83.3087904239615,3.3761334178741214,3.43494510500952,4.0,3.1017549631891095,3.8887906745349827,0.32964147153651574,0.4466375149403267,241.63631809486876,21.66597012049753
SUB00453,7,68.50085307740156,666.6973625596752,89.16610018345685,2.6944576810796352,1.5867595034612858,3.0,2.5132748661988966,3.7618610176841094,0.38148816648913986,0.4779230393814887,419.33442521906653,17.987060184810105
SUB00453,8,50.36866610179189,584.2533197063937,104.57243777885544,5.395395920259965,3.038117813297468,3.0,3.0,3.24422651796203,0.372629206532912,0.3407673986213976,166.8304393964762,19.566393191026517
SUB00453,9,66.45618097063894,665.5527344486966,64.68023912161908,3.8824494914420296,1.836842343163756,5.0,2.601895159106207,3.2025901046502088,0.27060421779019994,0.5495769325455857,225.2831725422189,27.34502272910103
SUB00453,10,80.36184150504396,753.8677900502393,79.9505921205506,5.707130840457132,2.869943794477474,5.0,3.022276286791617,3.774045077037333,0.318200856101331,0.5956578932746667,546.719351353004,13.358593159108233
SUB00453,11,70.7263674653081,733.8392011730898,68.40002601233446,4.130594350174817,2.913690433859708,5.0,2.9800046710476975,3.682252218084119,0.3899380355870088,0.37589244934496846,233.59598960553,26.189596820498657
SUB00453,12,53.030957317371005,499.56383235313535,101.68228703720105,3.7313301386074254,2.7492529687552976,4.0,2.9309829167669257,3.0753392709478575,0.4341142725495335,0.2967905114503212,270.97332695856585,17.58746845100324
SUB00454,1,9.980332244318461,94.47111637531742,15.593854461071965,1.750960704566162,0.15093523516709784,1.0,0.5640430339229348,1.0,0.23847913842634041,0.41890474989146753,31.292357143262674,13.100666916203526
SUB00454,2,8.343658982505703,118.2759539000325,31.59757820181383,0.3549690334975976,0.22129429186170213,2.0,0.9265716926338987,1.0,0.30789143480190306,0.5433724793927172,34.877736961684306,15.039331577240448
SUB00454,3,4.024740255040676,59.75597614331039,36.95434205935473,1.878026277034671,0.25142145913418557,2.0,0.7355317844016701,1.0,0.37379265326190203,0.26102782001482716,25.967703018379893,21.289669287781713
SUB00454,4,4.728675570608251,153.96681811197547,31.949548747773374,1.1535424567266153,0.03794261116859343,2.0,0.8866206545338002,1.0,0.3229721778370023,0.2899700960033809,24.555035015838094,20.162969533523395
SUB00454,5,9.682932428494782,106.93585748332237,30.788925206997853,0.30018293963236126,0.7104626513677904,1.0,0.6690764970929185,1.0,0.22874567867895923,0.49193139489239296,40.063877878606554,14.488390259240248
SUB00454,6,5.465945309418686,111.71943286253556,17.093326864692628,0.6928619355748349,0.45884878701346943,2.0,0.7931435903956361,1.0,0.19868496955221318,0.5295661142906642,37.05137517721956,22.608898904934563
SUB00454,7,3.364457875796412,123.02307474068095,36.53863675231484,0.6029624607653914,0.6240869133185766,1.0,0.8861495735188827,1.0,0.3957460203380679,0.28785855301287483,17.434180524385095,26.14790943751435
SUB00454,8,4.401350398356329,140.67554133406344,21.30918625115998,1.727892478809494,0.24304204030558485,2.0,0.9203110503070769,1.0,0.27457441336515614,0.5352798817541535,13.169789891824895,9.230872000272253
SUB00454,9,1.9948313586131092,168.5072392393788,42.21050137360598,0.0,0.4889008119857021,1.0,0.674004560544068,1.0,0.4373159833995047,0.34347613937780563,10.520491788811299,8.153272699229326
SUB00454,10,6.798514429765635,152.68017060356746,31.540440055547673,0.29452092861122525,0.3852860361507664,1.0,0.7496913282623329,1.0,0.37309204777597105,0.5392610723457325,30.513832121287273,9.002493532334928
SUB00454,11,7.922115138080555,164.548449819737,27.904410552234594,0.24488656610076287,0.20982993015746332,2.0,0.5438078567001359,1.0,0.3755130525245828,0.3464194404506966,24.111918207924894,16.9275942070673
SUB00454,12,11.572741550044212,110.77914750677834,38.28764646469101,1.390414567173002,0.295281722872931,1.0,0.6717632723881323,1.0,0.3424909886727904,0.5867733145119176,68.01011258725187,20.28725482377617
SUB00455,1,111.97342454486989,431.773669539691,30.88747646209263,5.819440820934923,2.2969944529920636,2.0,1.987930255715602,4.650528053502403,0.6115216667831418,0.30087272806808346,758.4232330520589,9.8364263862446
SUB00455,2,115.64673664209738,494.86960136769795,30.944827439569018,6.704353237049841,3.2307195744017383,1.0,1.0,4.963877855438175,0.6173915537328601,0.3379356143019152,744.8294547675,15.723550147664426
SUB00455,3,112.29379664045743,310.91100312709926,30.092594717277265,3.3183669739482826,3.880589251119564,2.0,1.4635628015475883,4.483294366073876,0.42736480715660996,0.26253548839516694,455.1523312842368,18.515171757704138
SUB00455,4,124.70694489956915,370.3670415463691,53.76773250614267,5.85921253444671,2.572225276750447,2.0,1.2171584983764325,4.117463126243779,0.3563264753843315,0.4382665374685049,255.16724701023404,11.923606220046658
SUB00455,5,116.92562999288204,518.1698875206943,34.98881903151999,5.165333679269759,3.1956946131541777,2.0,1.47799713712303,4.957076910323686,0.35363268280977356,0.5387186819172696,745.8276270394025,18.944247424928903
SUB00455,6,128.61180801032572,464.92252022688047,49.718850770595935,3.582757572977429,2.8690769414035007,1.0,1.0,4.291880914079219,0.570942777078411,0.5586039310242233,634.0719282937699,9.279062996081946
SUB00455,7,119.31020431746003,407.1855069668791,39.46092156652671,2.4417866721237127,2.595181966794194,2.0,1.221993678165492,4.349874656220873,0.31255398711107496,0.262826584595303,533.8697777007043,9.97413597208488
SUB00455,8,118.42799533816721,317.5056048475449,39.71753681986867,3.893447521616827,2.689635404911532,2.0,1.8856285677435278,4.192446886813558,0.5237508593411939,0.513475007357231,383.8438708870431,11.182115990116106
SUB00455,9,134.99481664112594,405.8931627555769,40.633442239761,2.965282132654006,2.6290165109427313,1.0,1.0,4.676747704030467,0.5188086933312778,0.5475069216949668,527.3293088473538,17.749033369426687
SUB00455,10,133.28014150696097,354.3527637002027,38.210677876578174,2.725039959731973,2.104696040446446,1.0,1.0,4.611242688288057,0.3823797752838637,0.5304057464028443,745.6929915177282,11.728815450580443
SUB00455,11,126.15313266817634,300.14710885555587,40.6052355814092,3.9502432071964497,2.5281545068814797,2.0,1.7383635930736687,4.939036872138639,0.5429336765051146,0.5466754411722832,276.32806674033714,25.286330018546668
SUB00455,12,132.27098665181302,485.4934230869192,31.274910842912647,2.779780247036364,2.6007890354464243,2.0,1.6831379024036748,4.379645497776847,0.5803525993684616,0.4525443357885341,1051.720987945944,22.32018671669386
SUB00456,1,0.0,46.39037752097475,16.03325507199627,0.0,0.4097683167216444,1.0,1.0,1.0,0.3589381009262149,0.509032439351718,1.0,8.3651049251514
SUB00456,2,1.6633970624681056,65.86546697621098,15.085101621033093,0.0,0.3458122212914282,1.0,1.0,1.0,0.2039050739764519,0.49603387388147296,8.709450093659763,9.550831800924763
SUB00456,3,1.634685341342193,16.523430670680312,14.159304859301763,0.0,0.09291071468656381,1.0,1.0,1.0,0.16950876640689655,0.48539741374618733,4.328305397589209,27.312899611623834
SUB00456,4,3.800993153901751,48.36235523542106,18.690452777321106,0.0,0.0926869701312158,1.0,1.0,1.0,0.5419337633022414,0.30246808181609885,22.69013638385978,23.95482056178438
SUB00456,5,2.3015914243784996,59.861583851243545,7.960812255239713,0.0,0.02957204336951419,1.0,1.0,1.0,0.17794292623285415,0.5877395641769364,14.536302658466262,14.24668626163923
SUB00456,6,0.19786900170376942,52.48555529477029,16.33808588515273,0.0,0.2096712204002713,1.0,1.0,1.0,0.3371107665332065,0.43550244643451563,1.313955065711151,11.648360833965164
SUB00456,7,4.302293828476538,24.98886577265312,15.40826474904132,0.0,0.11630666449539356,1.0,1.0,1.0,0.2179611139671197,0.4691532853163454,15.643472212181013,15.565537465473419
SUB00456,8,2.857445166822018,7.062338809031177,16.25286826584629,0.0,0.0984144708708376,1.0,1.0,1.0,0.43524225326664046,0.4298777306020236,21.041859373338813,12.811913052649441
SUB00456,9,2.786636997149645,67.81041166654273,13.53959733787554,0.0,0.31881130658149515,1.0,1.0,1.0,0.3907961241935818,0.460566647301378,9.410502396719082,27.241902915142187
SUB00456,10,3.1867293381824124,96.42341073680655,10.054727081217125,0.0,0.03960264182707557,1.0,1.0,1.0,0.3048651157812088,0.5131525960079366,15.61168451458334,27.222833387723945
SUB00456,11,2.90566751289546,52.425811665555656,18.631895402940142,0.0,0.28151941660422214,1.0,1.0,1.0,0.45273425626168196,0.42370859913233105,8.823877305836955,18.634637086160517
SUB00456,12,4.078392098094935,36.936501692353715,15.069270387560884,0.0,0.2893330624263922,1.0,1.0,1.0,0.31070816068444135,0.28181430347279585,29.951820095007708,26.597371213766284
SUB00457,1,115.03353120250556,329.70531989072396,25.68113425994462,0.8303318156808761,1.2384022322188355,2.0,1.2495159655387287,3.8361337162769935,0.4342302570317659,0.3462656753090833,313.27697063777407,11.677169357061194
SUB00457,2,106.15561813578964,318.50501570438064,39.70084221165065,0.6634616849351166,0.6354198956117763,1.0,1.0,3.5624975898552877,0.3725379625869506,0.25035289808087585,290.9954617969227,13.203358346216287
SUB00457,3,99.70678046170806,220.3990627138582,29.236725753382437,0.0746883987099291,1.092961077790499,1.0,1.0,3.6929919124622073,0.5358418244775367,0.4702392999332248,540.17424159884,15.175340394523237
SUB00457,4,119.51474960665878,186.2330133379593,21.973392127210538,0.0,0.6572662006750011,1.0,1.0,3.65413897589354,0.3094953761627873,0.39681112245883704,727.6721773282592,10.418206927634712
SUB00457,5,116.01801977490041,184.07852960009603,33.85524402971156,1.0881666476236544,1.0724720487438777,1.0,1.0,3.7928946352982957,0.5373886776629766,0.26913992761055866,565.654853918915,21.420572355003806
SUB00457,6,98.07128785041802,186.06023629463542,37.77706884817046,0.9548879712173836,0.20288232644250997,2.0,1.7269686000845623,3.043725459053077,0.47107644849917185,0.42594756703633674,577.2875272870584,21.7805629643289
SUB00457,7,100.25077920250945,289.40857319742094,39.43554129432783,0.0,0.6944174939720205,1.0,1.0,3.696857405792821,0.5957050540806726,0.398350589479495,691.4852697702981,16.808379502851018
SUB00457,8,109.91221158576504,188.67916020007323,32.574932049390014,0.6231449754851133,1.202306721533655,1.0,1.0,3.965867718611562,0.3049726764700332,0.44999985288001965,802.8778260446372,17.13568275649456
SUB00457,9,125.16183419098074,191.39085987058166,26.13183250026608,0.0,1.19885006460855,2.0,1.0884213961824076,3.7688929514717247,0.49424678876030825,0.2955614691172919,582.2883983666673,14.3468123313894
SUB00457,10,122.18027852243812,261.67577139215064,27.833640896976334,0.7032468743819225,0.47308225744267135,2.0,1.7280075983589651,3.7443258495986433,0.30249254993407304,0.5748803369545501,521.2715486182325,21.00898948080581
SUB00457,11,127.79034841618693,302.85287168312004,26.243991249705466,0.0,1.3172269259464882,1.0,1.0,3.906974430754146,0.3597693841796905,0.425362044866471,793.5661272218532,17.41561454306098
SUB00457,12,107.26015239414896,250.18545536291424,29.72565210708798,0.0,1.2148934554304849,1.0,1.0,3.822800686065788,0.5373727622464471,0.46361418807168775,675.4034003959541,10.16618312517152
SUB00458,1,33.0401125008462,281.6197524167735,42.89149207564949,10.638749751054581,6.589322980307143,2.0,1.9459357962778743,2.954898256277193,0.26440627191621935,0.2627165266867326,145.61523781488734,12.615992931854429
SUB00458,2,44.928371593342035,237.00478420490634,58.53966103812306,10.280742866727616,7.438873519036928,1.0,1.0,2.6193788559290008,0.3523636481549578,0.5241465711318438,108.96955761745188,10.149153285365822
SUB00458,3,33.4315496090016,259.1459736468706,39.44826800975779,14.588635195852033,7.269751549990472,1.0,1.0,2.35528979910391,0.18922825765340595,0.37227439416129854,99.7158626753094,25.80196330958515
SUB00458,4,49.24354453472615,351.018787956527,57.22036949413505,10.665471952756848,6.7632267001121695,2.0,1.33431855861267,2.917329581391799,0.23886063885249031,0.3135160127329064,102.07200271527105,13.751900286688489
SUB00458,5,37.62451833726649,207.48600780493484,50.997029844119794,14.806897057597675,8.070754531473884,1.0,1.0,2.898338244075677,0.4413797445116451,0.5863717130887507,293.949601553104,8.064793553124453
SUB00458,6,40.08158321346102,350.3156263776688,53.85508201753082,13.368690192447948,8.176856195589238,1.0,1.0,2.050752864100163,0.3787622893415295,0.2808348914185549,140.7950137185576,23.02348347967492
SUB00458,7,29.918875385014687,359.58981182802387,56.214088878213786,14.038666108149393,7.660294986923336,1.0,1.0,2.831811732090251,0.34942900692797246,0.5240899519798736,144.1203574314995,20.786134531306732
SUB00458,8,48.527544476331045,259.82887441378824,61.305509780834065,11.579085142023334,5.41788562571434,1.0,1.0,2.0372189441856636,0.516015573466407,0.5750924262875237,230.36698820858328,20.376862336149273
SUB00458,9,31.254315736651602,369.8307928012608,59.58053490875807,13.790635642003405,8.973118161912089,2.0,1.233212045914077,2.5993359787043713,0.3702334476650906,0.343097299917575,111.20855446612065,23.63362819291209
SUB00458,10,34.809203806665,318.4423032289665,39.84590372608657,12.753594209059065,5.406623710031598,2.0,1.7998168318932644,2.264326491701771,0.5095632678226364,0.2593190779598264,233.3900928544668,13.977221948187157
SUB00458,11,40.04727826575913,236.9683520356494,59.76476992061433,12.093983754702714,7.756863153181902,1.0,1.0,2.3616651374205864,0.1744190411430601,0.35303391557955366,142.98021334510506,22.920348019374664
SUB00458,12,37.13477099608011,219.10436093956392,38.41096044668925,13.922275164772282,6.231739312579672,2.0,1.8204614328679876,2.555597320848764,0.27748519729652843,0.3776580089646154,189.02282114312615,19.02512211031309
SUB00459,1,8.767887932130982,1403.7213836828612,66.20005542806008,2.0035550937178725,0.4898473223035619,1.0,1.0,1.7780986693852978,0.4913277683069094,0.507693185413223,33.29628772199483,18.06782049003924
SUB00459,2,4.7423334366046666,1518.3924206060428,69.99287007219218,1.1253381400663738,1.1100768335424092,1.0,1.0,1.2553586521179383,0.23662317019354284,0.5921420719278165,15.55014506201928,10.756600168219887
SUB00459,3,9.463411711828337,1215.0586187958484,54.75890535511513,0.9370845176735013,1.4876946435374978,1.0,1.0,1.8363809797195523,0.2046108183720757,0.5908163166120244,37.57797890562181,20.602960742719347
SUB00459,4,5.2672082899122294,1545.32396355392,55.15517399005894,2.2427999709335795,0.05331385332838923,1.0,1.0,1.1154557472534765,0.1583678719701429,0.5373142247752427,15.942245837648343,17.5762386462198
SUB00459,5,9.694006576401389,1752.6557263511904,56.951171235582905,0.1966055084262609,1.141807142226782,1.0,1.0,1.3461932526546536,0.3275026655671702,0.3368059136590462,30.92247475163106,24.4338488241717
SUB00459,6,11.695695002711584,1766.5995294326988,51.5474271675484,1.341808711960228,0.3098363182387654,1.0,1.0,1.0339014804561868,0.47093786530068704,0.48107160780964914,68.99491855252694,18.865721968959008
SUB00459,7,9.194781253784871,1550.5209046678942,68.9065816082373,0.7155461368411595,0.6605993469849978,1.0,1.0,1.3335005452594009,0.35719905484371395,0.2778915315889842,72.24540624285613,20.1149276965823
SUB00459,8,11.034866278794293,1456.2830186122853,66.84542392571741,0.7880419228037039,1.1223599540304905,1.0,1.0,1.8758839415767437,0.2062745871032443,0.4299419133146416,78.33058921064647,22.125466779744414
SUB00459,9,7.806765281864264,1220.3022915751008,57.51265781386991,0.5175881225493931,0.2602593922946743,1.0,1.0,1.0733196668751486,0.5213532283486341,0.42489094555266627,27.315505241032806,22.081154084702504
SUB00459,10,12.484121090601274,1800.0825760057317,50.409746701894264,1.3727633143966997,1.32826586796549,1.0,1.0,1.2139139865444109,0.4488625496641686,0.536896209197972,99.29688636842918,12.416137986200876
SUB00459,11,12.296747240370156,1662.3156118337643,41.788069996921486,2.053560325280751,1.231256338097789,1.0,1.0,1.9206249262807966,0.4022211107068365,0.3831574847120782,46.652361885709276,9.996009194220216
SUB00459,12,5.651044856553703,1560.8529415510934,79.41240094247772,0.0,0.047266814759664266,1.0,1.0,1.4157367735345763,0.4749036351529464,0.2734448980497079,32.9833862372298,27.97032569159278
SUB00460,1,59.410547108093915,501.75129210085515,93.67081248125783,2.549624716172421,3.4361031339372774,3.0,2.863409137973956,3.6093382341590265,0.32002108909565785,0.5558872077096797,364.74649639788186,13.48133514646912
SUB00460,2,74.46952786190984,734.3740146386751,117.58816177132243,4.575083051524903,3.353697336135336,3.0,3.0,3.3683218493059686,0.2896994248772851,0.42029946774685734,205.97659821945575,12.122506047719929
SUB00460,3,66.67457802440612,464.4649014016654,93.521152393336,3.8245425596331963,2.933962326156838,5.0,2.703731173729545,3.0726629860968133,0.39462011082743154,0.5509052823305642,428.98410350545333,22.07739250016701
SUB00460,4,51.090391629196766,666.6817141078304,84.663011082814,5.126910100223288,1.806214694994325,5.0,3.4760042183929114,3.8039997302990454,0.34326080836905404,0.564711116321255,297.9946616106553,19.05121693528637
SUB00460,5,71.18204953397657,612.0174323888156,83.84178069468214,2.462619449100395,1.7986329461688428,3.0,3.0,3.442115628341638,0.439077346802647,0.4628555279334291,547.167571983135,27.070044436653845
SUB00460,6,68.16300787960158,538.6008837336415,60.47630005822478,3.5813545927735726,2.8881536344304917,5.0,3.3106968066282985,3.3019803375090993,0.5935716577000092,0.25563178416825477,178.83119144627375,23.709577765992325
SUB00460,7,66.26719158434517,766.5722369712818,90.10526805546817,4.67462671614709,1.5033675510029842,3.0,3.0,3.5260340549552134,0.571936336808721,0.3002033465720506,507.91650781902604,26.712685330678358
SUB00460,8,58.42947787156408,681.3502946323747,109.6452681272994,4.645305904103526,2.0557534705630722,5.0,3.3867286152981078,3.6907185138301086,0.5553579557658943,0.4085758969508505,300.43866560534457,10.796767738681714
SUB00460,9,65.33627655524896,803.696388159415,88.63039665003957,4.368589272244284,2.630189174541446,4.0,3.4992881518898358,3.69186319682712,0.2956496540448138,0.2949770575404213,349.4894117462671,21.14468545707993
SUB00460,10,55.18258489244117,681.0662046099194,92.20401731275572,5.200961448760576,1.8198093467765888,3.0,2.5997931528817944,3.8007477066387128,0.4607668669311179,0.38469353859426736,291.8029730543648,11.923003612207081
SUB00460,11,54.95507245138214,674.1671724841179,67.22956391872671,5.462522936510047,3.2349431743716037,4.0,2.9733676100454427,3.664417856472591,0.3547497478654775,0.47938796784169957,252.46254336660053,22.72367888303454
SUB00460,12,61.417847207966844,764.8328636837879,71.73090986186848,2.959715227546568,2.6530431756433517,4.0,3.143348759741183,3.1817637042533105,0.44553480818008007,0.5193977676802637,412.7016322856648,19.95010310184353
SUB00461,1,8.792955227475387,69.43650823151788,15.20628579759807,1.6727637935903727,0.3555101866346764,1.0,0.9779143531700026,1.0,0.1504632905077595,0.5091689570866288,44.392446232499076,16.34210601815572
SUB00461,2,9.53632686186064,90.34230791236268,32.88138816640355,1.0973790718622882,0.9743121993009554,2.0,0.9364084435331953,1.0,0.5128241008098341,0.5287206224093823,56.802177118306325,8.92849352100156
SUB00461,3,5.972034404560507,103.00056016884415,41.21869964719828,1.5445105972592628,0.1517869270929002,2.0,0.928500564893766,1.0,0.40931100587246316,0.43589975391226293,21.014769169138237,19.602443215935306
SUB00461,4,2.0524263809825207,74.71650692550585,41.91030387289218,0.337365297849804,0.3763026635360315,1.0,0.745909418921797,1.0,0.42634809648295,0.5694507688920307,9.264985200007908,21.513227701960655
SUB00461,5,2.0340778219155276,100.47471053549611,35.68974837108815,0.0,0.848061315867168,2.0,0.8397808055565986,1.0,0.3801809103013122,0.4921972222957585,7.389630330088111,9.662615429165932
SUB00461,6,1.9736133093953758,145.92756958996148,33.53465460942439,0.0,0.002120628970405547,2.0,0.8366824980305893,1.0,0.23982525700894392,0.29788294944572424,7.128369495628072,18.867460700882468
SUB00461,7,0.0,129.0532463618169,43.584943865064716,0.3768557797599681,0.6543157416214408,1.0,0.9894421911552291,1.0,0.3526672431645437,0.3219185694439783,1.0,16.966024103895872
SUB00461,8,6.331285839675347,95.09285248098348,41.11278452041793,0.38579092727724906,0.9158637286427879,1.0,0.8219032085650664,1.0,0.17354219583990296,0.4434576801602026,26.663077458165404,16.237722652066772
SUB00461,9,0.0,51.85927169385799,18.001072361735186,0.0,0.25387738838364704,1.0,0.8051324083422273,1.0,0.5346474616711026,0.3084031617575362,1.0,14.514284707504277
SUB00461,10,3.262692714768252,99.08342771004803,22.69501552135123,0.0,0.3160373667426276,2.0,0.5405546612145737,1.0,0.15570651236894384,0.5697202240682125,18.61373840775948,22.859515814618085
SUB00461,11,3.224013710905644,106.9483596324256,37.00299014299675,0.022489511058693124,0.2924337631368523,2.0,0.8383520242522482,1.0,0.29486290600514364,0.2794093503653189,23.37975297392246,11.469355123346844
SUB00461,12,0.0,73.17977445437778,22.681126418535243,0.0,0.4170525567330523,1.0,0.8857708445154664,1.0,0.33139744602170174,0.3649097326885309,1.0,21.640182347754955
SUB00462,1,123.33202777216879,417.71270705086056,36.652952202155866,3.4252549327505335,3.240231692467251,1.0,1.0,4.637702829990922,0.26368360211196296,0.3517829237593004,279.31466504187557,12.308889442373651
SUB00462,2,133.63349018880865,556.2023479085952,34.62207601377288,4.498651292034574,2.829167614403115,2.0,1.9172134776351384,4.64381310154384,0.5014440113238513,0.5817233258947837,382.1610369773457,18.560004238546423
SUB00462,3,130.56820607170607,341.0512104756028,30.383098791918528,4.186993098856775,3.6795307536697432,2.0,1.9937830800225793,4.272583393934179,0.5103696305798792,0.5091186766086144,301.4351345915464,18.1779693809771
SUB00462,4,133.19977658775719,396.2117521936893,32.69890748776757,3.6810521649495467,2.825940625004022,2.0,1.9459059720569238,4.910680416405464,0.40224547154811274,0.589341569654837,392.7966323566981,12.74687385596268
SUB00462,5,126.56276836274965,426.22204393967854,46.88898701896616,4.828148754393559,3.8243780406201635,1.0,1.0,4.7900618250116525,0.5419652042374206,0.29828475048998626,556.6393231691993,17.963976870634802
SUB00462,6,121.1541550663932,453.3908618085416,49.604702145790924,6.150700949225025,2.488546268375292,1.0,1.0,4.6112949057468455,0.27853613171935543,0.3576957847040613,400.14279999532533,19.68480261391271
SUB00462,7,111.18344994255739,517.5619047650313,41.11578019021832,5.850709868667599,3.628067344896732,2.0,1.319903203410305,4.199433496617587,0.5768588484522192,0.2702878704193428,538.8159475935214,21.135595105355755
SUB00462,8,109.98766716094528,378.7564565959836,52.130092416392316,4.152201859149729,3.2964652303015543,1.0,1.0,4.9963172380683725,0.589866890908585,0.29130935620398574,754.5253206465912,11.304820516912475
SUB00462,9,124.11834731195535,436.2507744330493,53.95097035099866,6.279600219587774,2.39599814381842,1.0,1.0,4.723001886267408,0.595815310541581,0.4149989318607352,964.6092364822559,12.586190783900182
SUB00462,10,131.70949529888028,559.9809438790628,54.70001394377425,6.859071900938954,2.892538912582234,2.0,1.7165290272370108,4.152479595731287,0.3578835074783002,0.40248251633066967,932.8656980059912,8.367122065323178
SUB00462,11,112.04800682341946,409.3247237318623,30.934328477660802,6.763559790603294,2.2572884086181233,1.0,1.0,4.224584507268372,0.5583084526333721,0.3023675650509881,358.0732339380221,22.866665134710733
SUB00462,12,134.15202532459566,436.2793795569735,48.499285446246475,5.032437732683704,3.4645398885057395,2.0,1.955948165315942,4.8226501433583895,0.6187908765782928,0.33357999281015593,290.76956020680404,11.62381714332596
SUB00463,1,2.3374175757307656,0.0,13.043530724374914,0.37540728480653807,0.2894050173924907,1.0,1.0,1.0,0.5213680608665011,0.5701606213657764,7.5410862340120755,11.672540390292125
SUB00463,2,1.8571760910167392,35.39020040621986,17.05573005835849,0.38710295261926586,0.32388629713589484,1.0,1.0,1.0,0.15306215987888586,0.46042872702431703,13.476209797658404,20.83008329810754
SUB00463,3,1.0986452241742937,48.790844392212676,9.517823413356417,0.8683218071763832,0.02349686863860395,1.0,1.0,1.0,0.47409108785519305,0.41858071713601364,5.3164355541804085,24.27146449075388
SUB00463,4,2.580880476863662,57.638794880516855,6.765679005315248,0.3814126739239371,0.18420124153671152,1.0,1.0,1.0,0.24729595943738003,0.550248166037729,13.449023436053384,14.37885636366585
SUB00463,5,3.397124111354646,22.759833347608556,23.719221890933945,0.8750317429879249,0.4970979146344658,1.0,1.0,1.0,0.3029697443565411,0.49161405413095643,16.32570566862853,18.116411584892695
SUB00463,6,2.6790015732238,3.2956263111569264,24.423011366471627,1.20790543513164,0.4248311022128528,1.0,1.0,1.0,0.32140741096709113,0.5122012278093978,6.023748563398048,11.266180228279076
SUB00463,7,1.6929463139260992,55.846592783973215,10.686497805588004,1.1692339769919762,0.10861304555590778,1.0,1.0,1.0,0.5199660958944823,0.5114957072575819,6.115524999537085,26.965411380701486
SUB00463,8,1.7781882765987505,56.440255499245616,14.477821040502594,1.1717696785840879,0.3808094583661515,1.0,1.0,1.0,0.4557352866848895,0.4822464172461372,9.352932902245318,14.150000188016367
SUB00463,9,3.185122877265857,18.091201192657003,6.9703226907946725,1.1843641424205547,0.4408756523610126,1.0,1.0,1.0,0.16962991868924346,0.396487241628233,18.47607352345575,9.622305575048044
SUB00463,10,2.974256261346875,76.79025015887227,17.510270493094957,1.5721987047689294,0.012229443081402114,1.0,1.0,1.0,0.36293260130279587,0.32421418278876274,19.547156090716882,18.86253046381301
SUB00463,11,2.495272385664285,54.32628112901525,13.607107188605593,1.3304379152614365,0.18960270724431577,1.0,1.0,1.0,0.23922792114372732,0.5567947038530473,19.63484574834738,18.314308947467023
SUB00463,12,2.18917771328564,54.96804560257749,22.905795697298274,1.8115782965490514,0.34130985189877217,1.0,1.0,1.0,0.5004428101282222,0.3428320449640939,5.67043360972735,26.149573785472736
SUB00464,1,114.67011220850675,294.014409796305,32.5342861061412,1.4295656421522187,0.9908916835380814,2.0,1.7038096020492237,3.1240664928321005,0.635402855780829,0.5860482955355109,618.7404650991215,8.135088429218724
SUB00464,2,120.87436841803505,195.66559509159063,42.95300202160598,1.6274565758406467,1.0673374032576706,2.0,1.7116218917237065,3.431642725354491,0.5320746139387568,0.4161963576362149,860.046000606392,20.250891050617298
SUB00464,3,105.8077634250143,276.7040734222671,43.22707304968853,1.9671807904735688,0.9124668949611755,1.0,1.0,3.7226586284825065,0.6237596837403332,0.3186300878944952,685.1143926091088,16.514710203327972
SUB00464,4,102.6462786745358,309.63265186756354,37.45046133881669,0.9342667456788538,1.0684507077304812,1.0,1.0,3.791015367357,0.4319273607824903,0.38760175829878846,546.3426640489363,21.46433076863768
SUB00464,5,122.47288701350536,268.2847657044251,15.117114109532864,2.2393183775580208,0.46024943772823296,1.0,1.0,3.8336394055488103,0.3875865853976088,0.4629919002362347,309.09983756660097,24.444797496981323
SUB00464,6,112.09536025813986,190.5704529322518,17.529109869418406,1.1164849207754046,0.655900220057541,2.0,1.4438681704604979,3.515972449695329,0.2900308060205772,0.2934822578914773,724.4417964691228,27.94874511038827
SUB00464,7,96.88351080192679,171.6015379984067,20.40734183938254,1.2881617397762692,0.7857761011606942,1.0,1.0,3.0022244389594377,0.3393314427146595,0.3109507663030424,532.4951576929798,16.936935375925696
SUB00464,8,99.00614242049977,268.67365247899613,22.66521920120309,2.027294004152391,0.36243159323541935,1.0,1.0,3.0424151420203227,0.4360402809292907,0.5653480148923615,281.0268126759428,19.81528176735786
SUB00464,9,92.66522903611249,276.4684914471556,26.49035665471456,1.9755431542837916,0.06354603769381217,1.0,1.0,3.513023623797703,0.46333319692035024,0.31127183962324734,391.3230255915472,25.486715381192028
SUB00464,10,108.20738787160565,291.93665214031074,41.95751623247781,1.868522452470767,0.17864332974360742,1.0,1.0,3.343365045025404,0.34339244535156427,0.36547298903837344,660.1649519518378,20.84076150935064
SUB00464,11,94.1447502092149,292.5378235826035,17.61233011810377,2.5760425156545557,0.34526473073529584,2.0,1.7758314048707247,3.6446268969397098,0.3887822477894103,0.36567398704918574,728.786577542381,20.882720881687266
SUB00464,12,112.18137072505631,302.9051317294551,22.211289125841738,3.0644001304634165,0.10193794683086566,1.0,1.0,3.432836604955796,0.4582890258891896,0.4189156873123526,867.2763362187511,8.875351315104535
SUB00465,1,37.53262867913288,214.24520863048363,41.420891092457865,13.973765222644131,8.313958192209984,2.0,1.8408487782408054,2.3835793490042203,0.35140576026779846,0.5670520636315209,105.247777528381,20.55671038864834
SUB00465,2,44.38088269546792,249.60569068988335,50.03019873390596,10.729276387598667,6.345287272478326,1.0,1.0,2.744012535655395,0.37208379998982877,0.2856010301973132,137.2254669418968,13.367850942657334
SUB00465,3,41.94484868845045,264.9233457095274,55.789625570102075,13.334859803112758,5.796296826848076,1.0,1.0,2.003278123782078,0.2769403021010837,0.2603626126699284,301.66297787299595,18.075705456417126
SUB00465,4,44.21614912944712,395.6427216327187,31.52483094704734,13.97809763162887,5.0473440893134,1.0,1.0,2.911333386519222,0.4291160007594468,0.5933277682797528,181.79352040849062,10.82287102594565
SUB00465,5,43.46108842670464,301.7259488937267,32.73082447970593,13.216541726761534,5.299099246821527,1.0,1.0,2.756111710782814,0.29287636269897266,0.4310496452407543,335.66191287924283,13.38527029402963
SUB00465,6,30.665963106967055,312.43458006824704,47.04612984492588,13.43668042014691,6.80879102053128,2.0,1.118771598261481,2.752837362137722,0.40041072064935024,0.5809102998217259,114.62528373784154,11.423804839444337
SUB00465,7,33.12700090186778,375.8690978583976,47.770580361698926,13.609840399491262,6.513946040163393,2.0,1.325570900439644,2.3006715613610806,0.526115307033308,0.5393957361102327,213.124415585682,9.116000196815676
SUB00465,8,32.10267612586347,367.1629051397527,53.703516879375115,13.860831934443645,5.542050545705132,2.0,1.8831209088664775,2.8655274559224706,0.23206638644741737,0.5860872620625843,149.3019200915091,17.88247707102694
SUB00465,9,35.560232746444974,322.56529023216405,62.74010715844704,14.353560987137651,5.553763795738712,2.0,1.54034344813383,2.4520785841623014,0.15371097860725969,0.2671555579384845,226.80342647556733,24.464850135955402
SUB00465,10,42.5274848921648,287.7943376524786,64.79402912237026,14.694408338435563,7.554641164926052,1.0,1.0,2.578421381422939,0.2038171254093149,0.3112659074501545,259.92194683302534,20.72415583036004
SUB00465,11,35.87410286006136,204.94111693251685,59.107986037649184,12.281511852327583,6.697893892301514,1.0,1.0,2.961732204296266,0.4808019393364311,0.503922926864476,95.05696320449114,23.307719977288787
SUB00465,12,38.84842582777467,356.1087991913499,54.59843497054424,12.781106504568681,6.390643509021491,2.0,1.7279007083039848,2.397303276832364,0.53947402646223,0.5990203931363064,297.9345286183031,17.405169629329478
SUB00466,1,9.651600966714387,1646.089292694006,42.72736728782554,0.6607463635270953,1.115437263921728,1.0,1.0,1.7734427034565792,0.46293384489158795,0.4036730538625606,28.224618992779504,16.46589596339221
SUB00466,2,3.3287869183173866,1447.287967893989,78.11560846395047,1.2370993082568298,0.3677670822505549,1.0,1.0,1.3348383103550008,0.39415616139743964,0.4060626678003536,10.912564329087555,17.652211322096115
SUB00466,3,5.8401414527242475,1446.5688769635901,49.439424054412484,1.6688668061578944,0.40264915012283,1.0,1.0,1.5389889515646977,0.5309030684582249,0.5317600881482458,22.443815689998626,10.840245917570163
SUB00466,4,5.208110260201499,1245.9636944955075,72.08992232397691,1.7750272099402793,0.01356033745420332,1.0,1.0,1.307287318943481,0.2419993847200411,0.41908426475543903,27.782003545790204,21.67585038919514
SUB00466,5,6.250872846724051,1552.399212698597,51.703402634649734,1.9554660395720926,0.09258257064200326,1.0,1.0,1.9768135667646742,0.3477009454270853,0.36000308056303726,37.588746732235755,10.836552930428947
SUB00466,6,13.0368315286212,1553.2964973599526,77.00197328734689,0.539937713491512,1.0759559982550297,1.0,1.0,1.6843741951526656,0.5207896575159664,0.5419764018789714,46.82767905484793,14.892366956341174
SUB00466,7,15.531082476831822,1715.7034024343316,41.30234839600934,0.6988186253351705,1.3267563815205285,1.0,1.0,1.6915727631760236,0.33778061316612307,0.43358745581950164,85.12510949239814,14.087949802004808
SUB00466,8,13.410910979151403,1322.8358633510925,52.81341748504381,0.28630226520072427,1.2078574471228352,1.0,1.0,1.6908261605334407,0.32598313280273855,0.47524970079805584,60.371418848863605,22.618668094396902
SUB00466,9,16.824539253455335,1548.3668753648365,43.61182199971791,0.12064902519813386,0.40728216607354134,1.0,1.0,1.9650602360567921,0.23866953290787207,0.4348413986065467,132.66285105784235,10.707075547463962
SUB00466,10,10.884433230944339,1610.8832593748418,66.44057713976572,0.27317883725099645,0.8222213717826772,1.0,1.0,1.812479871980544,0.45104205336658143,0.32032701124676066,53.979368869708686,27.58355829065788
SUB00466,11,13.811085656851237,1665.1641570991435,64.24012136726269,1.6724820046383537,0.9288616688516262,1.0,1.0,1.395236783868997,0.4607639091318193,0.2896603061735651,57.944869503215806,19.364370785631984
SUB00466,12,9.985759652301933,1735.5712875305576,57.48493562958322,3.235206247163108,0.07666732289267786,1.0,1.0,1.657596012828113,0.4940093971222572,0.5785680726427253,50.68798025782211,9.439571194804081
SUB00467,1,56.967096238993726,527.8427430270715,82.26677906395835,4.074313581237752,3.148877463235218,5.0,2.726286390360938,3.5269473356209002,0.2677779989035174,0.5630632361150809,229.90453926463226,14.565543989979844
SUB00467,2,62.78662767114119,667.090767929892,90.61130783653698,4.609819731198597,2.3329915084607435,4.0,2.552712300897552,3.5058475369560336,0.5824016470394819,0.46264804024061323,163.85151207708282,9.202639723564358
SUB00467,3,74.98239824968742,600.4676721107389,88.17373660118216,3.388209299309983,1.6865661515847032,5.0,2.789656631218208,3.7243561821131927,0.2881061578487508,0.41912129168007073,312.59501906177326,22.398898543997127
SUB00467,4,76.88379676076147,534.9322929407269,61.84728949294439,4.2726453200342265,3.179831803687679,5.0,3.1502833471603178,3.242264992463356,0.329882028864372,0.3272373140780298,297.02628704708275,18.039220672995736
SUB00467,5,48.9105498307792,623.3447722374898,98.86623611039442,2.320112747410486,2.304314849958539,5.0,2.7428886512500554,3.0859387862211225,0.3154270507203808,0.30345837465453146,120.71527203353412,22.500976900791652
SUB00467,6,64.96476233870943,633.9398124973458,114.65085999839437,3.4666778924678865,3.197310040885407,4.0,2.7794918223865945,3.263972283462227,0.26552806387731004,0.44175195880900275,368.176271940044,9.034811695197927
SUB00467,7,64.83213063615753,548.2699434775095,60.69757676739845,4.143219595085277,3.4183258562269043,3.0,3.0,3.676137399132677,0.4136755986652578,0.33103913217256653,350.51115754708155,26.189451226264225
SUB00467,8,48.47678023958195,705.191675432953,89.63970235639036,2.7021299623030295,1.6427399187982565,3.0,2.6031366263736815,3.9604341549174364,0.2624960487452179,0.4239003162149032,165.7566566256128,19.24534629298705
SUB00467,9,49.22078690740339,527.3067753480449,94.86429734840402,5.1760942720586804,2.1163588324194,4.0,3.3022821333514583,3.01581026869043,0.43324439465544295,0.4433343957195084,381.650637007345,24.091580638947317
SUB00467,10,53.10324870352532,647.2704680513416,112.36059486532966,2.848743497326332,3.4930067874463244,4.0,2.5543910302096133,3.003069517870988,0.27344175648623237,0.3291708422633357,316.21706979447157,18.062603005657422
SUB00467,11,47.79007409284539,596.9325245729244,75.66455768689204,2.3914093346483707,1.6003716136699289,4.0,2.782021796335302,3.3490068218746396,0.47458064813872514,0.521459867719876,300.4049155321786,20.920745258351467
SUB00467,12,59.8553599800065,441.2954407073711,99.74386783606339,4.679345293665261,3.002888109020981,3.0,2.7724823292423384,3.895796738628883,0.3791720627283425,0.49999684628209634,240.82789073928348,19.93006788297371
SUB00468,1,11.614704633286516,94.30384931952143,29.034885813307024,1.8700899771214132,0.4925905126873956,1.0,0.9046118102425194,1.0,0.29019678499896806,0.3190878374847851,78.28787323850659,26.302711719057662
SUB00468,2,8.858420515261514,114.0168064151192,19.55417808046417,0.12107647907390184,0.572329238851969,1.0,0.569047934555201,1.0,0.3754511958367167,0.3677217668620207,53.31678636394378,26.36199820600004
SUB00468,3,10.355258563157062,64.05049946679571,33.79877862928126,1.6292680212496597,0.7979058867368789,1.0,0.667999161999971,1.0,0.4081632252222164,0.37456193655275294,39.75040006450391,10.24492332568753
SUB00468,4,1.5851389133491776,135.98053257537754,41.24481380571915,0.4354946250539986,0.4524208219468777,1.0,0.6147935342964836,1.0,0.198825412918214,0.37352073990518475,6.714878285588892,14.494703415251532
SUB00468,5,11.446213264415611,75.26739989966968,24.479061666574786,1.6343605804158114,0.8901134269117493,1.0,0.5693380398369869,1.0,0.395165454647216,0.44735248567120933,84.25204143148352,21.73673497717637
SUB00468,6,3.6459594418861014,82.41985158304114,18.673217646531064,0.6039284120137631,0.6667025583662108,2.0,0.5730903569534055,1.0,0.27899519369403547,0.5983267460893742,26.6885899692329,17.267318484301633
SUB00468,7,9.357692710953408,34.52526843287272,41.866087602493124,0.17226599208048932,0.05928549189818255,2.0,0.7392321291459549,1.0,0.2634351879027669,0.48413707641133197,63.04143394719535,11.973937223624276
SUB00468,8,3.6054537125523245,103.13447251823587,30.82044345928349,0.5852398757643,0.8719064793321801,2.0,0.9495616260721238,1.0,0.3900660704997306,0.3752541045743978,26.30727749395365,13.33264821710266
SUB00468,9,3.996503393385356,88.4177021312401,31.63727261675737,0.0,0.8738518141110025,2.0,0.6400534636263924,1.0,0.1719993702473673,0.3739545499800449,12.277611732686006,19.52460406724792
SUB00468,10,9.22876867217942,94.8020702834889,36.77599877824602,0.0,0.6599816140760854,1.0,0.7133838772783467,1.0,0.26836677995319247,0.3972399952096549,62.93675495879345,24.720890386716455
SUB00468,11,7.109966499824798,114.24675459042817,29.220440752454014,0.06193733686116587,0.09345275158900068,1.0,0.5791542975586709,1.0,0.4522638493577241,0.5014654740678339,25.631471513143484,18.803777435696908
SUB00468,12,8.256902926061082,113.19904765842827,27.673853556232302,0.9575067758158056,0.9258247410144324,1.0,0.5762672739933652,1.0,0.2499928872219805,0.5425872055930185,52.15377000241272,11.00253110321361
SUB00469,1,113.5791530911002,448.75389958407237,42.057573880047535,3.2602934477335963,2.3723225857252204,2.0,1.6714198766702872,4.684440919983063,0.28029895185509923,0.31956707222023817,529.5857407365799,26.766895816079
SUB00469,2,129.21798525791684,286.7932391627306,34.41208701445167,5.55546463621312,2.083342790541991,2.0,1.1775162216996593,4.223876134024654,0.6363028576687259,0.5349427546661918,905.9500214839126,8.634776521360047
SUB00469,3,139.10521332328506,310.76236136843534,32.545419575818556,4.309238256496128,2.5001267935576923,2.0,1.340705280095023,4.914202535234609,0.3256440794985326,0.5397944623436903,960.6982832241225,19.221394847109888
SUB00469,4,125.59316188925264,520.2631078673944,47.52696469249338,6.436697479845486,3.4286509978925066,1.0,1.0,4.248903109139773,0.5513333957766511,0.3553973462964378,781.4653213125854,14.615445686986561
SUB00469,5,114.74418612813436,418.84725015612355,43.38100992068519,3.5498747388263094,2.0485512277603095,2.0,1.844833347197551,4.491967655501271,0.4624270276471125,0.31446531969884045,572.3573751982262,19.601716276314324
SUB00469,6,138.92421986117148,519.3389882363538,52.622217849005125,3.964640482807509,2.750950640240288,2.0,1.830506154853122,4.465441357705392,0.29805415858854367,0.409416116273436,737.6867818814369,15.229341985015093
SUB00469,7,122.90616303755634,365.30402078531506,47.642791077338146,6.74534403543016,3.9402088333850394,2.0,1.659247478589217,4.823610382552927,0.311994814701478,0.2939344111785352,280.51790593194465,12.353637862633244
SUB00469,8,134.23884725309594,456.1436707349144,34.02965893106269,4.119749672124908,3.4484510685808694,2.0,1.336848099279374,4.549034156309276,0.25542536557845297,0.57621071319036,1042.9907946341093,24.430834539867853
SUB00469,9,129.07933057521646,315.9881055292199,30.31675236216564,5.338347800894127,3.583460024749607,2.0,1.0670471008533253,4.245609581087248,0.6376785332803793,0.29237004618100715,611.0345499883271,13.445295702830403
SUB00469,10,136.19958980248444,522.4189390982497,41.55786520767578,4.310120720985789,3.9844531864923165,1.0,1.0,4.771112371239326,0.5756250279842773,0.46161246422235075,603.8735792978014,19.822347633520323
SUB00469,11,120.28369374457351,356.8948219378491,44.967692197468956,5.002500550474761,3.120110103190812,2.0,1.5772117225544984,4.11581513732173,0.6089296035158471,0.5978510870127145,683.9628260692512,19.003328406407558
SUB00469,12,138.5940097781908,335.5003394932862,40.11602921295981,3.5931436274545505,3.7560583760786592,1.0,1.0,4.6415369318701165,0.33498615892347783,0.31069040541992143,1045.3859929151472,16.799835668466223
SUB00470,1,0.0676514750034024,10.905531838042618,9.891817531578816,0.0,0.43303135291018224,1.0,1.0,1.0,0.4960179838193287,0.28066481860176995,1.0,9.982120626899604
SUB00470,2,1.9393097980045502,26.88190300064688,11.803933606635873,0.1853472787859112,0.1939565959297337,1.0,1.0,1.0,0.22018025080228565,0.5856900622932333,11.338384886405304,20.29196619457216
SUB00470,3,2.4825078195948747,38.657265473844745,10.58170514472007,0.0,0.4305227833838384,1.0,1.0,1.0,0.40056675982750023,0.49873213235958513,15.986321085012069,16.015904719054635
SUB00470,4,2.3700680651632435,55.5426743680115,21.702492556507515,0.0,0.28823622453668557,1.0,1.0,1.0,0.16030955570105435,0.48102811217739316,5.173570268316581,8.94548554534195
SUB00470,5,0.0,85.89157934395605,6.100113772824958,0.10616338176943574,0.27523352462208145,1.0,1.0,1.0,0.4001157126552286,0.28002674301895564,1.0,13.19478558989344
SUB00470,6,0.0,31.526279384281242,10.284723455082602,0.0,0.20249072267732532,1.0,1.0,1.0,0.4588676544898693,0.5977138132516475,1.0,9.95483244827771
SUB00470,7,0.0,0.0,12.035989826027173,0.0,0.05511589026728603,1.0,1.0,1.0,0.40630809842906834,0.5317530279758049,1.0,17.04183043238856
SUB00470,8,0.0,59.45196003142461,13.464766357539261,0.0,0.22218888356035238,1.0,1.0,1.0,0.4967333799131426,0.3463758370392622,1.0,17.662785731868027
SUB00470,9,0.0,0.0,8.47520573586092,0.0,0.0493233118014082,1.0,1.0,1.0,0.2071483554427584,0.42055474535417564,1.0,24.75118031902873
SUB00470,10,0.0,6.418515549087907,19.232686573467312,0.0,0.3047196314821904,1.0,1.0,1.0,0.29642292274787774,0.4513901833398056,1.0,14.24451995255413
SUB00470,11,0.0,79.47290758683604,13.862421892235478,0.0,0.10612587674078533,1.0,1.0,1.0,0.4478679421579359,0.47456924775140846,1.0,10.021344794260893
SUB00470,12,0.0,46.723472639107236,8.855724988591664,0.0,0.1941008322719565,1.0,1.0,1.0,0.15084894790847064,0.36971759395030357,1.0,14.760885252453262
SUB00471,1,101.48091653970575,242.7395753044204,34.426977854186575,2.0437885308493766,1.2912424323934748,1.0,1.0,3.4950205260744167,0.3943906457123597,0.47848432513415307,677.4764288198089,17.06692559517268
SUB00471,2,119.69547453152767,281.97178166996224,34.23456973613153,1.694423928313297,1.191630914745392,1.0,1.0,3.4060047227158408,0.5296748147309674,0.32420594759837496,323.7855584923994,26.559493589061567
SUB00471,3,95.45593406037409,201.98022838460162,22.162842999654107,1.8745983404179078,0.31913423589600964,1.0,1.0,3.533976064151694,0.4058566295836036,0.5061901264985897,313.0343446640864,9.643715503337312
SUB00471,4,114.68136620916512,294.59975341309826,43.15400801373679,0.24205529682072682,0.8166089801986482,2.0,1.2741561404266688,3.586852258894067,0.2725670485744879,0.5646065799757969,614.2648512896376,26.88676010989358
SUB00471,5,109.67870710710326,335.06420511006996,24.8972965018191,0.8517080449108986,0.39661006062467863,2.0,1.6058003339229132,3.0687612452098594,0.602980292611629,0.27810819140943366,558.5295252726622,25.31508131532666
SUB00471,6,95.182083782795,271.1371004024926,25.03414741474901,2.1211624384094017,0.24535833515268318,2.0,1.00436208392652,3.9882278010439522,0.4729028740508724,0.4273552719670317,298.94617990624243,14.115663548301285
SUB00471,7,110.53872915029277,224.80994474229038,37.300471628321176,1.1094407783387923,1.4430241093502194,2.0,1.285707363876297,3.5513564011802297,0.47879867790873054,0.515307041968076,645.8501079169204,11.415562262927265
SUB00471,8,107.54869006759509,143.42049182403753,22.400288839776643,1.9817673340398225,0.2718092969435742,1.0,1.0,3.651761990356324,0.3745142114764165,0.49456600230657605,330.81012282718507,22.22263504529062
SUB00471,9,93.83168742110557,237.63277382535634,31.396622118030383,2.782179456194694,0.22943838900120828,2.0,1.7310463237906948,3.184800336143121,0.33287242708915704,0.5923052169791341,613.8564127765718,15.604122204824087
SUB00471,10,107.12186723889486,232.68250690670348,38.57021683982636,1.9033950152996773,0.0945947256028084,1.0,1.0,3.980004268026197,0.45212973606329676,0.30666491481944014,364.4220877033464,12.548808869166528
SUB00471,11,106.1613937015181,241.9087995805427,35.25673550251727,1.7039259437990935,0.060817812636217494,1.0,1.0,3.4581413976611093,0.3817711109921753,0.32546705535797454,635.754649982528,17.286851972291338
SUB00471,12,101.39311747659232,238.5789727424999,28.87743304230959,2.041650240765755,0.26259418944549534,2.0,1.0330729015377074,3.2373564412534916,0.6439799702366834,0.4685682718790476,459.4819257678993,22.725489920977886
SUB00472,1,37.656025916907105,228.61851727672035,42.11279161851164,13.336470943802547,7.4334791596254455,1.0,1.0,2.1705553954689347,0.5072691449592881,0.4034419727736338,181.10010326713515,22.76937907533346
SUB00472,2,40.1866733605703,301.87445671829437,47.19034590135793,10.491292799210918,7.700748817243069,2.0,1.6662244736140015,2.9953074395077377,0.34324228519654604,0.3593093746138285,121.39304347829373,11.94524935959749
SUB00472,3,34.9744885526177,223.43614080624457,61.01409682291915,12.929622690436888,7.286281299848796,2.0,1.9593461169010031,2.762916144034556,0.3273187477996771,0.5447935007221302,270.4618013085172,26.796195449200788
SUB00472,4,38.325874893545894,329.085285739745,31.28301418776313,12.574242970499801,8.576811809149696,1.0,1.0,2.747573969011692,0.2953331827748569,0.4610453571333516,168.2671320682414,12.146923569173355
SUB00472,5,31.144549429122026,246.82014739445796,40.832581652420366,15.638450016915353,5.959879562065556,2.0,1.8500036700027787,2.9904618426505474,0.3969739198338431,0.4013645238319006,189.24821841960383,10.201634874671015
SUB00472,6,44.12283359123566,340.7024735155106,38.85713081181152,14.987202284837382,7.282723348211558,2.0,1.8397998467015806,2.2426511953900237,0.39396687686166265,0.597617144467831,118.6235620052816,20.93223895488506
SUB00472,7,36.34666344741346,214.46085473439348,59.92352477058046,10.86168132594734,8.946312688919267,2.0,1.9944347657593728,2.8896859456017916,0.49209547519682506,0.5989716505796929,132.07367043581218,27.212996515074433
SUB00472,8,40.33649385165196,372.0599944597661,36.19799873407292,10.530200403146637,6.036381620626692,2.0,1.881173147065256,2.294548378503139,0.3578851449931395,0.5796563275599707,124.36445169612804,12.3754284733279
SUB00472,9,37.23993818904425,201.78800153822348,31.84348209403071,12.991962569491996,6.391780976477939,2.0,1.6410304793672075,2.442971807598769,0.2591514313055807,0.5841802527602526,291.3108383550345,20.25402656268849
SUB00472,10,33.03287562768219,240.0364397139127,55.81702539569367,14.968885018116593,7.154460334732733,1.0,1.0,2.7062491354554883,0.23492372841283218,0.4667374700410589,101.36409493032612,15.323665261027152
SUB00472,11,37.615819577285336,229.63831566779362,31.822256896485694,12.952117895272151,8.077810853126694,2.0,1.6150578205583794,2.4895613648175616,0.2302165196554188,0.472671120689652,241.58967514224165,24.750397673191692
SUB00472,12,33.890502210968506,367.23379786704055,40.009197557138386,11.046756200255347,6.460186896037754,1.0,1.0,2.4590440312379442,0.28295386362765473,0.4749288684772278,212.04184308231982,26.974674447863947
SUB00473,1,6.571299734252087,1692.2618085364195,43.542362530140714,1.030275826634456,1.1012082875206604,1.0,1.0,1.1028421020313284,0.23540607594908325,0.2928887943900128,21.159876393179793,11.310048284574965
SUB00473,2,6.696852785554804,1782.4160325071398,74.38012365277876,0.49309461974344737,0.9079757380541247,1.0,1.0,1.3302613679855488,0.1519998509641803,0.5329203878668812,53.530918797552026,12.15894310862929
SUB00473,3,7.287611638468377,1376.1031129329492,49.9652539168963,0.3146792778100872,0.4361676539819629,1.0,1.0,1.1773088622420658,0.2100079264033607,0.3200902522682528,34.922161675341336,14.362155500533436
SUB00473,4,5.389115355730092,1232.1881424026237,54.122797407942485,2.6704552109291297,0.16308978968616494,1.0,1.0,1.134849170219311,0.39246880411339935,0.3257893935107268,24.585436523073632,22.61354781316271
SUB00473,5,8.40082803297513,1654.356252757468,43.62807610350194,2.7909147661800335,0.12953339668879865,1.0,1.0,1.6470797123355767,0.3673060166085458,0.578020561424136,23.98410427680884,19.856987890091823
SUB00473,6,0.0,1425.065819056348,51.35404377994129,0.7760515946326827,0.5763708126152045,1.0,1.0,1.1848515151502084,0.3701801069036714,0.2977244672885064,1.0,23.830221777871365
SUB00473,7,9.699100695445603,1465.4777573503466,54.33274055831474,1.631085068521669,0.35297178040099986,1.0,1.0,1.7468239245280581,0.47689631923748266,0.2576946212870324,52.35516441742465,10.290405776632905
SUB00473,8,0.0,1249.4319797450455,67.72055226612484,2.833081057452144,1.276118152003745,1.0,1.0,1.8900093982106607,0.4000736352388016,0.4837555215630127,1.0,15.987545213872426
SUB00473,9,1.359032323126447,1296.937487234617,51.52662363090269,1.4183972431980503,1.4447297950137945,1.0,1.0,1.1726436256821484,0.46481003337619875,0.482090776808638,4.324705178893611,26.950509689875574
SUB00473,10,4.632545899891219,1441.7175783250336,63.35305701420279,2.45025867399089,0.029053307403226425,1.0,1.0,1.100630709787755,0.2673838923214607,0.5039455882544506,27.227700266429153,15.954205095770103
SUB00473,11,0.27029436225757086,1244.7630262904274,55.40392328836422,1.307843033929381,1.4630970800004004,1.0,1.0,1.745079198772336,0.2618197574607712,0.34728819047557535,1.9337150775402703,19.809742844273
SUB00473,12,2.322574808212134,1420.432155050053,51.67597464966771,1.8771364602411391,1.3864953282705423,1.0,1.0,1.0405645547737419,0.16972885155207634,0.5371512281326163,10.279541638336637,22.077080087430048
SUB00474,1,71.48553287592043,601.6568818498523,67.29216303311628,2.9579045981315475,3.180476351575276,5.0,3.325157202425298,3.275368285352167,0.2543674851297785,0.27814116193857286,380.63595695180334,11.646056895697512
SUB00474,2,67.63822390856615,569.2655541184454,72.82989794057595,3.9623699073241236,2.5999752282140762,3.0,3.0,3.160178581266329,0.6176666535742336,0.3216679156971056,453.87734483835914,9.865176344659405
SUB00474,3,63.95609897826369,666.4956586460338,63.30123270318522,2.957493495559739,2.24941044190167,3.0,3.0,3.3276585285629796,0.29538798457947846,0.4266279970902677,282.19025598877926,20.60240648080248
SUB00474,4,57.450378160022275,565.1386595527869,72.83598583281493,3.0219345389333556,3.0196537982781786,3.0,3.0,3.7476196038160317,0.3638662255049214,0.4672144583819836,204.96926899841716,18.42381861079708
SUB00474,5,63.21350971347526,783.0791722510387,97.11050724009553,2.192360449024786,2.779530206965524,5.0,3.489781046059987,3.4707870160021015,0.4024705145291214,0.48873114233948656,501.7302451493915,12.080908122136718
SUB00474,6,81.00779754211588,712.4452544638827,89.25434486692765,3.804392882913439,3.0311255289503998,3.0,2.613550646560012,3.39687445152131,0.3494760423036467,0.3641531978272822,632.0278611756613,19.078770918235605
SUB00474,7,75.96633366551207,630.5908845846432,80.49782217896893,3.6218753725688067,2.9226988450078952,4.0,2.611581511523023,3.452854966144134,0.451705510230793,0.39272684821383175,175.02601323459024,19.156677780925524
SUB00474,8,59.13057852605807,494.07356287181904,96.94350195353938,5.171698860248126,1.7296769547881137,4.0,3.4037837991728668,3.399108497823371,0.5716660888323717,0.2998162142149928,468.030403312193,20.861185701907207
SUB00474,9,70.38757830039472,787.0222945244245,72.83253520098037,3.3982723859689488,3.4658358598208654,3.0,3.0,3.642973192714712,0.5000455715914663,0.49476167801553445,153.99540751844157,16.2077395571989
SUB00474,10,65.3019568957188,657.1372331009528,92.56404930804067,3.9743553545573214,2.7737820358901253,3.0,2.9132410206346786,3.6968005330147733,0.25083804416641464,0.5191906083975784,478.0317044973546,10.260138218883995
SUB00474,11,61.02087747782351,461.6637285066118,108.34310735281986,3.02572285980418,2.2968708393513673,4.0,2.8671672279352878,3.361771514942369,0.6416464949441366,0.3507527004034455,467.6809343338642,16.06701770817142
SUB00474,12,65.66173858405526,591.8993122213578,110.36852669355777,2.804164354017267,3.4362199886681584,3.0,2.674420442255015,3.162578861721983,0.5907154266088406,0.34927384992340293,325.98775899516914,23.681425219652773
SUB00475,1,8.27221382012824,85.43668407740317,33.16035364435412,0.1607013528965448,0.13382373871006936,2.0,0.6529893583603024,1.0,0.2155033814682502,0.5882813911434761,17.23833550162248,10.713798896134417
SUB00475,2,8.74312308213224,75.65145546742166,31.7525394165112,0.8541162836862048,0.13230192500728133,1.0,0.5619826405824326,1.0,0.4808045560833658,0.2578143343812059,56.5443818633554,21.665436087593662
SUB00475,3,7.760566172239088,157.0960770607507,25.243468325607413,0.8370122314844486,0.8755408591159886,2.0,0.7781736470739524,1.0,0.23724035225177822,0.2510099058000858,29.186033133257446,14.561449918443675
SUB00475,4,6.584300787645066,162.9658131317897,19.593431967034597,1.2148727179718417,0.15394151969727443,1.0,0.5893213626967705,1.0,0.5129268825737693,0.46240083293222156,31.324354462162972,14.701039761597027
SUB00475,5,1.6933143937704176,151.58338503762224,38.23712785092842,1.0448868592239458,0.8810751618665703,2.0,0.8293406309382665,1.0,0.4875118425870332,0.37760343264632146,4.623816710129136,17.7958100062161
SUB00475,6,7.37054780722141,122.66190933494566,37.29501749848539,1.5526444663253,0.28998089024109874,1.0,0.5854498269657078,1.0,0.4865032112834742,0.42897089432182856,54.51203249405847,24.34026073132372
SUB00475,7,1.9139158983012168,136.17890363470292,30.576863218628343,0.49620408843387953,0.47889650094933134,1.0,0.8886532238184917,1.0,0.21200119888879732,0.590209632008428,7.129248853971116,21.105572479654988
SUB00475,8,4.833853982774057,55.887488197938694,42.946881732156584,1.5843143144770804,0.1617076048542484,2.0,0.8297686328705394,1.0,0.378720413185593,0.37822675924449234,16.895313049277267,9.765924850487746
SUB00475,9,1.3206084245693512,135.6454597512716,19.246737898501014,2.0348999842898357,0.12666911557949356,2.0,0.5597733763938258,1.0,0.3697436531291621,0.341925073050749,8.828159343511974,10.349495266774246
SUB00475,10,4.7537494128259725,127.12792685877557,15.493031116806094,1.1930420871280496,0.3585370317919562,1.0,0.7926532515964411,1.0,0.40010584490663925,0.45458566778937004,17.265387145339638,21.23165031532184
SUB00475,11,2.304303838603184,80.96626797742796,32.519165465143644,1.948558868319117,0.24454571560602445,2.0,0.7267351414327261,1.0,0.49829774617633005,0.472068512164743,12.16132032406451,14.915846466707523
SUB00475,12,0.0,115.80468217035218,39.297453644029446,1.9792921237394547,0.8940052279450686,1.0,0.7174835172733689,1.0,0.45752243986089836,0.5553879428125399,1.0,11.71907556491754
SUB00476,1,111.95983325717884,527.4805046417304,37.062533027451934,3.966342588493849,2.510051294271161,1.0,1.0,4.296180228018479,0.3785558686293252,0.3792445540467748,489.9144673856785,11.756880122468335
SUB00476,2,121.78064567046714,481.74924142967564,50.24308787196295,4.391863290853907,2.786229609252948,2.0,1.6638359960476625,4.672305603997253,0.6026706038392677,0.538941588094794,603.3285059372477,21.232978043645456
SUB00476,3,121.49800194205415,352.37699983876024,50.35843392034731,4.850196157876309,2.5752400385987997,1.0,1.0,4.030250714269085,0.2897922734249754,0.2935252382988571,597.0452148503426,9.545073377905782
SUB00476,4,128.1081112887539,454.7471276054152,37.10897809909945,4.333110033540141,2.2642398436220064,1.0,1.0,4.693929973729781,0.6070600615142878,0.50296527318201,666.600491928269,13.982706849374239
SUB00476,5,125.59840606671764,520.7883733315191,30.8294953559991,3.072718576398994,3.6207254560618436,1.0,1.0,4.518950442562,0.5102869308106522,0.29499030498917767,607.9443934299521,15.119376497703826
SUB00476,6,135.70775774413207,533.4373539947483,34.06170156839895,5.8601207539957665,3.1461314819503525,1.0,1.0,4.802629152715648,0.32049341133832665,0.2805585044522573,546.0107450070064,18.53692156973432
SUB00476,7,131.46928374787643,441.477248192628,44.317699833756286,3.4367102092164608,3.193307865272772,1.0,1.0,4.231901777134499,0.5243554880244169,0.3266133033842411,414.8175129017612,27.0206165751919
SUB00476,8,136.7885607603658,308.8468347006169,49.59374798434234,3.564102835910343,2.1780658684880505,2.0,1.0487818808581553,4.881760073885204,0.38969191522089364,0.3092759566121747,392.89231405933174,10.14879104324806
SUB00476,9,113.37497432044029,337.2279921207341,42.735526034262875,5.667158065625486,3.47550106286686,1.0,1.0,4.7641526536293295,0.46775734064900887,0.44182849665596713,461.5971471627225,24.933978986305043
SUB00476,10,135.88446567422451,547.9498977418037,50.57214757351857,3.599261861836775,2.7327392780882773,1.0,1.0,4.541214252255365,0.3313876402494576,0.40387632078452984,677.1456393923955,18.81572495102913
SUB00476,11,112.7470832027296,550.1093606062202,51.679642636028404,2.7079516995714905,3.4893436646597147,1.0,1.0,4.006668778989416,0.604837020854315,0.3402411379420249,371.503358486004,24.911971906986004
SUB00476,12,115.69784600717327,531.4565584491329,40.8883318811525,3.54752172890951,3.7140512864377957,2.0,1.8192312907080135,4.99785410951171,0.4385120900545689,0.25756159871712875,849.1254990307099,12.819453146416619
SUB00477,1,0.0,23.993765573814496,9.835891715813428,0.0,0.0053209882028226185,1.0,1.0,1.0,0.3284072114676164,0.40277732966413526,1.0,21.41004882806434
SUB00477,2,2.1556380316050174,78.29543395541711,19.489321651416383,0.6669899441122351,0.4543853848987704,1.0,1.0,1.0,0.4910097577563107,0.5073382691225063,12.792240608879943,24.32422659066308
SUB00477,3,0.9038071304553027,90.77653026631802,23.279915858627724,0.7527461996986047,0.4449212538758223,1.0,1.0,1.0,0.34479508673148,0.569868690625273,5.189631604179898,25.898976241190528
SUB00477,4,1.2570887617531468,35.407917618359946,22.374566783658228,0.6904657047585827,0.2708170804623556,1.0,1.0,1.0,0.22494907761317337,0.5020504155533665,5.544408628670625,22.276972396424615
SUB00477,5,0.0,10.067538302154418,23.12999753511044,0.7992904206045333,0.3507822838602423,1.0,1.0,1.0,0.49561026556610954,0.26857591553870414,1.0,21.494336891942602
SUB00477,6,1.0502876563685821,33.61893260610375,13.248789976257546,0.9460436142010957,0.038092142057337464,1.0,1.0,1.0,0.3539398741725664,0.26361204936274524,7.624849834798761,27.679607444457204
SUB00477,7,0.0,82.99113820613472,18.079972945453765,1.2922708295598206,0.2716178990086187,1.0,1.0,1.0,0.47481785047906266,0.589182004014924,1.0,11.046472444652949
SUB00477,8,0.0,1.732895506451591,23.485433409623734,0.9455238689243726,0.1761979224088015,1.0,1.0,1.0,0.22113303554094205,0.26894191956216673,1.0,11.223393709404547
SUB00477,9,0.0,88.59839172205177,13.512188031353812,1.027020527520914,0.3740623780023201,1.0,1.0,1.0,0.46281951300127766,0.3231388203744494,1.0,23.998724099369475
SUB00477,10,0.0,57.370115673196146,18.046099593011384,1.3775279393246116,0.14994608523804343,1.0,1.0,1.0,0.20376829206611374,0.5747617997851192,1.0,26.865138419905264
SUB00477,11,0.0,38.34237680456329,16.172470988916313,1.6799913303440812,0.4000459361319476,1.0,1.0,1.0,0.26370008797069966,0.45853538022583784,1.0,10.37585295818979
SUB00477,12,0.0,87.9346902520632,5.12004705124971,1.9620914830371299,0.3969953422191789,1.0,1.0,1.0,0.3260634220306101,0.38793806395014396,1.0,27.80342773422888
SUB00478,1,101.1658106791943,252.06436260959697,38.535009806036,0.4230624049310511,0.7321443052725141,2.0,1.076178245539034,3.5539212467781542,0.5126270671078704,0.2677592685732702,382.37759875668996,24.593997805494304
SUB00478,2,111.82465660789363,202.508771761105,31.81171341108968,0.5087577591737281,0.5937293194047677,1.0,1.0,3.722348220740688,0.5747995245667519,0.2853097903833952,286.2729771543477,11.214239992866734
SUB00478,3,115.10029033902872,280.5053087910822,27.58881911403044,1.2624569744290757,0.02737651237154831,1.0,1.0,3.2749172532633954,0.6218445007783313,0.5889775495591834,551.392256067853,14.943977440976427
SUB00478,4,121.33363814523535,253.62155277239535,34.02050048921981,0.6693334780202536,0.5812503533463287,2.0,1.3645358721107912,3.732018106922015,0.36100280104876004,0.4621572785779947,421.2785527194287,16.82245204615984
SUB00478,5,108.5879759419222,269.12599024029987,34.34263346603176,2.4451742029560415,0.7712104771244599,2.0,1.2902306468989897,3.9851367779001263,0.2765869284528131,0.5630610586163742,739.7272440689628,11.08653199054949
SUB00478,6,116.63046786968872,172.9255921000109,32.603583573005125,1.0624899722015988,0.9077327506200381,2.0,1.6073502341417136,3.404189458547371,0.27757162328592877,0.44747553406632035,810.4740094252733,26.122533087630824
SUB00478,7,99.40085007651209,162.4441357750695,16.94728465735201,3.1519530025275513,0.5080812587495167,2.0,1.3407860457813048,3.0494096038416965,0.4246619655043987,0.33896889891942195,789.0454202420981,11.792206572860266
SUB00478,8,101.98250965634371,222.2088711942034,37.892011292717,2.302923703496125,1.4560021950256261,1.0,1.0,3.1362838500477284,0.49219294677825576,0.3596482182429712,553.8853048759798,26.424610521058483
SUB00478,9,112.38294827713757,249.09180205810168,32.95784276384424,1.3977973207744134,0.7966701577060917,2.0,1.984987156635754,3.760882641196657,0.6185830793825785,0.5781882057012393,459.8555677717719,14.823417616159709
SUB00478,10,98.97786881286284,174.07989235975373,19.750883323361528,1.8008090888572181,1.2955193914189722,2.0,1.6495036384595485,3.515437403683263,0.5088509428708403,0.2523704726406583,698.1623178707504,15.81929039071818
SUB00478,11,118.96609573909612,308.2393602318347,42.848598743751054,2.2340450728082724,0.6804089414958051,2.0,1.3778351699904734,3.3390333546392896,0.26689413496972825,0.3250724428703984,678.4530313330533,25.941784644762045
SUB00478,12,103.6606766247282,277.71676825616316,41.58425253229527,1.644258665966592,0.41745984700448246,1.0,1.0,3.9623418022202452,0.29117830084408697,0.4673657764631541,735.9889345673595,26.910581030462158
SUB00479,1,44.33617093461799,235.72408538085486,43.8479712228967,14.103991072632649,5.170048679901445,2.0,1.6387478727023543,2.2980163466561585,0.3877066709595447,0.43589081444948735,171.77129259908688,8.397377681514179
SUB00479,2,40.49267553231567,358.28617686720827,41.08240652751729,10.514050877507016,5.46024622858309,2.0,1.6658280221601376,2.9697006716399974,0.35499076673189933,0.32968663147532246,247.5628533766603,14.132560154583777
SUB00479,3,36.26090039758586,210.93883739659339,42.864429724231755,11.261979670742523,8.090006806877927,2.0,1.3794674993154787,2.582757743139162,0.45677821543817443,0.3006645397942588,75.86068162124008,22.84939722510987
SUB00479,4,38.399944319180925,351.31637917222963,56.76955966956507,12.361457464199338,7.153422210162385,1.0,1.0,2.4579130353867864,0.5355799417904582,0.4390567801927793,305.07465651570004,11.941884717820104
SUB00479,5,45.09211043750312,351.09299946109684,63.54573803787868,10.63774293572468,7.815190974438341,1.0,1.0,2.0235437358375914,0.4237535618243016,0.4300928143377858,254.77886781551697,19.05285815978983
SUB00479,6,45.86356939033586,199.93627516825268,31.05646732916951,16.388832512142994,6.553729392390816,2.0,1.0529518862306089,2.706985894372936,0.3324839413519891,0.4245207694776878,119.65107010612643,15.815721486607112
SUB00479,7,36.29865931122031,250.41134911693393,36.487741567630934,12.616356968475884,5.963215359660066,2.0,1.2483794646951722,2.4487318785500864,0.3929617114701568,0.31523423430159647,209.44034232047267,16.410700914340858
SUB00479,8,33.75367696189307,215.9030577143106,47.41328214966848,11.59121715378492,6.744896720143283,2.0,1.201423712837851,2.639143309075335,0.47811860440860443,0.41976884451152824,97.63802571468989,13.232477429463618
SUB00479,9,39.83977214612548,298.1286141651722,41.26808501585278,15.988979585889421,8.795594944260426,1.0,1.0,2.7345202167041704,0.2243538940932901,0.3256186398037128,317.36087559396935,23.67971391526148
SUB00479,10,51.8144823148517,278.04353024013255,39.32370498790636,11.626177741828343,6.275209844965271,2.0,1.0187210822122896,2.4770819752530118,0.4615195357742665,0.41632036594459276,287.8235033406105,9.79235631556477
SUB00479,11,50.710907488971756,301.55651710490514,55.04833723032563,15.442609880703364,8.868001015272167,2.0,1.934910319710176,2.1417871373313973,0.367919774915173,0.48064876639115867,369.3194949363181,18.8439859286725
SUB00479,12,43.666444071964285,346.2825507718835,61.931140716650276,12.537296311262141,8.336170918261683,2.0,1.2346080119758904,2.9996197990485967,0.18715084356925407,0.531901998757599,208.9418354528183,9.443362598098169
SUB00480,1,8.024868000049441,1535.6249405905849,49.79776172287404,0.966399973195476,0.31714214172678357,1.0,1.0,1.1426145073162046,0.3718110688585575,0.38050621601208795,58.072440651041774,26.514670618229225
SUB00480,2,6.0854755151839095,1516.675266368708,66.99131703321919,0.0525350982620075,0.23193469653444931,1.0,1.0,1.254105285259198,0.36125200241458666,0.4481532938532107,42.284300065354415,16.736352898542876
SUB00480,3,6.374415213494385,1527.7083772598453,76.98628889648714,2.096887611246033,1.3572313919869627,1.0,1.0,1.8661870338043198,0.5471005132280676,0.4001849511716448,38.21729756690267,11.768931671702504
SUB00480,4,5.768681353361892,1272.627990248498,76.07602642615346,2.4929384023650796,0.02834525221789924,1.0,1.0,1.628712839553253,0.3635078009981638,0.4524127228124391,28.70692020796984,8.205712394328954
SUB00480,5,1.2404761446761041,1471.5672779009674,40.9539943279324,0.5211487384148483,0.7812327447455678,1.0,1.0,1.7119110037393006,0.15903813151978397,0.4892944351987463,3.6317461960553556,14.96335592115761
SUB00480,6,0.0,1676.7157899301194,76.12828795286723,0.0,0.569595751465237,1.0,1.0,1.5715755291868465,0.2275786318319374,0.3201905395968983,1.0,13.94808838696851
SUB00480,7,4.54547571286872,1382.6093730565603,65.34381747604724,0.3413842664649896,0.3529565827816394,1.0,1.0,1.3234756171293438,0.5453218243740475,0.5774827884988398,22.991853893293385,24.75777605029107
SUB00480,8,1.6563681629837386,1742.4854576819782,65.31450582920807,1.8572503673582248,0.5782569595197966,1.0,1.0,1.1868754350830029,0.45966105504272703,0.46365701184224173,8.521407543109953,14.77705188715037
SUB00480,9,0.0,1312.773577185865,51.7490214707379,0.0,1.098451396752099,1.0,1.0,1.485053399729813,0.36923231332014195,0.4798264776441191,1.0,15.74581617958501
SUB00480,10,0.0,1338.6372224718948,78.19274121195929,0.0,0.6043535666061977,1.0,1.0,1.5201785159491636,0.28192858929549247,0.3692380876274852,1.0,16.264116579173837
SUB00480,11,0.0,1220.4253967829532,79.5817534986819,1.7267405964599396,0.5954024081104203,1.0,1.0,1.5422378786598476,0.2872470695691022,0.25462465103471094,1.0,9.861126161714274
SUB00480,12,0.0,1333.8817210878806,63.55091414626971,0.0,1.474953270569386,1.0,1.0,1.0023339538730496,0.19127035123645575,0.5710310173144861,1.0,8.35507228371105
SUB00481,1,49.46648540356414,714.6211741753793,81.22992941773475,3.012358552659588,2.77705844102464,5.0,3.417287541019618,3.115776621698507,0.48542820370578554,0.446949720993139,238.27808133122443,13.11334028402815
SUB00481,2,71.86580560339438,474.09183365670106,101.10268086440637,4.408499849615661,2.143039479692633,3.0,2.6608456860962226,3.882157233364895,0.39637397973742117,0.35764490749524663,348.6302584463759,27.124143246465387
SUB00481,3,60.05269189183629,796.8058394559828,95.62172924592095,3.764011066675476,3.4850988894279475,3.0,3.0,3.223484982661177,0.48747198735923425,0.5524112763419484,394.7808523093223,17.15552717480285
SUB00481,4,64.15199237508737,572.4272439203127,86.98530883381363,4.697502506206999,1.7666518866870444,5.0,2.6365059971902745,3.8815448663014673,0.30806448124609676,0.40785664890799234,375.96531506183106,24.21583854903163
SUB00481,5,55.67921187045945,502.1143233900718,69.0931433363037,3.916967355093602,2.798448455051783,4.0,3.4411478974099965,3.464761106293854,0.4380807680731492,0.30550243139062294,323.165333571354,23.213609040742583
SUB00481,6,52.07176845033064,620.5095453655092,64.47483827692652,2.935464088836098,2.4353789347119164,4.0,2.7829215500805162,3.3525988786087466,0.31449423909887375,0.29550158908680846,382.94977304317905,18.10243928114739
SUB00481,7,68.81183157989148,787.3266066358682,117.70194777384677,4.128912755852218,2.685729881649307,5.0,2.5680454396589747,3.359304190705158,0.5593139550307386,0.28715446142926077,505.77950498995443,18.738244812767036
SUB00481,8,69.27702091361559,760.2814530485425,108.50313695407368,4.30471347977531,2.4003941161062547,3.0,3.0,3.205235974574365,0.42638713825947006,0.2963716883171704,263.3058027788619,22.09255890152449
SUB00481,9,47.08983481213116,463.3536518556181,117.49072153296132,3.8123248700946566,3.2442394608545717,4.0,3.369203501840799,3.4848454580311308,0.20857151221756412,0.3287575317219212,188.08797439639974,14.808631151595371
SUB00481,10,65.16477948121457,694.577308648355,95.72542397664043,3.61108360175229,2.2689723806857005,4.0,2.5448742026138786,3.7705932100991073,0.5550025693892697,0.5900603420633725,200.68401337089594,10.634868609169303
SUB00481,11,70.00821926680537,643.854348919159,100.54118648872395,2.133496283834499,2.186491585076303,4.0,2.563770714186165,3.433362564216451,0.571433236361855,0.5558912383299106,499.774439120807,23.549101115525538
SUB00481,12,47.33909555445965,647.1562350200435,83.50320819643449,1.8280942075302142,3.0883034407971097,5.0,2.505505146280517,3.9350569705592098,0.3602682319601074,0.47911901951907143,270.79395120973294,9.427069716860625
SUB00482,1,3.440123449415609,137.45946998569016,31.04146914959039,1.4626544653154716,0.861105207422703,2.0,0.6637243760484268,1.0,0.5443901436106323,0.5154736319292769,17.124419620124826,23.378182391584325
SUB00482,2,10.077251595780316,174.74620123386,41.59086993250799,1.130777182457883,0.07249375786312184,1.0,0.7524997932487207,1.0,0.2369544383688585,0.4976030672266589,45.42929752227288,8.395592693924351
SUB00482,3,5.810135306336317,97.71460890554394,44.768870607758636,0.8610259116950516,0.8719574215700384,1.0,0.9298181965674028,1.0,0.46073866752957204,0.47577031323698626,19.529337235329304,17.038147510839757
SUB00482,4,8.410252054416489,63.682717560639205,22.33811953256834,0.8252878969282524,0.7006332296600636,1.0,0.8842094060785347,1.0,0.1894507899117252,0.2789597341608964,28.563327462446722,17.08885732572493
SUB00482,5,9.23663609252255,150.8962254449487,43.5091273304839,0.2608299533766553,0.6914277932057862,1.0,0.9530854536937136,1.0,0.4987022108603443,0.3604948757738302,22.12565623475051,18.96538364307287
SUB00482,6,15.683094486643238,133.9034795118398,38.34281944994745,0.7587903921061101,0.33413018519519966,2.0,0.9427062692581774,1.0,0.47905953058597717,0.5054881429848774,62.53942077775703,20.965314331227464
SUB00482,7,11.86150200200051,132.87358376010195,34.76032895893276,0.14523774061533506,0.7602478725282226,1.0,0.7250833709059814,1.0,0.31569274455781005,0.5666493817016264,83.70758252673534,9.953970696990767
SUB00482,8,7.947544689569636,94.36173031250401,32.35347766940119,0.0,0.09354892951367311,1.0,0.687236052633549,1.0,0.23411647693228937,0.325519327261929,22.75336019750234,10.749238394201544
SUB00482,9,16.42275910380885,126.61213608783672,20.01944508431513,0.3937870432568754,0.24283866560317247,2.0,0.8596902009976222,1.0,0.34939040100608265,0.4873823192301554,100.65136930148948,27.595379033835215
SUB00482,10,12.091514559963406,125.73910878347687,29.753452794864955,1.0708208042342093,0.5024785223778443,1.0,0.972406785291538,1.0,0.45648473583379445,0.3014311320158525,60.721548411541974,12.27794800917637
SUB00482,11,18.02166319353241,134.35115192958781,22.310541367859894,0.0,0.23827753799678786,2.0,0.6740650283797536,1.0,0.25246249127251297,0.2948615939815241,119.9707554423262,26.864222145699305
SUB00482,12,9.547830805185185,119.74539023570658,37.665443472071686,0.8526893852369107,0.8919032813484201,1.0,0.7192309240896622,1.0,0.41644444909565226,0.39564789066518347,27.113394825082032,14.761705240991976
SUB00483,1,126.16750011378029,316.8043956196337,46.32766793574632,4.652857578352114,2.1479969336659783,1.0,1.0,4.023498245295585,0.34789555648383363,0.4552810632651876,718.8615177820674,10.282717938024557
SUB00483,2,119.18610637516343,523.8358331066298,35.10373263261251,6.862899367800315,3.0761297032006816,1.0,1.0,4.095474182643982,0.5558664431804272,0.5254980122399668,472.4963649593969,8.440130693147136
SUB00483,3,136.04107806609568,370.8119475831699,41.14559156096531,5.296109929466883,2.776315470727414,1.0,1.0,4.78114784672745,0.4703250130199177,0.26173534209931404,915.595920217216,11.101564619742025
SUB00483,4,117.20719058499617,516.2173312152433,50.893847808691916,5.087825031818189,3.1023207337940235,2.0,1.7775921846284923,4.828553349703403,0.2737054649164856,0.5684565650103147,523.7504487934428,12.72928006704586
SUB00483,5,110.45801282826716,436.3513039556685,33.667479638311086,6.6016590800727935,2.711541183237308,2.0,1.4248046779804548,4.157236059112124,0.29591147142092944,0.5979857254794585,410.2722842139302,8.22585017284525
SUB00483,6,112.92488260332136,305.03217916361103,43.049899535622636,4.649681109674195,2.486039209956809,1.0,1.0,4.792034032301068,0.3863647995088252,0.5658681552325083,280.58541099653235,18.804989357626336
SUB00483,7,116.99845079297295,419.02447130085767,30.79956730591146,5.306824359610014,2.1495930359195867,2.0,1.2465876896022894,4.422853863707176,0.45932168069273693,0.2671655121293284,624.657534278009,16.987777325649557
SUB00483,8,125.14158817685689,470.2647671701012,31.888637748153975,7.020400118530448,3.7579592223016762,2.0,1.5866613962248828,4.932629139161744,0.6231408089926191,0.38003760730605873,890.606892221942,17.250516666350315
SUB00483,9,110.03181415263872,387.9138461735062,52.49706503941136,6.20326702145624,3.5967691736975667,1.0,1.0,4.554289118701728,0.38189697301310743,0.5021011657061554,639.5731180697159,22.379524612577725
SUB00483,10,126.64336482659792,571.629968352338,48.9042964402105,4.486632516586493,3.701577472798758,2.0,1.8008040168113397,4.58416025920874,0.4106173050895978,0.28874364391737456,727.3142655607185,18.462572641905037
SUB00483,11,130.9489741253322,418.6048072535541,31.992385059124764,5.476904253668711,2.0330607809157213,2.0,1.1780078470159747,4.6818056661313,0.39755058433647594,0.5970664786920141,668.4137283308535,16.26491781847141
SUB00483,12,135.09680860621734,538.3342164926244,43.669322981598356,4.868823703881331,3.8850214695926,1.0,1.0,4.653431019334964,0.6050780011484022,0.35434546335566774,690.5077750051707,24.357975732107665
SUB00484,1,2.1334682484914285,38.35835554270632,14.65811834352592,0.5356471975849286,0.25896459317914206,1.0,1.0,1.0,0.24778832484472252,0.41939960146501376,13.267295253990165,14.28282677529973
SUB00484,2,2.1714050281415656,67.72572890286753,10.063960674572117,0.22780063112430787,0.47778540394397284,1.0,1.0,1.0,0.28607546138400364,0.3175171619796179,5.3773998760595925,16.58493717428805
SUB00484,3,2.3870575420108597,59.100989314914656,14.745219292689121,0.245398537057621,0.3072621791047861,1.0,1.0,1.0,0.16080359848189008,0.5923087806539764,10.740236363339823,21.4721603229478
SUB00484,4,3.9333635444398696,37.81184679985009,18.636672717605002,0.17821113812729034,0.3297195576523355,1.0,1.0,1.0,0.5334030301902417,0.33584042705972633,13.159109703999189,8.870359199563925
SUB00484,5,4.06337167039134,77.99785399348033,6.534755693265739,0.8894745662015627,0.08549467124945709,1.0,1.0,1.0,0.3167359725401764,0.45115879993289043,8.603051855541548,24.219434887922766
SUB00484,6,5.232574009437071,67.88804007831487,21.788007669149575,0.23320036221573057,0.022542315586853268,1.0,1.0,1.0,0.4713536105811732,0.5975424368127952,38.68769276928362,27.25588561956416
SUB00484,7,4.060049117608384,63.05674020422954,24.373806633514707,0.7389716966862403,0.3875733699937563,1.0,1.0,1.0,0.5000710756138486,0.38714752265953367,17.264242179030227,24.66867814741028
SUB00484,8,6.640295973220564,57.39832320976967,7.361664995063508,0.4708689833900207,0.09302234566973383,1.0,1.0,1.0,0.21524011781151453,0.3757432028083217,30.76994683621805,25.000905025746814
SUB00484,9,7.415183707551796,52.0572884533387,9.468783890413523,0.3886945989720307,0.4670711726304612,1.0,1.0,1.0,0.2754488887337086,0.5514046285949884,50.387129054235146,27.527087710010292
SUB00484,10,6.5559744510318145,38.43826174017068,19.472333946333833,0.22792276675569342,0.3065014532607733,1.0,1.0,1.0,0.2693752333101523,0.4456180974487216,27.25793566670148,19.079009640164294
SUB00484,11,8.36564375103293,15.470190123107928,22.06704879892016,0.4439216027247085,0.30684958244783933,1.0,1.0,1.0,0.2672523000224626,0.39564497632738743,42.11801835154196,16.656913637386477
SUB00484,12,8.232066149508253,95.13930934310596,19.330744564651308,0.4613692076634541,0.1987609441234019,1.0,1.0,1.0,0.40356220072360827,0.3762291377588688,50.94649678904165,18.542195157634268
SUB00485,1,94.62256348889629,304.4473686099369,41.574925372369464,0.38880624980383577,0.441555599195591,2.0,1.309598059811519,3.138198266974739,0.26638159785007126,0.35531956267320763,596.2922031353175,17.39089480614501
SUB00485,2,125.16698316867182,289.413606677013,38.25918340061078,1.2861428609377594,1.155048974815955,2.0,1.300256402465707,3.2204427772287527,0.421854061859261,0.3250078701338849,891.0677693643803,21.59846854615839
SUB00485,3,112.2765853071355,211.06011654454622,34.29673413862115,1.1604667242146616,0.09236858553868338,1.0,1.0,3.182330082786655,0.4774363299986475,0.31106216581548285,569.3819725692703,12.415460067038886
SUB00485,4,98.78219494797975,300.8548806085489,24.698768986193333,0.6061366233657293,0.8246903386449458,2.0,1.7618947768768034,3.279302170945089,0.39057196181145426,0.3179355772773748,612.2626927453721,14.764623396030471
SUB00485,5,121.35822310830832,213.46321280806808,19.002084563325834,0.4771481512290363,0.9571911056184614,2.0,1.612598292042576,3.906652131699113,0.4083226518839316,0.4649617481561308,957.3253796318847,19.914530544473315
SUB00485,6,114.39693899123591,218.6194884426708,28.136516342062755,0.0,1.190246161250637,1.0,1.0,3.7528190441252303,0.48123092637119624,0.28705937277889254,335.0393807946026,24.529866061492687
SUB00485,7,119.43190638903488,184.29778556893177,41.26753911871161,0.8510416475452384,0.1637845582712456,1.0,1.0,3.9329611884382354,0.2862623574881518,0.3050973567984305,947.5298987435449,25.57771455838258
SUB00485,8,100.20424645447427,147.59459252142352,20.80671604149235,1.432945813586056,0.1663433054981941,2.0,1.0656989616922994,3.938403018191084,0.6183626155746402,0.5300498189046892,216.44733151021828,13.354879397560774
SUB00485,9,110.4165292012633,206.06293986671508,19.382988530570593,0.6206882483885786,0.3970039316186492,2.0,1.230527357129612,3.310316024075713,0.5549143660737316,0.4522450636780763,426.76941561417215,18.96437536441557
SUB00485,10,95.72833669188111,282.09404242460636,15.223148392440487,0.6327035349752499,1.1165060907759017,2.0,1.9229357611992952,3.093724497388783,0.254754672149327,0.37897602694785504,337.5390756836396,16.2279079174114
SUB00485,11,97.05138369375764,263.871502305802,36.083802860292806,0.0,0.6782788283539526,1.0,1.0,3.4665148471402807,0.37103597944886424,0.5899987542629874,302.70317198338864,15.74154859090945
SUB00485,12,112.54184097226783,247.70130892894716,43.83364468417402,0.0,1.2120950506367825,1.0,1.0,3.865826988475674,0.5056199498786593,0.25616586922048723,831.2490539303585,16.08394907750622
SUB00486,1,41.01508115156449,262.84447894996765,50.952804007240246,15.683243886373539,8.65151325632404,1.0,1.0,2.4810692810948525,0.29374138863241217,0.41107284676135625,296.52156664592707,8.258392417822986
SUB00486,2,35.25284953051815,295.41125976773986,37.070304069274044,12.501531582802722,8.922106331408925,1.0,1.0,2.0386801715638883,0.4506049736984806,0.5448918709509365,135.08026148737693,22.119850466854516
SUB00486,3,50.246614154270596,297.4028299702818,37.6069043798685,11.508756746620303,5.369135085223467,1.0,1.0,2.937223934080936,0.4162791933105233,0.34886465493413726,341.53073926988765,27.57296038532744
SUB00486,4,32.39235830065344,351.2723395323984,43.26139912195936,10.590399185340157,6.034550449717085,1.0,1.0,2.9290263851536342,0.1812607262040355,0.41829023086342076,238.70352794039118,18.585709563063148
SUB00486,5,49.75223170891805,287.11842800837184,45.64255532866148,11.697217119161522,8.39108686461798,2.0,1.3868225607896054,2.929313651931855,0.3812738902713654,0.37719017437629676,373.55598944337294,13.65473135256087
SUB00486,6,33.11755145849217,320.59996081983616,51.80908441566928,13.656321346292124,5.835284489475979,1.0,1.0,2.53102603562695,0.40619559668672534,0.28379120120500934,191.61931020833902,10.383477778441277
SUB00486,7,42.49270166249711,221.56557234669003,52.08872545745848,14.051374009579241,6.330909572070655,2.0,1.8133189404941004,2.5333549820003434,0.541150630750882,0.28858730732777776,247.78928077446062,12.015401220399916
SUB00486,8,39.86199210566056,241.37514317432277,49.9826707425578,13.261870078965881,8.198477137718939,2.0,1.0272384072106084,2.9067767602846306,0.36105172343886843,0.5951895343279765,88.91735315567108,26.377932973293337
SUB00486,9,44.63933045234794,250.16374473889226,37.838739577217616,15.2851580093017,7.558945606051319,1.0,1.0,2.621133198334027,0.32828004434782404,0.3595826190542586,337.41285505799243,13.090018067804236
SUB00486,10,45.67425011330604,318.23520307070464,45.813630295761705,12.512071910089606,7.1428333530158135,2.0,1.1595769813351846,2.597964987154689,0.4540395412729804,0.5062776415604813,272.7014271257302,15.88708659290428
SUB00486,11,44.54463989097637,199.8291781648125,46.33291196885273,14.112125235642972,5.870928561375668,2.0,1.6381170471381181,2.5974729244394537,0.22156460730620436,0.45971863603906654,298.62311960170473,10.985316958859613
SUB00486,12,37.136330160880256,323.9495450620922,31.850524040060183,15.28250299156263,8.332844258210221,1.0,1.0,2.2428285915523047,0.16167899828939952,0.30943075084572386,145.886876095931,23.426038404978964
SUB00487,1,2.6738708513676968,1620.1190675403857,61.59856471879461,0.2239574731407326,1.4845771343999206,1.0,1.0,1.6392345795703465,0.4529357132676737,0.5408750872149944,17.406415566306435,27.57926018921722
SUB00487,2,3.2669360802575906,1634.843732537839,75.69734357323438,0.7001780076496961,0.6094521758401419,1.0,1.0,1.007514951880961,0.23945641671249213,0.5014944131886643,15.749206751864435,23.288865023428826
SUB00487,3,10.68285447181766,1420.3036557558773,63.425884802522205,1.875467768908774,1.1987138020300057,1.0,1.0,1.8475777899303223,0.5171484442445515,0.3744445288421031,28.250666086362784,18.01941215998429
SUB00487,4,6.21080925997311,1538.6789156324833,41.821477134131385,2.5450954471016454,0.862256821000779,1.0,1.0,1.4923259987600468,0.33112045048216676,0.33661916549100146,42.33272129481148,26.136759709641176
SUB00487,5,4.323994148500565,1285.1761099359344,47.158890640011265,0.0,0.31410550738966553,1.0,1.0,1.6423162796748398,0.5188244848845408,0.3471241694435194,14.991386610254226,10.476908196601544
SUB00487,6,11.167508311404225,1424.1417378191213,61.17226218395432,0.0,0.5883985694277356,1.0,1.0,1.2584370313367286,0.34359112346477194,0.5047381205340609,88.64311553352728,26.430991564676084
SUB00487,7,4.929650984147987,1741.2116465874562,40.44216055322339,1.5066743412239427,1.1405000324387777,1.0,1.0,1.46476573733404,0.32578555359249944,0.3851244213269408,24.145851959645544,20.433208459419532
SUB00487,8,2.0763083617641005,1709.4567256698122,44.76883244748831,1.3299765312751257,0.2228532184684467,1.0,1.0,1.819634104778021,0.3700081054310237,0.5726081740845989,4.311279901315265,25.249239064946583
SUB00487,9,9.852610987421393,1748.670175074547,71.84847071874746,0.0,0.5382810565622099,1.0,1.0,1.6467387795920168,0.5015574817078626,0.29488600430587614,52.35267849470844,18.731534979380335
SUB00487,10,9.691494280184532,1352.1722111299184,53.39580721902942,0.0,0.6300494367007499,1.0,1.0,1.7044176349452593,0.19457130128216665,0.35387515133784897,31.74457320121357,9.685160392289715
SUB00487,11,11.810951198980678,1333.6124452267616,74.11304840933076,1.4102262341051355,1.051334893815289,1.0,1.0,1.5178026990116118,0.15296607359702233,0.3371985672506097,60.7202424016553,14.691662035591397
SUB00487,12,5.22117475441714,1711.4402836914815,71.43797824673305,0.40503461017002795,1.1045475103458555,1.0,1.0,1.0504940898594128,0.2377746122145649,0.5257812907334506,29.24596643597826,19.955319933713504
SUB00488,1,64.4631185256317,532.9999435514703,78.77177105121136,2.286677875226553,2.661728453766722,4.0,3.0265935998060938,3.008970183571984,0.4799404609964004,0.38473410634406396,239.83930957499902,9.264318992034735
SUB00488,2,57.99940605464625,603.6645411670723,110.76360829739741,4.629738256142623,1.7809659328198293,3.0,2.682590414483719,3.644011822930091,0.42265717759327737,0.5775215298637857,248.3651086937707,24.280469079126448
SUB00488,3,58.63225261123532,731.711366583884,71.46759750994744,2.558899252458714,2.368784964243922,5.0,2.6076444546703907,3.755137904211515,0.37506048888367405,0.5067552207303913,152.55706778230072,8.276985016397958
SUB00488,4,64.52949900265651,780.7791721058462,97.07467374689654,4.783315079112279,2.8718530863274383,3.0,2.790577819712344,3.79918899979332,0.6376748865474938,0.35951984409315496,204.4130550070596,26.315520283691317
SUB00488,5,53.68608976880468,573.4889881168011,115.805838396387,3.6142589884443757,2.0397970177884392,5.0,3.360287055153582,3.3584841130627328,0.5408309895670863,0.3853207306594276,293.63474129770896,20.624279952756652
SUB00488,6,60.31834100683426,525.2520305387108,62.911359541733155,4.958341084504127,2.3727122719452414,3.0,2.890604225238202,3.9053012593039518,0.5278216627956291,0.4242698642793663,367.69822061019414,17.9219331989159
SUB00488,7,60.93130541022261,585.767496607122,63.21717016529908,3.048818663414014,2.813331154756951,5.0,2.9098099251108107,3.4232276402404134,0.47021234895646424,0.28799289983974485,417.49320296920376,18.926619267356536
SUB00488,8,71.39573771313285,435.62694040315967,88.64908115665695,3.0347084703897877,2.9161510218517694,4.0,2.9315255396206554,3.9910964388848016,0.48517771637904894,0.3453937134769486,239.30764297796262,17.487971121091316
SUB00488,9,59.96375040562618,638.1398075930846,108.6426997699165,2.075479726205826,2.9279739713861312,4.0,3.4719427439426465,3.1284342199727933,0.38452991551388116,0.5844709691142433,418.72574035986764,24.21042384771274
SUB00488,10,75.24027705281125,591.1931425166455,119.24761364844481,2.8887272908415067,2.269533796218492,5.0,2.985539505387308,3.5929695309834235,0.6111184182636682,0.50274324301758,512.0109790829679,17.04353964809757
SUB00488,11,60.1803359728934,794.1999933376528,112.40969465738127,3.744933163180994,1.5516482207072828,5.0,2.7077422837008043,3.0070107150795296,0.38064161955889175,0.5694711803001969,433.57417149811226,16.77011709251788
SUB00488,12,83.35107521602299,638.8607745231408,66.75130828113409,2.294632702469894,3.4917872263862195,5.0,2.8160997558148395,3.3454389902667985,0.6372186417304017,0.2588905779965533,630.555604526976,19.478905967098484
SUB00489,1,10.300390308931288,81.47895981413393,27.69473312571078,0.6738043303950356,0.6726589967887309,2.0,0.5540151088589309,1.0,0.34128381716324785,0.2687869196165566,67.28852682301414,16.265986214387773
SUB00489,2,2.9764381269259115,147.58593998110493,43.584117458953926,1.4119963361002177,0.11873558878121904,2.0,0.6203094349456018,1.0,0.34752702955705944,0.359660066777563,22.977129775361178,8.58126016898232
SUB00489,3,3.524914318881045,63.11163570512862,39.47302558744939,0.0,0.9515488671928592,2.0,0.7412094603035868,1.0,0.4853914444058849,0.3172614515495721,24.605816811386312,12.957567629494015
SUB00489,4,2.448171224626709,118.9541964051564,16.158218098244994,0.0,0.09078092272148564,1.0,0.6868830024384063,1.0,0.43734641087139925,0.336164170438576,9.709628079240074,16.656107774624907
SUB00489,5,5.167570683587581,69.46557871465575,19.144189336395677,0.2494922961154673,0.07479808975726043,2.0,0.5181649508720156,1.0,0.3536142241328717,0.5650179023903065,25.966892706090622,15.590601519181913
SUB00489,6,10.478095776833893,156.9120510873218,34.50831060370706,0.0,0.838996525668326,2.0,0.7775857578909546,1.0,0.176972998546126,0.5404736611925776,70.88973843803927,22.832820780428293
SUB00489,7,3.0530396909443454,95.46694970965238,23.411711587819998,0.0,0.35680805268320614,2.0,0.6159062715363806,1.0,0.4374253666190647,0.5363733592582269,13.671713774643148,19.72811928371091
SUB00489,8,10.098658954988306,84.02983850567625,39.029286432118425,1.0249415778589432,0.9188650784171587,2.0,0.7602875401027034,1.0,0.2962698276489508,0.25513797470840327,55.99064069296124,24.262230544279323
SUB00489,9,7.224314669985362,107.9758300014019,15.355279711529185,0.08135780169675955,0.801620218120002,2.0,0.9088738916042103,1.0,0.25726854745440136,0.25665692670474705,30.012246065833022,23.88538522394829
SUB00489,10,6.505851115254181,116.42452696605692,18.171069897676443,0.0,0.7119374598232834,1.0,0.6441890020189445,1.0,0.46791245706197626,0.5753504486060419,20.547347337602332,18.547289495230892
SUB00489,11,12.894277639664903,101.97494710332373,30.148634474860028,0.0,0.02584449503714603,2.0,0.5719877303326935,1.0,0.5265875721274099,0.43149025735968044,100.35677479075731,20.280365605666105
SUB00489,12,7.868051405422521,78.02081726478437,16.870452613683184,0.3160872348216772,0.46336717763532187,1.0,0.7251241484787236,1.0,0.48534774888772014,0.27216847201142413,35.38221868611548,23.350407704574728
SUB00490,1,115.4577723248277,560.8519067482854,44.38494692308063,6.133539333172836,3.8084886567382323,2.0,1.4776853935504333,4.454892968125035,0.47740911169012856,0.4161770354530586,822.3167451461663,12.80723761546093
SUB00490,2,114.33364618365235,457.2801555892346,46.27925829915823,4.672659160813089,3.4221160255335823,2.0,1.605582272005186,4.6748123815542035,0.46268196803702,0.4404249630044821,282.30325383679724,16.920277356618598
SUB00490,3,118.78686537529728,523.4235854890669,32.709271097315494,4.525706688749052,2.1363526368102237,1.0,1.0,4.86820121495454,0.4973052105776814,0.3109519664359907,947.1723551373688,25.22115573056626
SUB00490,4,116.53050332961749,445.47025376047304,38.850232981997785,5.83553658008192,2.6070194179386736,1.0,1.0,4.078051334900711,0.6366181653346393,0.40183660428617496,627.3706153920645,27.809295985853456
SUB00490,5,141.89054830298878,469.30769605151966,34.547177188663326,2.5775318933741955,2.528322556298226,1.0,1.0,4.652555697268341,0.4640330142697825,0.2887599743589171,1013.5948428091199,8.777120911539061
SUB00490,6,134.0026629863729,497.5898892080222,36.158924131820676,5.522339297997564,2.998897327579669,2.0,1.1062199643211947,4.4268952102702785,0.5140202658673061,0.2741084136027034,556.7897158718023,17.012338391788
SUB00490,7,134.1381187337266,529.526611324396,42.54137854761931,5.139789795902509,2.9856331511920526,1.0,1.0,4.552465283098146,0.43467849637934386,0.3603814032122336,983.1161949506655,14.172534860518155
SUB00490,8,116.94931696667356,540.4518911426572,46.18207719554173,6.027363123109182,3.2651483699557664,1.0,1.0,4.345648179304423,0.3009810235991761,0.3346691538714136,836.7072425061838,14.617276579361608
SUB00490,9,115.82133750973229,557.0563912574778,38.83076285433996,5.0730203004825345,3.226161388528997,2.0,1.7672841407313924,4.8997875108672195,0.6367860740175042,0.5289454350261021,417.42438318111476,20.366120361993467
SUB00490,10,144.0806138548463,341.66194681082914,45.71053854926575,3.3916650661122274,3.523377401308311,2.0,1.9097145191966738,4.59542625316733,0.551807656312877,0.3133880330834423,872.5510912665314,27.363011046844722
SUB00490,11,121.83010498805952,420.77454885613685,52.36937329456879,3.29934485935165,3.5836163075683682,1.0,1.0,4.941875006595929,0.6097710501659519,0.4767919004474265,628.9982313797709,23.588590410910662
SUB00490,12,136.74226934003266,374.4932364067658,47.273352624794384,2.9554980354255207,3.4586240273065254,2.0,1.919021853762641,4.029511329686816,0.5013028236693279,0.38456735221035354,510.602299935113,25.99716109355212
SUB00491,1,2.47049191370524,62.84117615046076,17.37457592750701,0.637203543904743,0.4669298964034584,1.0,1.0,1.0,0.304147636640012,0.5574799957295933,11.039903180853896,10.370991546275057
SUB00491,2,0.8570175178225493,65.40932097700966,11.737588424984073,0.21839100940814604,0.49737027979899573,1.0,1.0,1.0,0.15318633613485247,0.5795809807731237,3.438684331009462,24.513746830496366
SUB00491,3,2.937281571019598,25.550866478030652,23.632638531343776,0.3206233046014853,0.10434385007645336,1.0,1.0,1.0,0.44395151663011345,0.5570600892434,17.841773925323707,13.039116243214307
SUB00491,4,2.1018566906027605,63.80134359350795,22.993454619659488,0.50292504326089,0.18346735592378843,1.0,1.0,1.0,0.2799787114137592,0.3453605968778082,11.339909524311878,27.38086701279273
SUB00491,5,2.427144446959835,66.71386366442532,8.06951613610778,0.0,0.08267809794618569,1.0,1.0,1.0,0.3702531617311023,0.326362464176412,16.226806717201136,23.688884700071313
SUB00491,6,0.28452072438857207,0.8649694448344931,6.133545196250991,0.0,0.2531469289363825,1.0,1.0,1.0,0.2779346387899618,0.5525055952142875,1.0,12.197782497739196
SUB00491,7,0.0,0.0,15.201543489632268,0.0,0.42755642398430865,1.0,1.0,1.0,0.4601118686708172,0.29947620860480734,1.0,18.288198788914872
SUB00491,8,0.0,21.269460273469804,16.17356798390859,0.0,0.2320182859642107,1.0,1.0,1.0,0.5307847886235383,0.5820768070845274,1.0,17.1790156747205
SUB00491,9,0.0,66.43906848850298,22.889055053205286,0.0,0.3671821112644439,1.0,1.0,1.0,0.35284070262032907,0.26740650789262,1.0,20.205760549408932
SUB00491,10,0.3338701476710232,56.93489840534134,21.118844061908938,0.0,0.2837454513530915,1.0,1.0,1.0,0.2410274552927401,0.5649029492799262,1.0589191427362643,9.929841220001187
SUB00491,11,1.2406210128901727,3.8100825676101344,8.007330560551019,0.0,0.4810875607264836,1.0,1.0,1.0,0.2832945855122708,0.4470098317111366,2.555083375639373,27.785200468576953
SUB00491,12,0.9965033950445072,69.15711032741022,13.033528939471388,0.0,0.04194621869380766,1.0,1.0,1.0,0.5292506705781514,0.44345372296572805,2.7220398517027533,11.937838529494446
SUB00492,1,119.49877870827062,165.36890497808014,18.756356025446582,0.3497564387494714,1.1135480058209302,2.0,1.0256241985887582,3.9915885767592387,0.5274337633271025,0.319641479996131,312.1118036759605,13.660361720843373
SUB00492,2,115.3037751975988,186.4098266460984,39.92783057282395,1.3465960156341132,1.392605172963501,1.0,1.0,3.610589486476141,0.5590636922471709,0.2959967863773111,806.8733759969102,24.97109188667592
SUB00492,3,104.09213339797003,280.5203042621765,32.35691197555566,1.4647579323891269,0.4350347079716443,1.0,1.0,3.433803376550477,0.6000750421687826,0.3621915436376456,468.273911746804,8.576056479619185
SUB00492,4,96.10724380635958,287.29008751928507,42.29140013682442,0.261346018355613,1.3328807692640574,2.0,1.3463949194870013,3.215070191302444,0.6433863071397516,0.3533794067373198,508.5114937534713,16.475610938946012
SUB00492,5,108.09625731745234,210.45049153544332,21.932401299530532,1.8417797586698188,1.3885345086710132,2.0,1.337164052849023,3.2189618280048875,0.611885360560328,0.3019837535813717,234.80266724598536,24.759217729826794
SUB00492,6,117.49362053131284,253.58858538201878,18.877428323306045,1.1917759877819807,1.3566643473996256,2.0,1.7118607652412472,3.3645477996525797,0.327431388382066,0.27772158966553306,303.1844851843446,11.154338076669593
SUB00492,7,108.67979969152383,162.99903601889153,34.30197343167309,1.8453878264489552,0.5268989796479754,1.0,1.0,3.6458751226352373,0.4099347092375023,0.31842823677467547,769.7109335703705,12.140700576193236
SUB00492,8,114.63302896198239,273.20331024738,21.496335737979216,0.756670828134163,0.152703065808808,2.0,1.8406502222245376,3.015891822552803,0.264838970304034,0.38880394880069796,292.35208026090794,9.711612884957765
SUB00492,9,96.61705189980576,227.481802153027,28.424132486806812,1.1984502907280634,0.15592143658596247,2.0,1.951646045076512,3.893537633119439,0.25183541978780283,0.34683556770058677,527.3898655394142,22.131622209874166
SUB00492,10,104.85915224821802,236.60808120631145,22.5628668484923,0.0,0.5273687018157945,1.0,1.0,3.6947123193501747,0.3074256393041544,0.3505550097230447,412.78426432415336,19.75420697612879
SUB00492,11,113.25390997639869,255.23738801770702,39.19742989554389,0.2536808088810017,0.8745863403775376,1.0,1.0,3.504210626636283,0.2869990974628417,0.38849059535114205,274.5309736151996,16.656965119474215
SUB00492,12,117.05188947604155,239.7094920282758,21.534258686426647,0.3255430533669841,0.7715748739290121,1.0,1.0,3.5277393858261927,0.39214695827250723,0.3408859819702599,756.0754248506674,25.813255248701974
SUB00493,1,41.36606711902323,325.74476032706514,47.8585525369135,11.870523248717141,6.977657080870207,1.0,1.0,2.4486563795002723,0.23144472896608898,0.5227308586090684,216.79578243113778,20.64176964084585
SUB00493,2,41.474679459467694,206.937668368205,57.06987853355409,15.024326572470352,7.932379818150653,1.0,1.0,2.3871558088565723,0.26958638293015513,0.35193103506609397,253.2001543673478,21.6148346469643
SUB00493,3,41.54206569703987,245.31275499501146,45.43081046983128,13.544647921957543,8.660262992869454,1.0,1.0,2.702921399008832,0.17120323412983146,0.404585220322133,92.04254668455904,26.559304094167643
SUB00493,4,41.75628570132634,313.314768476396,64.3261837344049,14.106097163180708,8.102478047984645,2.0,1.1081440499078097,2.334357934913952,0.4513633753913512,0.56268278991632,124.44491658987762,8.00272462872007
SUB00493,5,48.56458493970629,268.1889663032401,56.123472646998266,11.454635990994557,5.862758043079062,1.0,1.0,2.1106985283588457,0.3729643025422742,0.4611126412614206,303.07273447187043,13.863555153108456
SUB00493,6,49.90356568522007,274.4429310808766,42.84983702263931,16.001386408646642,6.221144735392738,1.0,1.0,2.5893621376870883,0.31675834467112884,0.3785236703115497,304.34969018440194,27.64638748990627
SUB00493,7,39.22141956561525,253.26667032056733,53.149486159357394,10.875673303060596,5.116430977477703,2.0,1.7551111538193074,2.6677299618512635,0.5097507745472227,0.3999433955559309,116.63266185514806,9.516601177584887
SUB00493,8,36.416312209478754,246.52944729539942,53.085845154426224,13.094040805138862,6.843634633125376,1.0,1.0,2.661092120692853,0.3585223089643915,0.3011901237997237,185.29037714546538,13.202021905308165
SUB00493,9,51.90831945503535,361.7277764415278,58.721992227509034,13.599548681754058,6.930422410551996,1.0,1.0,2.5510316243930777,0.28582894843549306,0.5442005113028866,375.25578279339396,12.154610119083777
SUB00493,10,52.00948321324899,291.7120973858587,49.936771297539934,12.301189227653559,7.942102577873989,1.0,1.0,2.5959409182190236,0.35228026576179694,0.3811987135174251,192.03526142255527,9.356884500127848
SUB00493,11,52.414771931320956,288.5751084943836,32.90972611552663,13.32761872967698,7.203144331640681,2.0,1.2475218750274184,2.804681474618252,0.5060816699478153,0.36495802446051884,387.1742168827892,8.39943523479371
SUB00493,12,47.305152755285285,365.6230299881948,41.16958014268516,10.904745652131357,8.306555949154776,1.0,1.0,2.3754292243415556,0.4408427039059526,0.5545517290245423,271.8882914324351,26.992386921798083
SUB00494,1,1.9462234998317158,1276.8217133419182,52.839081415910364,1.6227318620201607,0.006874541929189126,1.0,1.0,1.8445745269503266,0.2655628604804384,0.5096681914005561,14.121715955744133,21.82121130255049
SUB00494,2,0.8207319232352035,1471.6107999090818,68.03562040499676,1.1322183133220154,1.1968143707441579,1.0,1.0,1.0839009228056837,0.46501486556618654,0.27959108708042285,4.457103368892062,23.193904282727573
SUB00494,3,1.182489542029658,1801.0448772048153,63.150938754072115,2.4157727469547208,0.5114396147767379,1.0,1.0,1.8078171649543915,0.46813976010171776,0.45311817127199683,6.973961749274916,19.391319258549977
SUB00494,4,0.0,1258.7787552659347,59.71134767180543,0.8344617278132602,0.9405107188187494,1.0,1.0,1.6731048960977368,0.4177275146299847,0.4914177886055985,1.0,22.15708670443179
SUB00494,5,0.4550666989151462,1670.3032699084608,77.74113964097701,1.431841238980776,0.5684723652483693,1.0,1.0,1.6394767259720568,0.3745814657796885,0.3479992336404325,1.6167486910281221,11.21636270426663
SUB00494,6,5.207827036054056,1315.9152060098854,48.24552614512287,0.08707935632899311,1.3845849563029158,1.0,1.0,1.292899791530655,0.17415830325813003,0.39678763225360864,32.86872638236074,9.682829372410179
SUB00494,7,0.4076490600436413,1720.2816208387133,54.753313652517456,0.46231120902776224,0.42738402043438234,1.0,1.0,1.7892539212715364,0.39703730306717466,0.3906356580512206,1.1790151934643647,11.99555100034407
SUB00494,8,2.434488357122457,1423.4982086093348,74.35356000571812,0.0,0.0019487311981785105,1.0,1.0,1.2787890572983476,0.18015271234744118,0.370602748113345,10.710421985154428,26.521337548098774
SUB00494,9,0.0,1550.8854824760792,75.65729327490459,1.9099280575707702,0.3302785594330529,1.0,1.0,1.412809708849081,0.3866119458074807,0.5200411613530069,1.0,8.889600483197999
SUB00494,10,0.0,1348.072313550621,71.87366208869014,0.34296556653807164,0.6371642342991432,1.0,1.0,1.3005579121627666,0.4622324992193775,0.48214380565549925,1.0,26.929728492568046
SUB00494,11,0.0,1577.8956380630216,74.20546604330312,0.6694137510792224,0.6852207044162244,1.0,1.0,1.0889122476680437,0.17180840264052807,0.27416276060597505,1.0,13.679323211198055
SUB00494,12,0.0,1656.4947362751543,41.737011434382474,0.0,1.3076198007452149,1.0,1.0,1.84876990600344,0.291973580430382,0.4161406948377592,1.0,25.963640874212214
SUB00495,1,48.977216727601075,777.38311323674,113.68127379498205,3.186058868409532,2.2178836085689473,3.0,3.0,3.310577245559591,0.45280634021453625,0.5603076011347627,170.84210585199853,23.610791105632998
SUB00495,2,77.94482033614304,577.0365231782735,104.73088753587126,4.52401199883217,3.455425913231404,5.0,2.7150852200881426,3.99945020463528,0.5317232855369443,0.5696062299254392,388.49340058986354,25.870195238415313
SUB00495,3,79.42107160808072,702.3931228794518,68.11234417475055,4.24281337906997,2.748676402159421,5.0,3.0708213867735332,3.532341524872944,0.536944686128278,0.2812435628933097,350.6896928001139,16.411628373626883
SUB00495,4,63.544529392999955,667.4246040644123,114.7319431754555,3.792601824283342,2.4836205307676202,3.0,2.7581437884814126,3.3962322669173477,0.6183121419932749,0.5738070292977309,485.2496894612327,23.3200791329981
SUB00495,5,55.78612394103495,581.9676872017997,87.68645537535781,2.217582016346598,1.707276444283874,5.0,3.382370310415049,3.017627572359853,0.2681415096980794,0.5102015069292906,376.1382512037319,8.687816410345803
SUB00495,6,72.78463098853024,568.0932637893501,78.42222920985043,2.4623509495718703,2.087818771759073,4.0,3.3909812479552097,3.4079175689600767,0.36085472464120927,0.42723559953861356,204.09358872140848,19.290825242115666
SUB00495,7,73.20277343885765,461.9808622537466,105.05664492486567,4.450941066913695,3.220815534032029,3.0,3.0,3.253714657220131,0.6405084055470195,0.5282844531921387,468.2221026096612,12.60105258228787
SUB00495,8,58.12045293728603,567.6731032196819,87.54229554271265,3.9670487550534412,1.532586206671432,3.0,2.841341011942357,3.4258231864041635,0.5180020508875999,0.3438575357200339,258.05635178314793,27.954313412063172
SUB00495,9,59.14337283073928,615.7345914925198,89.73383118674349,1.7975760416267221,3.1160844261978227,4.0,2.634598404731113,3.9830438160271013,0.6166413153462854,0.37666351306363116,347.13256201069186,13.746526595817192
SUB00495,10,59.5492593695416,517.1337830218731,103.19822161015628,1.7699082684867309,3.411285065929408,3.0,2.727900486897272,3.285491925469087,0.33951404763043064,0.5543984353812026,405.09734658715934,18.96330596426779
SUB00495,11,52.64508898661945,747.2534853353325,72.66510164540074,3.225718271118711,3.3332300332205547,4.0,2.5401608169995393,3.9478432541557558,0.6318239175528311,0.41997309286234674,107.23842805258647,22.455024913142797
SUB00495,12,54.60267179511826,451.31424270324413,116.36413693291269,2.6033197581939143,2.9435523048756718,4.0,3.3461095585329637,3.920425749573372,0.5935007134631164,0.5713584434178733,130.10063101400647,12.250046703399974
SUB00496,1,10.525763244908958,75.0942464853371,34.98082585992765,1.09352243004635,0.363151293297427,2.0,0.9617535172505995,1.0,0.3895503331931218,0.4684147855737535,45.179186763986394,13.393371181253169
SUB00496,2,2.312620222667744,121.55240650343535,42.71854643213503,0.168005837495945,0.6686686898191138,1.0,0.7287565102897402,1.0,0.43597148153643017,0.5546885455743471,8.987515804546282,20.294914117073077
SUB00496,3,9.897169496060425,83.33011621463413,39.10889979813517,0.9600002286147764,0.08358477358703209,1.0,0.8678320826859345,1.0,0.309446070638064,0.25099966338385954,41.485478546475385,11.742754374429598
SUB00496,4,5.062624702036752,118.70838030556128,40.30836206503221,0.5184322559321661,0.8449051135791481,2.0,0.5877020833731372,1.0,0.21091773782601925,0.31801691641234886,31.88621045926221,24.780795221079686
SUB00496,5,3.8321880056126476,121.54441391101388,23.391588955980463,1.7466242376322634,0.09033426332569927,2.0,0.556872895823812,1.0,0.4749405395454982,0.4887350734689143,29.915183748365514,14.631573457061267
SUB00496,6,9.625611494204009,140.99337436035813,20.32538565273846,2.0918062959544037,0.5911573189093997,1.0,0.5614767013965858,1.0,0.263771502833685,0.5789085254110746,43.90922402670793,23.607483255233422
SUB00496,7,6.8649060333428675,88.7802271879775,21.703115923126436,2.0560835421270123,0.02117317461667312,1.0,0.7660621785224624,1.0,0.19431137415411298,0.5052440326662874,22.23151173726494,13.646427691094054
SUB00496,8,4.860275355925561,149.76044772495953,37.15311048367947,2.0003368196275417,0.3276818083924017,2.0,0.9215654750077573,1.0,0.4228555782951413,0.3159234389324161,37.661812319543486,13.685099523661886
SUB00496,9,2.1095380516930557,64.75926971796008,33.642105501485744,1.5916660212250846,0.020117153036014357,2.0,0.5511739705356932,1.0,0.4959983823899222,0.5494732070771722,8.361250369447557,9.5131396706598
SUB00496,10,4.591252475350878,173.8645501076263,22.76043384780868,2.8012136062407995,0.9147849835646016,1.0,0.7321997589294132,1.0,0.24402697126994105,0.4491578025021511,16.6423772834195,16.83509730372742
SUB00496,11,0.5943998852726287,178.3268831379607,16.47273400362049,2.545406930777306,0.08946588940029543,2.0,0.7301561568793923,1.0,0.48114897736520745,0.3867726767770576,1.610522390064731,13.679009850300181
SUB00496,12,0.0,174.227666719036,25.754567374353243,3.02045937061456,0.732039069956747,1.0,0.6842812649845625,1.0,0.3550017950640697,0.530526709425245,1.0,25.951585986465446
SUB00497,1,134.2018166653951,372.5139325366432,44.83866517613563,3.8822070138165086,2.444378286356711,1.0,1.0,4.403030232881923,0.2896808157438817,0.5212873090383396,803.5624480075984,20.430148845519014
SUB00497,2,120.49984935998248,443.2102619116144,37.590276812455485,5.7972828697424585,3.460197932171037,2.0,1.3893445447370845,4.1354537306868355,0.44422045989374614,0.4545486437520435,324.7084666126658,11.896188355954443
SUB00497,3,112.44502525272084,409.34954475740096,47.28712058223043,4.165406373469946,2.3297382829698163,1.0,1.0,4.555862636744361,0.36630518957415525,0.409273519549496,252.0842007644673,24.69999793102709
SUB00497,4,140.58004363999382,345.4535960149898,44.20553436786064,4.239768135767305,3.7129725257676434,1.0,1.0,4.583104094633773,0.39383554816218835,0.5569370600890103,1030.3536936084745,20.442559212798013
SUB00497,5,116.52195089792576,498.8418588565228,53.347109439256954,6.359113577597807,2.818227967911863,1.0,1.0,4.832037487521511,0.3307905201918513,0.3189285122163982,879.7745834222017,24.744616141415346
SUB00497,6,126.75957627628196,414.117929241492,38.8299782785528,6.663707238559537,2.0522621374495333,1.0,1.0,4.165365643965621,0.5112305676273653,0.46801163433304416,665.5755245464426,20.401248104707406
SUB00497,7,126.4820383413643,481.0452566914371,44.03318561475567,5.702445708214466,2.5055286902655327,2.0,1.2249509489773165,4.78066024989257,0.4964100924308157,0.28580924178198636,889.5419243048544,18.664655464593043
SUB00497,8,136.74723387893314,423.44242447903326,41.83602201499164,5.898847697192092,3.432628982782517,1.0,1.0,4.922029424533207,0.6257855846108947,0.28799396574964214,774.2198783694263,19.649346109664485
SUB00497,9,116.81073976540279,356.6037624318885,49.28984602108018,4.460703373521383,3.7598814116537813,1.0,1.0,4.350972284783396,0.34929247128290575,0.29980520086998774,771.6708031722758,18.210115590884538
SUB00497,10,144.02874964466497,535.5276871699683,39.19154410621497,6.058719783494496,2.1121898024199277,2.0,1.0526574179018016,4.624335327872291,0.2550977456445432,0.4298227109597165,457.86821674891854,11.93524476339174
SUB00497,11,139.10197958088364,310.7599922419355,41.20751683343761,4.895646062420259,2.729463077013476,2.0,1.0313991419407664,4.021153880360363,0.5993107513713182,0.4825332880036781,565.091631084772,15.033255492927893
SUB00497,12,126.9634766457757,545.5019295903841,47.45975689186078,4.879342515379003,3.9016676671394164,2.0,1.063938369480879,4.796355529775303,0.43100721131862985,0.4443166233488783,550.7494553834529,9.083385368649532
SUB00498,1,0.47238409791048025,41.18253499253628,24.708425957193448,0.567892614547491,0.15428876602926256,1.0,1.0,1.0,0.4372093424547083,0.5590082910244154,1.0,27.4717882854782
SUB00498,2,2.1378666240568545,43.14829172446853,6.45664324966249,0.3696441046452694,0.2453643827645659,1.0,1.0,1.0,0.41590195174714606,0.508832714506989,15.837759047270936,18.271173605073095
SUB00498,3,0.2931767272113631,68.72368206114572,6.43407345956571,0.0,0.35272882009449863,1.0,1.0,1.0,0.4918524852482279,0.5869213814062022,1.0,19.756126099047798
SUB00498,4,0.5952588207869398,14.484071973876418,13.941534678211928,0.0,0.16560323512121905,1.0,1.0,1.0,0.2233926144180749,0.507654013813301,3.1186515259826875,9.637518635047286
SUB00498,5,0.24149559825889466,38.34538899328256,21.52290915408495,0.061191950087451874,0.013346763016731489,1.0,1.0,1.0,0.16919486641271453,0.322250173122717,1.0,11.236333040777152
SUB00498,6,0.5327672869355644,35.248734960555346,15.898585468337705,0.01571718441754663,0.3189099797202049,1.0,1.0,1.0,0.35623986423620707,0.5801545434749182,3.4332877728059943,24.774278167589074
SUB00498,7,1.425180505082356,61.918780782582914,11.450185964807996,0.0,0.3898716311879488,1.0,1.0,1.0,0.393166313447731,0.3117128586658836,7.503358472256027,8.319874390657908
SUB00498,8,1.2322371065882,23.291712193069372,13.835655231172925,0.0,0.4915382393610515,1.0,1.0,1.0,0.5472229791862991,0.4709769270453168,6.885139252623495,8.834955731833277
SUB00498,9,1.666228000422064,25.768093034066432,12.667953805619096,0.0,0.13012168078865877,1.0,1.0,1.0,0.18282702817565227,0.37098315511799307,5.738176488424597,17.95260723626555
SUB00498,10,0.6486002041406584,76.15199486368512,13.769570485441193,0.0,0.015066712344890432,1.0,1.0,1.0,0.4617349148548763,0.32248308717183494,3.208605826902445,21.873361860132697
SUB00498,11,0.6528708259637119,43.09396468886611,6.520193617993819,0.0,0.16073036472507068,1.0,1.0,1.0,0.5088943761650169,0.3080883785150539,2.582355243300424,23.203258782522212
SUB00498,12,0.0,41.81718974277507,20.38266158203282,0.0,0.3495719847414518,1.0,1.0,1.0,0.2779548355278305,0.4393019285743856,1.0,22.953846476943333
SUB00499,1,98.81762716987177,307.31331828652344,38.26570860039395,2.1621150255487738,1.3348881511226918,2.0,1.2690075478787,3.8478609337263006,0.43318805607162525,0.4125875250276283,542.3427328969353,25.03404132524798
SUB00499,2,106.1935628877408,290.04686321214507,15.812679900730553,0.23003078360056017,1.2454552040302833,2.0,1.3804698251732803,3.0412240384361926,0.5321993246380406,0.35912785772320754,590.9414927491097,16.026128290875025
SUB00499,3,117.13200051798722,185.7902636097049,41.015638941307415,1.967363413349238,0.6134671949856072,2.0,1.3198898756216901,3.5959361580947045,0.3931200696390922,0.2549261450149428,670.4503354091125,27.7734237502906
SUB00499,4,111.22022168279351,278.6019161163485,36.33878503349568,1.7741731337578133,0.3862704651587123,2.0,1.0869902702578906,3.1012897602822824,0.45343672342565444,0.3883702089748866,489.2860528232148,20.875456668296824
SUB00499,5,123.89505242374453,222.84904884671403,26.96719432817203,1.5775812992336817,0.18856787157721083,2.0,1.2716412044449887,3.7680299506803543,0.36444864492259743,0.5041287164725252,600.5596039909918,22.287946254859804
SUB00499,6,122.69494617981846,247.3867618317486,43.459550341157446,1.271122333266634,1.0120725575341571,2.0,1.4581682808862464,3.900341901591406,0.6356154382859397,0.41048307138850704,770.7445316996427,8.13638015599864
SUB00499,7,108.57651730937074,179.6511594977098,35.543036731982646,0.9045138784003109,1.4468129021736569,1.0,1.0,3.44519460845663,0.4689858091811727,0.565828539187758,281.39142454872825,15.023240598391103
SUB00499,8,110.72762296541043,241.52858330023224,32.42624688196178,2.3483673449174183,0.6251384191238669,2.0,1.735512687449047,3.695165142874004,0.5101679258140398,0.5853167465571661,481.7243275999037,19.336538231464985
SUB00499,9,127.76596228820964,258.36464979470867,23.223531081201383,0.43790754984704927,0.9954713179372228,2.0,1.026696877009667,3.633516337090812,0.3199457665429911,0.40662446451899587,904.9737222415355,15.902756078671064
SUB00499,10,115.58977823760063,157.06758065670695,38.15254515138593,0.837714052358429,1.2169861394906532,2.0,1.9701177396385186,3.5219937088060447,0.31380696836785926,0.38029996497451357,845.1278235052689,21.222972289250183
SUB00499,11,118.30929003253223,279.83539075195506,38.61434228731944,1.7380812979466014,0.1767228401662132,1.0,1.0,3.3436744262763907,0.29904574741889234,0.5871352360687394,762.7795771061649,15.046905929772498
SUB00499,12,101.52786740381498,214.6151238929079,34.53911470062171,0.23634304924137178,1.0890784139416332,1.0,1.0,3.9023956454739515,0.5432872160133281,0.4795986268349659,717.4219833345252,16.829166664749298
SUB00500,1,38.00399185414886,258.8881224546062,50.22832642199662,13.722226482129184,6.414418081177292,1.0,1.0,2.6100795132019523,0.42164545234208495,0.46486105068687444,225.38824043953352,26.18667742886912
SUB00500,2,49.00071325820585,244.99100996090561,61.7986658020222,14.759437392520704,5.153353091676415,1.0,1.0,2.172366830933335,0.47779002505429524,0.46919458427974103,255.02440078241085,8.54986579395031
SUB00500,3,35.37060222897689,287.05387495292666,38.57118911539318,14.25079826998697,6.413402406281106,1.0,1.0,2.065541283569183,0.2780967274838019,0.30358894077258103,130.2908727502693,14.32623452155956
SUB00500,4,34.37765577711882,336.78791658985557,32.223120075334805,11.828144478065543,5.108538047824571,2.0,1.2359159349931859,2.6426444917919225,0.1956848689714922,0.3833763087241461,73.12772978612037,10.69631830333349
SUB00500,5,33.45356685394541,235.41673167128434,36.49988334987842,14.559778009575815,7.493107473474757,2.0,1.6978036730718808,2.211837545771819,0.18726724894722896,0.27347811968089286,261.73270273628805,13.61797310770805
SUB00500,6,47.885063779079324,380.95729796357284,39.143286287953465,13.67235419982722,6.443952472592137,1.0,1.0,2.1225419886818697,0.3616563237496908,0.49991463957836135,190.89140884896253,17.239444035882492
SUB00500,7,47.175949706882044,375.2084715754136,56.5550360362507,16.035344150326075,6.761020994391815,2.0,1.3080649473087012,2.223907929880209,0.2941232601363852,0.5138644696122607,154.8343259791176,21.39479220081088
SUB00500,8,39.597727969901186,360.49907242840294,31.104912403865782,14.656155287960896,5.12044274797543,2.0,1.1438980016314524,2.2727436306135376,0.3986101051136166,0.5615625249686311,97.1450423183185,12.789964833811034
SUB00500,9,29.910300662938194,271.13516919192233,34.41633485025422,14.124573986891104,7.89565803511428,1.0,1.0,2.4644256407090244,0.3418705777116313,0.2913565203048638,233.78712292330258,26.309904331041196
SUB00500,10,45.59554409655866,314.0695392995712,54.20527930182161,15.223403066419472,5.027180869997194,2.0,1.144681575447702,2.712616735084578,0.3206054788383901,0.5339824273301184,354.90102621726203,18.333253958263352
SUB00500,11,38.15245836318173,273.3013955850045,32.408830788205016,13.397027733763597,7.989668496978321,1.0,1.0,2.071243590696885,0.37331996540669266,0.5337710497398629,299.8085200965588,12.147560516376256
SUB00500,12,33.506169542407626,262.27762851645355,50.26863582824161,14.487266202924676,8.236979077706536,1.0,1.0,2.838126811398706,0.171909890312338,0.37841004370510345,133.1408764794376,8.691958430997197
SUB00501,1,4.174736549544567,1640.5785025528248,71.1628061626028,2.9167452957463955,0.6083195302540372,1.0,1.0,1.8137555666647334,0.20004392760143194,0.3376412732134428,24.869630414542733,8.53119077132749
SUB00501,2,7.449437382949103,1768.8462426171725,47.78283953814923,1.0988517819074723,0.7320931303769307,1.0,1.0,1.3467591837912836,0.2136720944616728,0.3117634872000306,28.08793161931589,19.65132855402898
SUB00501,3,7.380566285524053,1433.3136781360968,74.38860268368312,0.47718607450700257,0.6524671268155279,1.0,1.0,1.7451680430637186,0.43837166043464393,0.43123278613319604,56.99530044177831,26.07210351880878
SUB00501,4,2.0395671134917457,1283.4906145564962,66.15942548022937,0.5523433380748263,1.1242230751579798,1.0,1.0,1.0451197706240143,0.1958442119864245,0.3810140796526478,7.440970470306476,12.269734718441189
SUB00501,5,0.6296551151629735,1646.853370157158,50.48743581892883,0.7089771252396503,1.0195205063706694,1.0,1.0,1.590114532498836,0.2924821345749049,0.2629283946719446,3.239572559119416,26.77784749764045
SUB00501,6,0.8884594138309425,1392.8973557070774,65.24879537185188,1.475433739510974,0.25571364197245683,1.0,1.0,1.8677097436102255,0.18840245932563357,0.47129594042433065,4.349525528368773,21.576009544903492
SUB00501,7,8.487124593873595,1522.5801371773098,54.878131489249704,1.406270070804093,0.36487480974880715,1.0,1.0,1.7197856431795058,0.4166357609676258,0.4241101455744134,45.446060942597725,14.463633966505146
SUB00501,8,4.739989737846804,1729.4839389478282,48.132654189280416,1.0024815114256718,0.6782846976732124,1.0,1.0,1.2688746259577908,0.409434673403129,0.4901511549892356,24.216752681556454,22.075188971503803
SUB00501,9,5.126299920445971,1361.0378157416546,74.95534146474677,2.642929340005306,0.6656225935798472,1.0,1.0,1.7444799349483027,0.26366677768030267,0.42702597589750135,17.60970427305755,26.3108918063741
SUB00501,10,1.1529108421747392,1571.7335621121317,76.27108993146302,0.8805548336686346,0.9946072688940704,1.0,1.0,1.242895995433138,0.30989994572142965,0.5762181697206544,8.204442371291572,27.432521022219717
SUB00501,11,3.9937436913259496,1254.6542780947836,75.78622476188738,1.717721757683071,1.1891271146434883,1.0,1.0,1.2079807001914833,0.4033949459193741,0.44945644076090263,18.497542656165734,14.576969138118622
SUB00501,12,4.643461180516532,1380.2060851732044,75.13618269434599,0.6352804995186278,0.21506145740627886,1.0,1.0,1.4957935921354917,0.20525236465723767,0.44459629578344523,22.832809198722885,14.214203429341808
SUB00502,1,77.67086322727324,478.3914644516469,109.2624471648108,2.631057422169042,3.425460731356087,4.0,3.4233496595392703,3.5364664963127788,0.4479643881860639,0.355079634173295,470.22399151745304,22.28077564254952
SUB00502,2,54.396264566736264,616.2937987128943,114.27849266365592,2.8374196198688826,2.4017209427105124,4.0,2.7222728397529194,3.2469076057129955,0.27047523688098973,0.5334150551610998,139.6640050471257,20.259266572798285
SUB00502,3,51.46029903146693,516.1455848802489,106.03756944622245,5.521290419811589,3.3930159281809016,5.0,2.899698260885912,3.412360824430154,0.3883381110120052,0.5087946844744999,221.3192944495338,26.422335031019344
SUB00502,4,66.4612936953678,721.9469554589979,79.01365315201323,5.162194421143317,1.7119038600534564,3.0,3.0,3.038469057739277,0.30478299597996217,0.5626992905362035,149.110724373972,19.00039983014139
SUB00502,5,52.78273510835157,512.7021220689172,119.14931563167704,4.34091589746452,2.232695556644755,4.0,3.4964250677145965,3.061425758210432,0.5743391994749374,0.3150323740008555,213.4847884534816,20.978852148368354
SUB00502,6,75.5642542642275,483.00153701017115,112.3392281167108,3.3017629434659117,3.051551886411832,4.0,2.6011264095026574,3.7750169370176234,0.607161121116394,0.5278778806195388,382.44683725115226,11.992051787478317
SUB00502,7,68.5277309164093,537.5517475210052,112.50983312034731,3.809145673991194,2.9345592809789336,5.0,3.0281078310713525,3.703003011700185,0.5886246669125044,0.5640463597651613,313.4520344080352,22.239633869825674
SUB00502,8,63.48646035508571,736.9504590691307,89.36468583019843,4.552113397414234,1.5962008232658407,4.0,2.7400004169196146,3.6029623919189926,0.4406132205611295,0.47328163271613355,162.80248563485125,26.52973753591757
SUB00502,9,67.86447012405195,746.4547558486039,86.87984856192593,3.5368220622321456,1.602114888220054,5.0,3.3419642428968803,3.6474088064567796,0.33703974044168417,0.5872925308278054,225.94296717640637,20.356454597117455
SUB00502,10,61.913637554914196,748.9655535470864,91.48543629571027,3.776919769015875,3.2056468999109224,4.0,2.5724136028640503,3.198801190940149,0.2995478914098463,0.3565530461243705,165.73279717317615,11.539043916088378
SUB00502,11,71.85861603982177,556.73484710706,100.07878628210838,4.291756947462054,2.811895064523232,4.0,2.6189171408645477,3.315165221160376,0.5309084605330486,0.5868750406063541,312.8325832845894,24.600310464490956
SUB00502,12,74.25730120520365,667.0557507523357,115.03545739808493,3.197967243705918,2.1555063307296605,3.0,2.9092218447469547,3.913549119367343,0.6131484547095444,0.37746114999180824,404.66749997918276,8.553200279864292
SUB00503,1,3.053029522274484,105.56603902897434,39.611826368130494,1.0677321891055278,0.3072494627736595,1.0,0.7993444288256215,1.0,0.21620499099847318,0.5174748906857446,9.65427984294873,21.70359006987786
SUB00503,2,1.7257002240340351,55.71307602566335,17.587069514305554,0.9271920183540678,0.15147118042679342,1.0,0.5616986143247018,1.0,0.3237208418507811,0.44007031076676995,11.381206612910391,24.60209941454156
SUB00503,3,8.651249786477136,149.43170653842998,33.855154360729145,0.5822731068439705,0.7913851219270613,2.0,0.5824739835435133,1.0,0.5498699589592866,0.2695671674908034,53.38347441024985,8.796852988800369
SUB00503,4,9.213170073589637,96.65911305332862,36.06165050516984,0.3692104135943747,0.6970764805046024,1.0,0.5710658194463873,1.0,0.16396180385358508,0.553987633570201,23.567535108084694,25.436513917951842
SUB00503,5,4.060994442288196,169.0222100677195,40.38759884817819,1.3399569431126386,0.3270933178452997,2.0,0.5062497676147868,1.0,0.1841522386387775,0.32225773518360207,17.413935219135343,27.744054904447484
SUB00503,6,10.571913841667042,92.43699559311088,35.075961848712765,0.0,0.013148247650910827,2.0,0.7884891937084099,1.0,0.2492292146944255,0.5249131267700544,28.89079923365136,21.719563167601038
SUB00503,7,6.462162248980555,148.5212543160358,30.980616238294296,0.5373995699588592,0.9522425843493297,2.0,0.8694771672991658,1.0,0.49938804312638185,0.5780829034788095,48.58261080029479,8.723487393473432
SUB00503,8,7.4056639646263385,158.85611999317388,30.667891681692414,1.440083610331504,0.05550368086109969,2.0,0.6410562885980136,1.0,0.24171435796077256,0.4215391377274468,20.48796986301663,25.61283784796749
SUB00503,9,5.576188810884894,131.6135535029002,43.57602697198229,0.0,0.9251179366831744,1.0,0.9380643226459947,1.0,0.23606562350188426,0.5845781646876873,36.893308083736834,14.11801493727381
SUB00503,10,3.380770933143916,136.28603818533236,24.259010903288086,0.7938540582050327,0.4983422919455577,2.0,0.8737922074542795,1.0,0.39877175583206925,0.2951339452752269,26.129366508085308,12.294627738818217
SUB00503,11,3.944171569617785,126.79043867652788,40.42501332987333,0.0,0.13509841106333575,1.0,0.6633933779611896,1.0,0.470136830901975,0.555382238449395,16.26235906270952,11.347380088361806
SUB00503,12,3.2543268544596695,147.8879864274646,15.98486485470856,0.6790928101645213,0.6429738344531805,1.0,0.7272413463149582,1.0,0.39203311993880763,0.4660808145549583,15.443014428903945,27.531681236715325
SUB00504,1,124.04203511228435,293.2281214959251,36.94441213072432,3.193555927583501,3.730585225867408,1.0,1.0,4.333707851198659,0.4853910930903259,0.4285089991619904,728.2789201642229,18.37858922914602
SUB00504,2,123.82922017123963,381.9892399283627,35.0119990564924,4.24820094179792,2.439655512095169,2.0,1.8666640155341203,4.5145081563884855,0.6180132533134414,0.26291073110521435,653.9897132958981,14.146732522501637
SUB00504,3,123.11338444895802,467.0681341640207,30.87053869276358,6.684965642286652,3.055244749841211,2.0,1.078415523039674,4.022656555694081,0.5882361240321814,0.32625674383088615,434.61377774333977,8.376277721953207
SUB00504,4,137.13005208118886,515.2187853234266,46.01821513817394,5.130181349463218,2.6833518278504407,1.0,1.0,4.556839365503149,0.36098638582525355,0.3082318419468755,1003.722858900752,14.443786665407881
SUB00504,5,114.22758427707598,490.835149191825,42.455081594899895,3.5665319513866156,2.516778508118157,2.0,1.0927012742385696,4.37041907055282,0.643096388335382,0.4388501039556899,589.710278499852,23.88301445124829
SUB00504,6,129.4701876399069,318.09355271001857,40.636145972205654,4.233504712097788,2.988677620014613,1.0,1.0,4.863727384728779,0.29696594227607576,0.4260710122104909,546.8391778783589,14.119701299479702
SUB00504,7,125.36576552447966,428.1604583069386,52.26361074344412,3.290562955231221,2.075896631227263,1.0,1.0,4.985313141071942,0.45936021439811936,0.5699474739201447,668.182649408697,27.247500452503015
SUB00504,8,144.5671637144609,359.4698096610713,38.07938714992116,5.033244720390286,3.6694477456363748,1.0,1.0,4.488715716985869,0.507325374399409,0.47866224298261495,455.2637444009997,12.817188422554263
SUB00504,9,125.05418209174113,396.08771714409517,39.19420586770185,2.940306519899543,2.720029166760609,2.0,1.6528387939176827,4.1000896070555335,0.5100401254723378,0.4061386879684684,963.4448626275333,18.331623653122342
SUB00504,10,125.49520341134584,410.8753010683954,47.366192292285334,4.699572511672744,3.9351723093737947,2.0,1.4955434476376457,4.8130178823786265,0.5480718651622649,0.2977369231111069,634.4893620271603,14.480381446893347
SUB00504,11,135.45655305789072,431.38344621693216,42.11699489385889,6.5665758254183695,3.9693086211832744,2.0,1.1919297442904258,4.068360748323149,0.34559048083736005,0.37016073626143875,337.3314779146211,16.737749628457788
SUB00504,12,131.90426200436536,512.4324358180133,46.10663181774321,6.418977952609098,3.7851251899314065,2.0,1.995209273345198,4.809594573807604,0.27694979372202855,0.525815915572895,357.6793863493005,24.216547254592136
SUB00505,1,0.7104734882834066,53.88806653252295,11.964783300109023,0.45974191706330364,0.3781587562267715,1.0,1.0,1.0,0.45539541636472225,0.361307299822165,5.44468283282887,13.963665612973248
SUB00505,2,3.899349190107082,0.0,5.462233787189357,0.6202246574993113,0.0048823433219806756,1.0,1.0,1.0,0.48057493186184796,0.3756774314535348,15.134394523255438,22.57026257056564
SUB00505,3,0.956383388096681,45.120005407907,8.703313445179672,0.21180029022633312,0.10925862626982091,1.0,1.0,1.0,0.49389025101290485,0.5907244963997943,7.102927493931287,26.259859344349596
SUB00505,4,0.0,49.988783324446416,18.06843408424039,0.6350190956976972,0.12997852424749928,1.0,1.0,1.0,0.24969681066010257,0.43696017534975107,1.0,8.929890379275761
SUB00505,5,0.0,49.31688763865903,14.973832785314032,0.25559015578857136,0.08412547025012607,1.0,1.0,1.0,0.22811295129123535,0.26187816662518987,1.0,21.900366288670238
SUB00505,6,0.0,71.33623124086397,23.397909556839956,1.0547030386487701,0.08050702175370833,1.0,1.0,1.0,0.5328844944477101,0.5130976724436289,1.0,27.010480839252438
SUB00505,7,0.0,83.16184714511556,12.36418450340466,0.6901396748071041,0.10655793420090587,1.0,1.0,1.0,0.37237696173589635,0.38212166495359434,1.0,20.014474964787574
SUB00505,8,0.0,21.44666285307831,7.876515377397178,1.0832733957996603,0.4784933390388983,1.0,1.0,1.0,0.23406262616520773,0.5138379197375116,1.0,13.380023614921384
SUB00505,9,0.0,53.13204725171302,13.169720697123228,1.1584630554874291,0.05334752933641851,1.0,1.0,1.0,0.2694255728280816,0.49105435471086756,1.0,22.952863968418843
SUB00505,10,0.0,47.376857574025884,20.762936789075855,1.1456559115212013,0.05537162567089188,1.0,1.0,1.0,0.5090775605429692,0.25773920084236324,1.0,8.750459287070555
SUB00505,11,0.0,82.0468986802572,15.241218111377679,1.5376988736197144,0.182023104370579,1.0,1.0,1.0,0.19155186664907536,0.5057292929762893,1.0,10.584517961337392
SUB00505,12,0.0,74.86840342679136,7.468146036702301,1.4119801782800547,0.005296981139941204,1.0,1.0,1.0,0.17439341623070742,0.5398343470868696,1.0,22.884863461228186
SUB00506,1,112.53160522897704,277.96945924975097,21.80094277876722,0.10935330042593733,0.002357204842039551,1.0,1.0,3.4659491567564134,0.4340933241945417,0.29774615078119576,569.1107962807141,21.16942311241852
SUB00506,2,116.32748501974679,265.3415920680338,19.538237521939546,0.23320900113315557,1.1015390683790103,2.0,1.7564391682180278,3.6700234445643534,0.5423537264145286,0.2759559737561395,541.6117588866249,11.415190240144959
SUB00506,3,97.35905895881393,234.59748840240994,42.18467036063129,1.2838350454807796,1.0607573495966895,2.0,1.0375750933011094,3.550227498915711,0.5778836761096676,0.37723629802857017,437.9327010969241,21.165852576302093
SUB00506,4,106.62087274851098,194.9037575978037,43.20701472635466,1.0935256998964231,1.007671293852201,2.0,1.3532867590539204,3.9465376744773364,0.35615142862576654,0.468369405798145,551.7282237009936,9.288163030257344
SUB00506,5,119.13848158782454,259.2495281969101,35.64604614771531,0.8386626935795993,0.9574682551275426,1.0,1.0,3.9471893175609494,0.5729151873868125,0.311553910066893,927.9147485168862,19.52251625038418
SUB00506,6,101.07014361417677,272.8773819775308,18.312997320444417,1.1991820314555564,0.39197042037162877,2.0,1.6660422777927533,3.150657601892232,0.4764189418452335,0.3419965623973029,639.7474400603113,14.995120041951704
SUB00506,7,103.09002718459304,295.2051861066566,36.94507273734769,1.7766124415178846,0.24365953285252218,2.0,1.2064073980398768,3.315521072395808,0.4569329200441574,0.39606845146040526,534.0717186293384,15.753978007820281
SUB00506,8,111.89694422813496,303.32713347014555,27.642853326646964,1.755736271050178,1.3205086416371392,1.0,1.0,3.6004358869816615,0.5294669301606902,0.5719759090114855,508.7375983225897,16.225909395461798
SUB00506,9,97.70681526728657,292.74451694243993,34.23167697346726,0.2003760124409537,0.10681821961181914,1.0,1.0,3.7205126484615905,0.2838705995169051,0.4398478174095275,504.84100045643464,17.773427293811643
SUB00506,10,110.66129865578584,258.4110219362104,31.436842359438387,1.3602938878677595,0.6401132734137711,2.0,1.3956485854298921,3.5183302844497693,0.39976488674617106,0.40416247011954987,645.2837679116834,19.085531534077276
SUB00506,11,110.48734191108099,193.80430855440292,33.74686679535255,0.11979322569697798,0.06610888512612989,1.0,1.0,3.496494537564628,0.3959080748547039,0.5744225542790748,664.5704952574636,17.546831590593285
SUB00506,12,127.2046096540148,211.6619469243945,30.023287636572213,1.5201526081590637,1.0295866149289234,1.0,1.0,3.181128516065123,0.42984485044108034,0.5545742547532728,906.6170570097121,11.020263112476494
SUB00507,1,34.70225771908911,323.8712079573762,61.07632446632677,11.263385379365548,5.110293341773934,1.0,1.0,2.387610652279094,0.41109022148187657,0.5558593628579247,182.34354407625943,26.78629570181221
SUB00507,2,42.79677425659173,354.72634622267276,52.59291117267638,10.706995151740427,5.207725395338832,2.0,1.2379842319772498,2.6174416538227123,0.32252191295306987,0.2590936173065521,307.8986706633907,19.874327715558184
SUB00507,3,37.45875001834931,221.79187992001513,64.67741495757218,12.86263158314388,7.478385457378469,2.0,1.5159888579566756,2.690504522425374,0.499887347624867,0.5247604115251068,197.4012263419721,16.072531106570572
SUB00507,4,48.444225312138535,293.40657099697125,54.480256062019535,13.732193485901309,8.474533719290076,2.0,1.0919310389958956,2.8402493558811512,0.24904521977056165,0.5139881180550492,260.2318421854548,8.960495002100231
SUB00507,5,29.466459752035124,256.52359558437604,37.75074834349369,14.669225840913747,5.466781835240589,1.0,1.0,2.7136816827883683,0.411406828186725,0.47187783055093924,197.20645920405985,9.567664253996329
SUB00507,6,42.781715164147116,252.7343945104503,64.9062897924093,11.382934592039593,7.806313852926198,2.0,1.646280311748432,2.7060075698205877,0.2643101894342839,0.37988240641073256,316.05280776720633,8.838495479768714
SUB00507,7,40.34237556721261,220.2791142876971,46.35319203158251,13.085949161576428,7.050630366836352,1.0,1.0,2.2456051402155173,0.16558195774997345,0.45560233043230175,293.0267557113627,23.507999092265848
SUB00507,8,30.009429395750306,285.8989284652771,43.88424807438867,11.476089380039515,6.376840645506176,2.0,1.9747372450986915,2.9040988455843197,0.19415739576785498,0.3255052746960684,214.17168490612545,12.384833921386127
SUB00507,9,36.40311413194849,312.38942342003094,36.27889721226864,11.289902099365676,5.093020003598199,1.0,1.0,2.1618672439493998,0.17619844179734195,0.5273033183137878,135.19372735270753,18.11897169770826
SUB00507,10,39.26827958294359,382.3450281530154,45.2133218169516,14.827004523865671,8.047796827682095,2.0,1.544073150196053,2.908650473810848,0.5319207922022046,0.25084910655271425,134.5484901089601,13.874010843637507
SUB00507,11,36.984824866745036,371.9849422887102,46.046783244577846,10.790782235775927,7.81967298652312,1.0,1.0,2.071042778050692,0.3678620105291852,0.2557367761763775,136.5754961764293,9.04103875076017
SUB00507,12,49.92645117137714,416.7166042212733,44.10334357862806,11.735378760767421,5.879153035907988,2.0,1.8433119177623047,2.611811423302925,0.5216580370613014,0.4974923181492579,183.87816689650836,13.325976879423152
SUB00508,1,4.436723618167678,1689.036245453462,60.535911131982175,2.4626731413540983,1.188199759719037,1.0,1.0,1.555278814573541,0.47577142467692535,0.3180288768418022,33.52829894315377,17.273780179379393
SUB00508,2,4.08142550426788,1383.2491773779932,72.46065516299362,1.411462437066417,0.22953076930596333,1.0,1.0,1.823584373155577,0.20910691397788286,0.45548088005538556,9.67326086547575,10.518991427529098
SUB00508,3,8.258738148989798,1488.3542341053837,40.5292455020547,0.978593002068082,0.11288972212966525,1.0,1.0,1.9227462133853312,0.3988946779782121,0.4435740004482307,40.68852765138245,11.031479033291317
SUB00508,4,2.4090587900285927,1712.249656027885,66.77496151521666,2.280566937306842,0.294554546567504,1.0,1.0,1.2382325340639522,0.5066859301638995,0.4284525439048954,14.728076455831138,18.426213137909322
SUB00508,5,3.7712358521193963,1334.7725237749667,53.634847071060385,1.8547054868163015,1.398871281222738,1.0,1.0,1.105938248647053,0.3212107558153634,0.504530232571853,14.745544208169159,20.677567938655983
SUB00508,6,5.738581338564447,1706.9096088813676,68.76061880505168,2.585116021148899,0.613087789460492,1.0,1.0,1.4107756284548998,0.27043544665639346,0.47596803875506055,18.302419234645832,8.106920059794177
SUB00508,7,6.4027832199894,1345.4897286399687,71.86972683639067,1.1312033529297905,0.4196407190377925,1.0,1.0,1.5710923265608585,0.4475536953237025,0.36201730447138325,29.913616005308313,27.257748518574676
SUB00508,8,8.983647393644167,1654.770090771782,64.95776195058986,1.78694122315037,1.2334179950339261,1.0,1.0,1.8286418377342613,0.322852035481455,0.2910306786339059,23.527328045883483,20.8716388209134
SUB00508,9,2.573406580612941,1213.5043546918428,70.71259682183593,3.0692419986159294,0.6285240389675653,1.0,1.0,1.732683941718249,0.21933409188125846,0.3494846298689492,10.532581290603106,11.56441649881987
SUB00508,10,3.461042159990234,1542.1186205030576,43.70331089147156,2.4180775565119546,1.084974357990231,1.0,1.0,1.7411115050280062,0.49745634725064414,0.5150004339528043,12.219053278262189,12.057172710868526
SUB00508,11,3.7254163327129755,1403.490397230259,69.51103699662023,1.0890364877902186,0.3953985103036763,1.0,1.0,1.8461077550932572,0.2027948804388687,0.5179347869555757,18.451202193699363,17.047959319617686
SUB00508,12,4.411858795300127,1224.0078831814021,41.84987376773716,2.376778949651344,1.180762490627513,1.0,1.0,1.2793327712609495,0.4729655503170086,0.4778709318004384,29.342847298773904,24.594136096066524
SUB00509,1,76.99701559321095,555.3249248061677,100.65302272945183,4.725528469370746,3.46430958272512,5.0,2.5686851189184154,3.2081532520809386,0.3130998197116992,0.30923100001222276,550.1753373107858,21.260864226753345
SUB00509,2,77.71608289797541,522.4804910979794,110.05949319705854,3.0357484492686413,2.1941250189232884,5.0,3.18973115931031,3.118423768628319,0.6113702202858856,0.3580066461128697,232.1660699776861,23.75108685321894
SUB00509,3,78.88053862436675,608.5158870368912,61.40678582190732,2.256997389327322,3.2678036452140584,3.0,3.0,3.3938421158686376,0.35439635451201734,0.5153103520771101,484.1240901227302,17.770350887581404
SUB00509,4,66.57738623080542,611.8874777633234,73.09470326158475,1.9744965800453191,2.29383100935149,5.0,2.5468882053608812,3.341938348323315,0.3023920109012382,0.4965101911969708,334.6760967168499,8.712238972879959
SUB00509,5,52.01533202232329,555.02898196417,66.15712580671006,2.198445082298038,1.5440961980178465,4.0,2.811033859351266,3.4710231949769574,0.6450340827304044,0.34434960457730956,374.03318310950726,8.142200691763483
SUB00509,6,57.602919660958655,697.1393696250112,95.89381671701445,2.5803919814073986,1.510279928755966,4.0,2.6014483553719154,3.925260974024135,0.6110584336031211,0.37955158170992676,117.39870936340604,13.29484297042232
SUB00509,7,70.79925598166926,605.0959859407874,76.88963270163637,3.1909457203405416,3.498810703654092,4.0,2.9156332044089597,3.0210486003512984,0.38392816524844886,0.5046469522564265,467.4447994888917,11.26586820374511
SUB00509,8,72.11491719253374,760.3657866902645,74.14175671797034,3.3332905446169496,3.4273459914240494,4.0,3.4605680327938177,3.3928579506469405,0.6119088739318821,0.41521276211502234,197.85388851034725,27.310182074541956
SUB00509,9,47.54272632873785,554.1686371837116,79.22656564918483,2.8890119716201013,2.997959354516307,4.0,2.747097491796247,3.0267874116484963,0.3991343765304327,0.37739772521382275,198.5996815706015,14.611936139773505
SUB00509,10,54.72916288144606,684.7052135316986,87.50956534027422,1.14896533294154,3.2957655758975664,4.0,3.465543452595897,3.791781369661136,0.5311947280172682,0.4409729009868997,219.3740815990848,24.263819855660913
SUB00509,11,46.56868928719827,631.9711189516091,83.46794401118892,2.38367949864209,2.464863808095635,3.0,3.0,3.8908580855634955,0.5213765333759933,0.41135838953291476,215.8876942344933,15.484705487964373
SUB00509,12,42.16782388160878,503.44750303824105,68.31655384842875,2.6368908332666203,2.015787802978644,3.0,2.8678787620193456,3.1340457848930017,0.3840120015562022,0.564950299350547,215.539040196799,12.683725079043057
SUB00510,1,10.38429787611004,150.25030106245157,37.01274885392914,1.3093159534815744,0.05124054139049539,1.0,0.7737382197326799,1.0,0.3367289056003278,0.4537592947312129,67.42290919354495,19.163941829599228
SUB00510,2,9.773294184124317,150.22712965318397,28.366059890608668,0.1488086436917178,0.44636791359845307,1.0,0.8004191902446698,1.0,0.4609428045742019,0.34886832422387604,47.06252114967347,15.070722208940348
SUB00510,3,11.066996226782535,67.34383863733443,42.81505295991906,0.6137473321764294,0.49029867730941346,1.0,0.5798802700949265,1.0,0.3110537922860094,0.25010178633887176,25.160100847784328,20.546558813239585
SUB00510,4,6.25151290491143,141.83758522326647,19.51872555946416,1.5831360801141323,0.46020729178819775,1.0,0.9895318794066787,1.0,0.33203204577319345,0.49469699443315684,47.87748941729497,14.30686154854558
SUB00510,5,9.035241551540334,151.3812515080223,23.58379083278489,0.8337133182520856,0.19532843763887298,2.0,0.7560354623641379,1.0,0.4773224192463459,0.37011699087996996,23.503001163944667,11.37961051887693
SUB00510,6,10.35280841879004,119.60117413421253,41.444616277086986,0.5203325789386348,0.2583169505906485,2.0,0.9311934030110918,1.0,0.5437134560729525,0.29671445361060494,51.20989359072422,21.20444311106568
SUB00510,7,13.618489087674485,93.71598986510178,30.456671105952545,0.0,0.9991919188209232,2.0,0.849936234859907,1.0,0.46817092113506453,0.3489919290764933,47.60151137365471,18.02751922281266
SUB00510,8,4.938143538414796,134.4050364877767,33.098731886622325,1.2790717363795643,0.10446996258510755,2.0,0.8007930314207715,1.0,0.39639357495552324,0.5185087360681886,33.90727800413157,23.655381266407375
SUB00510,9,8.14476861008637,82.36090106692552,22.61365032854017,0.0,0.1841607059326894,2.0,0.9671504705487698,1.0,0.4886235849534408,0.40410949226204596,29.24896064129121,17.60759548087445
SUB00510,10,12.452928851064497,68.86258530179575,29.33122357354437,0.003246885319593884,0.8068794176448536,1.0,0.5061626040339008,1.0,0.49004565611981676,0.46753605019041516,69.0113138282736,12.195632279631209
SUB00510,11,9.302925197722029,71.98644461204421,34.23162596993968,1.3224574621844747,0.04146889154020983,2.0,0.8031848679936657,1.0,0.408870450760379,0.33066880985104874,55.861132814891285,21.185102037422133
SUB00510,12,11.311574852833663,116.53674870758444,20.230870938430257,1.0381763286097174,0.4052047301699575,2.0,0.9549342776780001,1.0,0.23958009556818247,0.3991226128194276,29.48828645474331,14.295769197484645
SUB00511,1,128.89141684001476,355.0591828564334,32.46972966753599,5.763776710523136,3.7708894691957155,1.0,1.0,4.481343555463545,0.2736539061854293,0.4607243411600825,550.9168025149677,17.878846774135255
SUB00511,2,130.4490430831234,472.91542522038355,51.18764980281961,7.03503225517789,3.016477518079498,2.0,1.254614467705277,4.518260209898498,0.3987686368830584,0.4028314558823778,665.3893742582736,24.53120621931621
SUB00511,3,110.81531814028034,459.17863857111143,48.908418061561974,7.13742813121173,3.3414938722143357,2.0,1.112401365364784,4.781409940543226,0.6075696069477977,0.5026989969221409,430.9488832959741,18.522095019070175
SUB00511,4,136.35352622253671,364.2460210391997,45.89149401402806,3.7188144236086185,3.698407839864509,2.0,1.5290177792553767,4.099899156531125,0.31384864768658516,0.2888061023823144,430.7360946833397,12.705125387394114
SUB00511,5,121.48882223187759,312.31123310101736,50.63049419557439,4.869144411339196,3.935585616855384,1.0,1.0,4.785277318770814,0.3438970536101196,0.4444893289342267,554.7114083503441,13.703399159081856
SUB00511,6,127.5344042874398,328.1994421768487,54.850429935803135,4.067345516736949,3.726122868221485,2.0,1.0545274021263618,4.760747665873265,0.48736694051840146,0.47460515593810426,682.699904974623,14.677884062251847
SUB00511,7,138.99492009244912,479.9685230028733,31.48413843966247,5.789582333209675,2.8320634488521543,1.0,1.0,4.866342544364688,0.477372459507276,0.5117214329378668,501.8632645600717,11.096097630456862
SUB00511,8,127.01375328401575,447.53891505491373,40.99064340687211,5.442491472468731,3.140624024121096,2.0,1.0350770767853739,4.25886325427714,0.251882929152894,0.5955754591019704,374.3352992377922,11.21573572811303
SUB00511,9,129.39973882282143,311.2157851099196,38.685262092192005,5.738043269496517,2.0860931259324262,2.0,1.6514146489331547,4.900899837642086,0.5576534556227151,0.5671719282530945,569.2661336145494,24.152154518246594
SUB00511,10,136.8251741399244,529.0151210206394,48.3652314156358,3.9579858702000577,2.2158806919515697,2.0,1.8751090345510883,4.322568745923734,0.5037928183764735,0.5895245160071256,542.6788833382428,23.043987836977596
SUB00511,11,117.1501278788499,550.9105530677709,30.478927187936375,6.115533806263772,3.7105933843403722,1.0,1.0,4.9867018451314395,0.3643432809766668,0.2797636277077578,721.5853390280479,20.717930028551308
SUB00511,12,117.94906508634577,388.31002826826625,33.77628058932878,7.751433272493135,3.028184435206642,2.0,1.934860995718619,4.371113456193174,0.48500927273475836,0.27755243120841483,615.6676862030587,9.642266278058129
SUB00512,1,1.2707468907354986,28.337879893865402,23.43741073039359,0.5310265349002492,0.418590520276506,1.0,1.0,1.0,0.18761784749103091,0.3456624052344703,7.18011874809684,16.76631674830964
SUB00512,2,1.0449783684120661,39.86758051217188,8.72198528370555,0.017468573715706537,0.07746234537235835,1.0,1.0,1.0,0.404427245599961,0.3968428147347076,7.195644058238399,24.371809417660813
SUB00512,3,1.7719133512686427,41.272172060266236,7.95394398644145,0.0,0.4134870402301265,1.0,1.0,1.0,0.5136179785570947,0.4295037238304593,11.982262161964591,18.560567568589942
SUB00512,4,1.5270813896583961,36.46643819954058,24.72859886463427,0.0,0.048584409900848,1.0,1.0,1.0,0.2185656738543876,0.41306411492809114,12.089667733799747,11.967511265893942
SUB00512,5,0.7177662656635619,21.041018207366637,10.707432969781308,0.0,0.44312360458822,1.0,1.0,1.0,0.48719762824764645,0.5016193077602087,5.637227174677251,24.018442242507493
SUB00512,6,1.6910907846314436,66.3384562197231,17.63541447860921,0.0,0.10722728576553753,1.0,1.0,1.0,0.18666861613935834,0.2739682790888328,4.676084452201362,23.463488306202578
SUB00512,7,0.0,48.01177556490202,22.44375687595425,0.0,0.1127524175686257,1.0,1.0,1.0,0.36748239587967935,0.5356737385873316,1.0,25.976039532231297
SUB00512,8,1.6646069588611367,21.605636707251335,10.320184253948778,0.0,0.14925907655759096,1.0,1.0,1.0,0.39213987227115976,0.4288034330784066,12.27821020100655,26.973753577685248
SUB00512,9,1.0468737704922773,64.01262262917919,15.156276381028695,0.0,0.4369668018483356,1.0,1.0,1.0,0.47177290903588887,0.5285165130962527,6.105160790071112,14.19253910287851
SUB00512,10,0.7056726800342232,88.39175153140546,13.126901073579846,0.0,0.32622012620807106,1.0,1.0,1.0,0.1799372831626353,0.565687401703405,5.153923947013444,8.359415240587122
SUB00512,11,1.0946728841040052,50.03138641163012,20.774708376304496,0.0,0.36534252547260543,1.0,1.0,1.0,0.49240813139770134,0.47890836176341395,5.020295991553054,22.8134876332402
SUB00512,12,0.0,54.17262684785281,16.56010359767479,0.0,0.0020378707302654564,1.0,1.0,1.0,0.2914734365201716,0.26612811439252215,1.0,23.34126047407215
SUB00513,1,121.69590247167878,230.94735964300733,15.24294166408122,0.30245900892634103,1.2175296115559606,2.0,1.6014221362397203,3.996198548468586,0.5395605838521362,0.28062266578574596,599.3629860646288,11.441324942933772
SUB00513,2,97.80108853647643,191.10684643865713,28.535458554493985,0.3754578565511133,1.3796534189343896,2.0,1.0666551465331842,3.3708371009657885,0.5215180768284037,0.4441763917252346,363.9772649526975,13.44260785137678
SUB00513,3,113.78639139901583,239.31047358723245,25.514407999178296,1.8043881260710641,0.589773935987136,2.0,1.4039789092674013,3.321863274739886,0.5061798354348731,0.45593325097030507,373.0627392820297,23.347208633889135
SUB00513,4,117.2373711844204,252.17062817535594,26.93431471448148,2.387769930874327,1.2911940338810792,2.0,1.8415994945890093,3.4746209524414073,0.3897586923843478,0.5852776755255582,770.6375880612402,8.28402566173704
SUB00513,5,99.79778294115636,268.8531032734487,31.893713278791157,1.820063486749295,0.8247512151847759,1.0,1.0,3.615012814719624,0.47057764990656914,0.25115164173388516,774.8862825049251,16.032540521246183
SUB00513,6,99.44741097067067,287.72290895975163,43.426753402494896,2.1888205277006847,0.530243307832269,1.0,1.0,3.380508077632553,0.48870956341608784,0.4315487944197328,409.7990192750452,23.338544316114678
SUB00513,7,123.82527253455432,216.53350858536655,20.653654094980727,2.1048994982048845,0.28365480134160204,2.0,1.540619930391434,3.863801117438054,0.544895959817739,0.4723185080554637,301.7161255389439,9.754412443678815
SUB00513,8,119.00998102686711,205.95285161726136,43.891278724682934,2.4915363730963835,0.6341728521690845,1.0,1.0,3.6435460675637046,0.4227168313130055,0.2887116992425095,247.55303086648888,20.270435537729814
SUB00513,9,111.82717198530999,176.74738899797484,40.15849667297019,1.1026417439123084,1.4093468655370234,2.0,1.8855716876760122,3.260533777452688,0.4291813261700512,0.5923766760132725,420.9379683369704,23.312680614344043
SUB00513,10,112.36341615591395,252.66616045560897,32.288745143123286,3.03304318136934,0.12383612635014157,1.0,1.0,3.5141296225498255,0.463503880378508,0.3026035527212961,329.50347407435254,11.039975456656814
SUB00513,11,107.46048597698903,311.06000030892136,18.048485454108175,2.3042631335879404,0.8926842563487547,1.0,1.0,3.8921924339340728,0.4104285838964553,0.25786213567845284,400.08989757129575,17.107645052414853
SUB00513,12,121.89216399641008,294.58824487212894,34.643508882480916,2.052374446496513,1.2905613425797882,1.0,1.0,3.2524316101090363,0.4419893909888938,0.3218591290349905,866.9761712863058,19.079441213302424
SUB00514,1,40.8947281993646,234.41230459697772,54.90426742414777,10.476607421329064,8.655012011587077,2.0,1.761963488654057,2.682344573762095,0.4174637148551331,0.28151094426592466,186.388563843978,8.135135233475465
SUB00514,2,51.222483370475814,387.6231283273247,37.39311428481268,12.549145083670801,5.17022654741511,1.0,1.0,2.0820528929866633,0.5279002286880589,0.4482130260559776,351.948514965496,26.033013177912604
SUB00514,3,34.5827850942113,247.8644005288518,35.36405757866706,11.105232347477836,5.834224158914392,1.0,1.0,2.5264581063099323,0.2206593161027237,0.3202702469983014,118.30396861734357,13.583895407484825
SUB00514,4,31.583977013474033,281.0902329782873,31.2057450235363,14.05466974702225,8.935234154100062,2.0,1.4936859308389294,2.088689018955599,0.374264122908192,0.4741589950282199,164.45049831911015,12.554461164352936
SUB00514,5,38.59098456424395,340.9058711901021,47.514978992306496,14.79416449488581,6.65577076290934,2.0,1.3936407844969956,2.787586065329223,0.39713226616898134,0.45440951388434603,239.22996299543775,8.919626226089527
SUB00514,6,36.97491750219893,343.9785632648937,41.35979669964453,13.437923334390549,8.189261536984352,2.0,1.243567382800741,2.463140645200308,0.2879163512870421,0.3741323867388869,192.11699600695442,15.014744854866857
SUB00514,7,33.65185546208571,299.4726272859673,56.85185336861967,12.863224721783366,6.255282197573403,1.0,1.0,2.948276829891266,0.22162906920579725,0.3031134643645596,215.70515278935522,27.613297450491945
SUB00514,8,45.6983308755124,214.74823873159932,60.22580681751157,11.79424227569194,6.72286591204943,2.0,1.844837075299256,2.8064501285954653,0.38540076323270533,0.3227334642808863,214.2376694848704,21.964734006598075
SUB00514,9,32.11289186627096,336.5448405569339,47.3195184358066,11.663109851352525,6.442222714424588,1.0,1.0,2.8963471219042782,0.4247248255152365,0.5351405807176366,152.08682919253772,12.860654862858633
SUB00514,10,39.88682830936967,286.9095586373286,57.29808124233778,10.29211451273167,5.031445895056772,1.0,1.0,2.294819399093659,0.2810311520404517,0.5800815637901026,237.79843092609917,13.758522589609314
SUB00514,11,35.75637131376958,213.85239772634958,56.17206809418853,10.773712196541934,8.205562282583024,2.0,1.2316331504529365,2.6540597632875516,0.41744486052652907,0.3224254867535076,95.6437261713126,23.310324212180113
SUB00514,12,39.17499219415736,207.01944014425135,57.46510657533479,11.320269432090356,5.18609062324759,2.0,1.3981571616721435,2.241877275204597,0.16344940990279033,0.29057468085925925,226.0805885990591,13.457395569959253
SUB00515,1,4.4109016312411224,1734.4431383580993,65.09783749174267,0.8189262535587494,0.38788847165047824,1.0,1.0,1.795436855877783,0.5399957680815016,0.38525466983171497,19.17752449604583,24.353634592113202
SUB00515,2,9.499898981707366,1205.3800622045405,55.86714995014944,1.4812096992436419,1.015877184593067,1.0,1.0,1.2699222640675698,0.3226126871710596,0.4712290679786518,62.25270106810413,25.50671470794804
SUB00515,3,5.780577973154871,1738.6973825095286,40.00799295105577,1.1130237669017187,0.10911909535331188,1.0,1.0,1.664156877247774,0.3550888781294208,0.2563174203003553,45.543164834260836,14.618522190793614
SUB00515,4,7.369312902128441,1755.92355994297,55.368789797196314,1.1942940161525293,0.18120885851862334,1.0,1.0,1.4802796789140082,0.3047103811451072,0.28055000746596775,39.658471614572925,18.00713352606818
SUB00515,5,6.833455304929708,1315.9478025741912,71.63202505991507,0.0,0.33242164971350696,1.0,1.0,1.5937928193867479,0.36630908206261215,0.5966259712034674,51.39042029222367,13.259369225994977
SUB00515,6,6.934474353324905,1568.1049573800778,62.93386268188186,2.3741772661602956,0.7819003030639827,1.0,1.0,1.953970281503014,0.40346427651647576,0.4165303715882806,47.06306738220408,26.085098498206577
SUB00515,7,8.744843480328619,1309.7436408823046,40.81007819360646,0.0669229115548593,0.910135656753094,1.0,1.0,1.3587319104751754,0.19544279025374736,0.38692224363281813,63.43058175790881,16.08901560864053
SUB00515,8,10.300705973069178,1603.2772151253262,77.28532759809097,0.374442890123724,1.2971267288323134,1.0,1.0,1.118113183348259,0.3064252742478244,0.38224188616822413,36.91754260346699,17.679737745165976
SUB00515,9,14.154993890664603,1388.4738905390611,41.24802519987665,0.0,1.2844610497931956,1.0,1.0,1.1692848777347102,0.5417500307961546,0.5851770038079669,84.07273341891603,26.97119002797599
SUB00515,10,12.90922847111971,1532.7419683418568,69.17589577380392,1.0421056536330804,1.4911094512407155,1.0,1.0,1.6894029566208997,0.16116146022414907,0.41507250364814163,37.65755338611827,10.381176278613182
SUB00515,11,12.476443763367701,1615.4498094247713,41.796342170476606,0.4754925512101379,1.238084452911157,1.0,1.0,1.1229280526027743,0.17489519839014683,0.2511990283049693,98.28023569821224,17.467866477030036
SUB00515,12,11.959729744882893,1258.0991647649942,44.35522641087107,0.0,0.6393983548055489,1.0,1.0,1.6170705565366523,0.26020182374292544,0.4349755318329151,94.77463785346905,20.95861774281165
SUB00516,1,55.21561110753593,586.0019405307139,111.9671082785014,3.3681425565871583,3.235541514861069,3.0,2.556081664612646,3.438163895529902,0.32702346970975815,0.2683614977086808,131.33481588627097,19.736252772893092
SUB00516,2,64.007473728797,700.4647556982992,88.97791725776676,3.8288845880329907,3.4283652649162306,4.0,2.7417598456467074,3.496278236312799,0.3347514590439692,0.34578542058105455,184.20476380803063,20.883188276374693
SUB00516,3,71.33558317638185,439.5789314585694,74.11082130301175,2.056575783064231,2.15630194233054,5.0,3.381196737657219,3.8384872824911227,0.4834723600699178,0.30040697309842346,297.1663276992023,17.186183269070636
SUB00516,4,68.42004345131255,582.6375401513192,119.28514522872561,2.4408854683639687,2.044662521233329,5.0,2.6438169340557978,3.8396825628879165,0.433871883894696,0.47111771023269,500.75249518064396,19.934499776664282
SUB00516,5,50.994558386354456,493.29598751389085,106.41427388397194,4.279285765703325,2.6741696058711493,3.0,3.0,3.2204028135144056,0.3365855050121925,0.33852789589077387,246.96150970952644,9.89172281689331
SUB00516,6,76.05934484815103,700.8671476283527,101.16585147485651,4.468969217456475,3.303062748433772,3.0,3.0,3.971144608298389,0.2934731803580738,0.5485620932766233,447.5198472121391,13.801964677132219
SUB00516,7,60.51934564706244,507.3982490881552,79.60576563534022,3.40570769494778,3.143745277752706,3.0,3.0,3.5930256398440283,0.3421118487746627,0.35000669997357187,184.71379214449206,21.45249416028186
SUB00516,8,56.92617081125439,643.0631889634163,115.14411152568539,3.845170945493022,3.2926527746182197,5.0,2.966272594120628,3.816313551344787,0.6437100332896171,0.505752192618671,352.5663132168733,23.55706494786943
SUB00516,9,67.08211162662963,641.0229045313299,111.6261845312495,1.7792448447099032,2.900995216061122,4.0,2.8550743377131527,3.662670107071145,0.2842610705751445,0.5472121739525516,299.56590268290284,8.17672088649854
SUB00516,10,83.3796268627307,502.7090436768503,108.81154261792688,3.9236138935508955,2.684339065980328,3.0,3.0,3.002191581345366,0.5170883770848022,0.5809695502584482,431.2934080705557,11.078845565783801
SUB00516,11,84.55332452362809,574.3432781408696,100.85392825907908,2.727157384088432,3.283480747768321,3.0,2.9034721431387505,3.9712820761051013,0.6012144324545904,0.49401905036820576,466.69081764856537,18.00356377561623
SUB00516,12,58.60559568373771,781.8399378510354,77.15314300677318,2.282186613338037,3.170601385757302,4.0,3.180400571980272,3.9435044303656293,0.5442679530553525,0.3928994430993613,293.67545172185453,23.344954085522698
SUB00517,1,13.177493877738886,51.379199006897025,21.81017089013321,1.0553414345722496,0.23227703182850323,2.0,0.922924206248382,1.0,0.2720034663723715,0.5086561723715559,38.360156514306574,26.908799488232994
SUB00517,2,7.682409994918919,86.82076084478538,27.213446943044474,1.716177891561112,0.2797432597044506,1.0,0.9035518435073525,1.0,0.3347718803376658,0.4769085535274761,43.062272063444226,10.390260590039757
SUB00517,3,6.097441462314617,105.76151296510314,26.609366266814334,1.2755730877919242,0.8521964135653312,1.0,0.8051059464094055,1.0,0.4495548555131764,0.4636562055366633,16.52650121985894,9.368119194959544
SUB00517,4,6.504586970826225,135.54248823371745,39.830794540351015,0.0,0.38919754336133416,2.0,0.8098334285889648,1.0,0.45312134695625106,0.5073725311891868,32.16347460472991,17.442586858372202
SUB00517,5,4.692601863228853,105.66476291102934,29.41414750245632,0.0,0.9532065205219824,2.0,0.5515282760460044,1.0,0.342300318641924,0.3122278029687463,16.826894228724985,20.31887539387223
SUB00517,6,5.383599429931271,120.05305055305902,36.96784555868298,1.368642782642234,0.655752462452911,2.0,0.651265918750564,1.0,0.3030203094835467,0.448711530337249,23.161900297922468,23.05098140553818
SUB00517,7,0.0,149.44896295667215,39.6901419388347,0.12705017829190346,0.3087787426396449,2.0,0.8350700667530293,1.0,0.4771322999391697,0.47608166595468326,1.0,25.16845674433769
SUB00517,8,0.6782015998163464,102.73301929155117,33.87119597905922,0.48500685688509915,0.5970742149106874,1.0,0.7968177533573776,1.0,0.362500161656373,0.4038941550758073,3.2716202519673843,9.73210279962268
SUB00517,9,0.0,156.23281171603048,35.900374946345295,0.23770316130372515,0.45451080865831384,1.0,0.8756405377444342,1.0,0.520569063535284,0.27115738161905795,1.0,11.688856297806257
SUB00517,10,1.5264022775266843,56.73951452721992,25.182848688454037,0.6868322434524838,0.07436393672833985,1.0,0.9800754852113351,1.0,0.4487416500496647,0.5661331545966329,9.493026520145605,11.297856014090065
SUB00517,11,0.0,126.34830004432173,36.36273115747211,0.0,0.951205385631654,1.0,0.5030881308053112,1.0,0.2506260748029796,0.5103456455330257,1.0,19.391097657408267
SUB00517,12,2.2616664592369737,62.9957194625475,30.93609495959973,0.0,0.19228630993740214,1.0,0.6687094774857236,1.0,0.3786402335229556,0.34806185092975794,9.439886296453157,17.390509084013367
SUB00518,1,114.47473871896635,319.3563609518762,38.506629997342664,4.034337785269246,3.278362240963194,2.0,1.2825606852967348,4.3891527295272175,0.45872395896046214,0.49031505235481376,624.2422103469452,14.258706914344447
SUB00518,2,126.40596991615001,452.7870662526559,42.7703927595324,6.966109332776991,2.2666769968321026,1.0,1.0,4.373967397103103,0.6380834455871165,0.3199807693232296,526.5024509751912,27.226869888644153
SUB00518,3,138.2749913418429,520.2311791040541,44.57035927876346,5.663963519470521,3.994564577606294,1.0,1.0,4.670000699731157,0.41594575436797643,0.48647123426267713,812.3992801028337,15.711009486191234
SUB00518,4,124.35168730481948,429.0804523615833,30.3699940499301,6.554560338368351,3.468911641197794,1.0,1.0,4.040347445591731,0.6312023742819259,0.3604509600929202,755.0079571359518,16.96704725721165
SUB00518,5,113.88198134902662,359.5220886468133,38.88970991736385,6.363075296168417,2.7403489770173386,1.0,1.0,4.139695458252239,0.2684187106246369,0.5000419496812525,512.503472115838,9.36539379726291
SUB00518,6,115.25758694968532,418.5915924565147,48.64521577157018,4.13255459595194,3.9045908549610555,2.0,1.4242919714898679,4.7287107378949615,0.3156752981446963,0.522740187897353,378.13253954652254,15.56320503242494
SUB00518,7,133.00059512874006,443.88570004578844,35.67761448103165,6.572307968536582,2.301576362670136,1.0,1.0,4.44828406146253,0.25296382548543705,0.4324075446202612,1049.9998033019485,20.934648774964607
SUB00518,8,132.04067737849982,439.67197153043355,37.43670022670404,5.6650218554258505,3.0304779022004142,2.0,1.2106499889881843,4.245921177711994,0.6175810699961125,0.2955111539395866,762.7595412149265,22.708592914646097
SUB00518,9,121.44312112505905,342.2209749006484,34.77520094983702,4.551303715409959,2.0812763216859618,1.0,1.0,4.918157180164426,0.47831382781548415,0.26496400727409875,627.8591835351637,25.555826724190457
SUB00518,10,140.25120167960458,345.1593131822972,54.7298405219273,6.676117033891478,2.6334044811143125,1.0,1.0,4.233901269273527,0.38421341096038997,0.5337971298720443,424.9468438646997,13.01148885485923
SUB00518,11,123.77580993134593,309.36780017350765,53.27325704443193,6.781772795769189,3.3929836374578164,1.0,1.0,4.006333392918413,0.44548222479930155,0.49548785899046066,602.1237202468594,8.170919544879471
SUB00518,12,138.2063842880664,514.1657265651942,41.495441246610866,5.08892751569007,2.845781302560407,1.0,1.0,4.398899296294602,0.34645488750484044,0.2873963005350595,884.3374099763748,16.28290250671639
SUB00519,1,1.5128973430493846,56.38333513553333,16.388791269970753,0.061442846273666696,0.2044295929842131,1.0,1.0,1.0,0.4506960446809676,0.3946542770210608,6.456340335211646,8.990274614598992
SUB00519,2,1.6167170630632008,64.26744672214025,5.662663615725291,0.2579473983734813,0.41594195674857437,1.0,1.0,1.0,0.5068412708255029,0.4515788424745968,5.04545240821045,19.57002511296707
SUB00519,3,2.1042027982690557,91.33875946614386,17.47980837875649,0.31211786538776704,0.035831716431562355,1.0,1.0,1.0,0.1859724494319063,0.4907202486513804,11.250997653911401,15.369333627579252
SUB00519,4,4.670404393040321,46.22364904780236,11.621938646681143,0.08053062614887677,0.014363838557187758,1.0,1.0,1.0,0.2258127408467145,0.2544590840601303,12.878480023292612,12.49447312507874
SUB00519,5,3.140363804525843,38.42972467645402,23.166402616905827,0.41254322534721644,0.3234209316023843,1.0,1.0,1.0,0.4125934525134801,0.2588051602016404,13.370944797703824,23.371667452726793
SUB00519,6,4.099867139236212,30.69691176840705,15.937809929618963,0.3581349730061403,0.3197832941218807,1.0,1.0,1.0,0.4448176622930351,0.28487815845872866,25.164049318188432,8.659079607102624
SUB00519,7,2.4012168329166657,94.51571355267497,12.940040518648637,0.591593505719088,0.45576730676167104,1.0,1.0,1.0,0.37849954275825387,0.5692221289562396,6.257420942054466,10.267360955467696
SUB00519,8,4.342585712543327,64.51400461709498,17.23897495426602,0.43708771497300264,0.36702548600708795,1.0,1.0,1.0,0.45460723170183004,0.42324816328216486,16.231322473309074,24.329819171623477
SUB00519,9,2.779121401243313,46.57220813877186,12.998364542132014,0.7855452420707285,0.055957334479246,1.0,1.0,1.0,0.34670525586763057,0.43966235670913567,16.982812330776007,27.057731999673276
SUB00519,10,4.016529591054306,19.356644041315178,13.803414902207354,0.6359105517606453,0.4306216657936675,1.0,1.0,1.0,0.2652189095965066,0.2940445802764597,24.804482710565257,8.08445940744825
SUB00519,11,5.277959980147802,42.83571826551124,23.663878422651308,0.5852312782671181,0.058380911143244396,1.0,1.0,1.0,0.3340276606406303,0.4569179585580839,31.970924168316376,22.3717462310304
SUB00519,12,5.049114404594677,14.729322983070407,8.424528479197562,1.0034005950594267,0.15068755080233925,1.0,1.0,1.0,0.45174141335452445,0.5008598530582146,31.40980768877429,10.760580666759559
SUB00520,1,112.34430004057722,228.26742881358226,43.85505681076092,0.46085881509067816,0.16858143249514446,2.0,1.7182855818899696,3.5702346191733207,0.33457719004081443,0.4182479576497631,601.4029226239605,10.571506790104706
SUB00520,2,95.9138114886012,281.57756643347597,34.515858472906885,0.4535218931610251,0.35614015196770776,2.0,1.1417656017864948,3.2683885460518862,0.5280356351915594,0.47920586005535193,694.9784820944666,24.93383370541501
SUB00520,3,118.64465807953901,170.43223747695453,18.458826770697108,1.1764053176979952,0.7660808765532652,2.0,1.3090698690277796,3.1834459969745095,0.4538926356909947,0.40847935447045447,480.60904644804924,13.438912129434136
SUB00520,4,123.27499669483704,263.6786400451096,28.951868695369214,1.399521925862139,0.057066368761026665,2.0,1.0431067700325323,3.2212332827532557,0.6256499627636044,0.3706411637327934,557.4524195124793,18.510260667742667
SUB00520,5,118.119984050999,352.56914887672025,18.764834358805626,2.0601844471264807,0.9355319597889464,2.0,1.8597811332610577,3.0703225842768824,0.3987669198875978,0.4382370469127518,931.2839833614752,17.860809780869054
SUB00520,6,101.27390675096264,263.44684960984847,44.709368043460174,1.4174037288636216,0.848793655408256,2.0,1.5063591019007063,3.2766690532283254,0.39276456129257087,0.49629936777994255,703.7687782245719,20.36583121353251
SUB00520,7,112.27022967555378,335.1722271545912,22.902309524364387,0.8734877188492034,0.27731993959899737,1.0,1.0,3.148797633184972,0.42873183779730284,0.4468867499072101,730.6303176568331,18.230374972370043
SUB00520,8,110.13089684521019,341.10892649772956,17.42748227305371,1.170894138804483,0.4185001158155472,2.0,1.0527962441325434,3.1964429681649134,0.3384534339720079,0.5110400797271617,229.9176387668012,19.127170214217365
SUB00520,9,116.98205242881892,259.0619854784425,24.77804513279007,1.4791559872711675,0.35699477697282656,2.0,1.4971401068132089,3.3497357476203957,0.6224608254814153,0.39059333813778724,702.4277751463422,24.8341179729845
SUB00520,10,112.36221453192863,282.47316856307674,28.712075002127694,2.045859283803372,0.09105586279150873,1.0,1.0,3.4627338174818116,0.5566910073186576,0.5636128039660052,648.9384890158904,19.07232803996311
SUB00520,11,93.8154944696146,271.5786817471246,29.68959244906928,1.8879837572115883,1.3372361190047348,1.0,1.0,3.354562455269996,0.39682616602695786,0.5173067890772898,459.4750874628557,23.564343276628975
SUB00520,12,103.07251177728351,260.08088871598517,36.2858910416461,2.2707799730639566,0.92757566617481,2.0,1.8384546871717453,3.4973151833624647,0.2662299922561249,0.27719995739491,471.29378011919727,22.461468664426825
SUB00521,1,45.31231396159639,286.22190142829004,46.39340258222684,15.340409187211097,7.7454356210536,1.0,1.0,2.2838101125642245,0.2833614936405783,0.48084199650394965,274.65397255345323,10.472223735779945
SUB00521,2,47.848638222069575,224.79120706925403,43.43686244868948,13.938571702653494,7.726833051535655,1.0,1.0,2.244713470973721,0.5296298847656707,0.3103389692165746,225.89329244908032,24.315904009876153
SUB00521,3,41.06670489450137,405.2090349696567,44.23147171312213,15.367191309838871,8.543707653798068,2.0,1.5514163076620622,2.4637114077834523,0.38552396476627593,0.5556534992390308,288.11062471288955,9.529723552424343
SUB00521,4,35.49840466334627,312.91906467124835,30.78261759895766,11.877975634201048,5.462804691682689,1.0,1.0,2.176523925039506,0.42106715349788326,0.52141794922275,178.93185481265584,18.167734282544814
SUB00521,5,37.79650332242842,213.65175676977077,44.19303856473846,15.078733952134225,7.300181465464778,2.0,1.5856159127978589,2.562784046507573,0.3399854665297553,0.30305431835710606,205.82592795110924,15.333579744151761
SUB00521,6,43.33336176276305,335.3698030692336,40.83798936100133,12.445167921055829,5.483251206964984,2.0,1.8666593005603977,2.929938465632362,0.20492386779895297,0.2763997787489063,158.67356074410714,24.032206244281387
SUB00521,7,49.42261028573791,383.6869139243669,38.72077879858987,10.990631470282516,8.291983223559455,2.0,1.403380170312548,2.7953846304098913,0.2884644321360837,0.35981713063040704,329.0715600866892,16.617856109434666
SUB00521,8,34.577445882574125,365.0462950285702,47.59887178342026,14.854318960646758,6.802122600510149,1.0,1.0,2.4396519641409493,0.20493064957040935,0.2953973558534542,148.11865492156312,16.285396729735744
SUB00521,9,38.75979512595722,236.84981786003732,51.91141377660878,12.79181261632983,8.64965705758332,1.0,1.0,2.6168650273759746,0.3875839597452583,0.2802648075672108,232.59949634985918,11.60038288806248
SUB00521,10,52.054505750812595,280.1547621263462,38.6262768471407,14.049413336938793,5.312500242798887,2.0,1.051574968487833,2.2491872352241002,0.5859741404196118,0.4500682605687232,187.75130239726985,12.850031040952283
SUB00521,11,41.537992777834646,253.20454131425453,43.867354811517686,14.989316636499083,7.11338675458856,2.0,1.3578109976139918,2.205783156419937,0.3523900881136892,0.5993930668217453,158.2948052091702,10.168563956527276
SUB00521,12,39.75031372968017,311.06943257064205,56.39090380738689,16.27387908087981,7.200008654713342,2.0,1.8334600283326186,2.869857140914032,0.26525985221276266,0.45585551521197976,153.0931328037644,21.72854915048273
SUB00522,1,5.825275634441136,1425.0744410757532,41.33139291157019,0.6391316447389588,0.7189704821345512,1.0,1.0,1.293424814512373,0.21759438455444152,0.549720290750471,39.65467093814797,19.3327487486792
SUB00522,2,4.236550845210875,1368.181318956005,59.2138306201421,1.3516763008214392,1.1890782058899734,1.0,1.0,1.4510052630876653,0.5357258253413925,0.2546673573913538,16.570161394378733,23.868016146773282
SUB00522,3,11.442519004024815,1482.9878916454925,64.19132232400736,1.8025452048375294,0.43677038486654796,1.0,1.0,1.8655750028224962,0.39607828219239927,0.4523109008058901,52.3193503746155,15.451861377016167
SUB00522,4,11.588362861654408,1536.9423419496436,63.07130782680247,0.9037484016272148,0.08794230968501898,1.0,1.0,1.97403420535668,0.27926594511747027,0.5927926947821442,51.25862259270921,23.870357341951802
SUB00522,5,4.38093325815154,1589.7853253628532,76.18930825220689,1.5953468235976915,1.4967181521977482,1.0,1.0,1.3277638675847112,0.35056896379717517,0.5778858665872598,9.177381632820024,26.45979882653613
SUB00522,6,9.368384754094544,1198.4811882215422,42.708335033446076,1.3978527176729885,0.4414530303833741,1.0,1.0,1.938969247375608,0.1869108035683659,0.29486778708366884,59.66991929095534,26.31938025069838
SUB00522,7,11.844228291572986,1433.717280016291,40.284272531906716,0.0,0.4354085528121447,1.0,1.0,1.82368748702565,0.5112799744760174,0.381816806348403,31.939222140854536,8.51077567018255
SUB00522,8,11.111732639240463,1526.115939072737,59.92193103609286,2.164807315191921,0.917347900588856,1.0,1.0,1.6190594688599527,0.3214482775410268,0.2705754942319924,61.533808388156466,27.48529546899692
SUB00522,9,3.7716982432746855,1594.862972451782,62.549525943768785,0.0,0.24386998811239968,1.0,1.0,1.6616673898987957,0.3777290754465906,0.5186040439916569,10.509189628359163,20.292730716642076
SUB00522,10,10.590676037465734,1788.3665117654862,65.73204648102669,0.0,1.133671448339881,1.0,1.0,1.0541238557191763,0.4571121754893709,0.3046270706357413,62.779888042539255,12.859274537605778
SUB00522,11,12.730530647354536,1519.2220570098818,63.651551283074866,0.0,1.042949437293219,1.0,1.0,1.448151402872083,0.543878972035159,0.5125380225392875,64.2658560734769,11.397150400298575
SUB00522,12,8.276929949787437,1245.3897861542307,76.24156094843548,0.0,1.105291037443853,1.0,1.0,1.172260808180928,0.24477829708006196,0.3050535607824624,52.501199309421615,19.79276358597414
SUB00523,1,72.31832838589561,515.3985561295765,103.2618289580804,2.0408445622654545,2.8357227227600292,5.0,3.2043448056975956,3.2055638152153625,0.35934542028172967,0.42369835521754823,539.9055194989763,16.678789068017373
SUB00523,2,51.34333625651428,549.4253088044785,69.21059437688491,3.460352194291024,3.269282962062835,3.0,2.7439382612673064,3.5833509619171675,0.30730756866520903,0.40107845853973745,329.01627734956656,12.341022992198837
SUB00523,3,76.93312441542106,679.9018532085852,76.42667208687756,4.716601766726543,2.300444985864303,5.0,3.2163721422174283,3.392152050220891,0.6064018046338744,0.5246249466095434,356.0689550126893,15.700290773349725
SUB00523,4,66.01036782257754,728.8055375397839,101.1320254568333,3.267428553331163,1.5186604653636564,5.0,2.7358685782994763,3.247363180279446,0.49757577537973263,0.4248738727860797,215.2292342662036,25.942621961417938
SUB00523,5,67.3952297545803,539.9845288164217,88.59108146735349,4.289536319704235,2.1587277147269526,5.0,2.523385546822092,3.3927618782564357,0.32785175966472396,0.55295938169092,167.64079777768143,25.502157029352375
SUB00523,6,62.21667342965405,465.0839996481195,102.17832651684625,3.499256901323583,2.3778926560350415,4.0,2.5049743368767823,3.758196387215832,0.5505433594461739,0.5778449677467064,337.1677164636845,14.445941714050921
SUB00523,7,51.864576191440825,656.2841689934943,111.04001672714494,3.4535407968839493,2.7943900942937208,5.0,2.7185535599481443,3.9493293645490644,0.5349970945620447,0.5603884848230336,215.6237202694684,26.389825975489916
SUB00523,8,68.41315362925057,535.525568150651,91.61383708911414,4.43309067472733,3.3786935306461485,3.0,2.7248913271821373,3.283670922616736,0.3979854060687823,0.4446484088854412,480.9176693386278,19.420592198245764
SUB00523,9,55.4281947232806,674.4354888908547,60.29303066970808,1.6637898033440428,2.6775380954277415,4.0,2.780837808471447,3.7196600203311445,0.4780382769977026,0.4400932199366916,375.45728118692494,22.588228154217973
SUB00523,10,59.378064308276116,656.2767760390382,90.69856685124945,2.5153177938384674,3.3594324052481173,3.0,3.0,3.538758124845925,0.6108511939156356,0.2761920583504909,371.2422024819288,27.375754010359373
SUB00523,11,69.22871282115395,672.1684545678996,93.21078422115676,2.067687553204603,3.321546967586719,3.0,2.7580429436438254,3.312977659682017,0.6440392477296596,0.4434857024053809,294.6036530984407,23.003109043342715
SUB00523,12,53.20997093995528,494.0172758526305,119.63343025021396,1.8071396579287646,2.5070561939230798,5.0,3.0212159398855962,3.193956722976218,0.2800749323238284,0.3571965029598613,261.0828875915659,21.309695910416686
SUB00524,1,5.537524985261097,53.03161186049958,30.537435653334125,1.2363123516467012,0.214428258603219,1.0,0.8238999036130112,1.0,0.38312409499068156,0.389904818191192,38.41020721455409,16.722755984168614
SUB00524,2,2.666772295837474,133.981363645006,41.42529978838142,0.45543510372134166,0.5933291732739423,1.0,0.9454181201253611,1.0,0.49664268072219386,0.3856931844501045,8.213299414311017,11.078161980721747
SUB00524,3,6.577968874066484,121.13014728192995,21.823218661971403,1.6705826580664562,0.6896485101144846,1.0,0.6308285232623896,1.0,0.2894573300891067,0.3065512514307062,41.01275779094163,14.501270933399732
SUB00524,4,5.960017343202588,103.32479264973433,32.80419588789219,1.069195421198748,0.10335965736360087,2.0,0.9325132912106779,1.0,0.16573061558884147,0.4513097837838394,17.425025164132975,27.17140623685404
SUB00524,5,8.50719793537016,124.40177976657186,35.593813167500336,0.448263008853153,0.5447534922376355,1.0,0.9613626673040703,1.0,0.18404599945412894,0.5979793699405835,22.58245075005945,27.369594793405366
SUB00524,6,7.831294498516703,122.4370807815603,37.79110241665919,1.2836765163791581,0.08922067391598076,1.0,0.5120627225454678,1.0,0.48334843901049074,0.536117270104931,37.52981530943619,17.04871047320641
SUB00524,7,3.939684790384616,148.85818929173513,23.76145593530301,0.0,0.9801366887467712,2.0,0.7321069035960291,1.0,0.29696770628702934,0.3359548260278016,25.456009826360116,15.535040923460743
SUB00524,8,6.928898205078532,145.10190224616062,24.918224366131923,1.48065068561394,0.2723345023655581,1.0,0.7844035805091746,1.0,0.23856368476046233,0.547879851553548,53.01367198019336,21.525692463252668
SUB00524,9,6.843064108730846,90.94427087733098,15.605876672554627,0.03310161267091985,0.12648588188977983,1.0,0.9242402339406874,1.0,0.2547920638932332,0.31457899533778155,23.800712566191695,9.493724598730232
SUB00524,10,6.565262674388873,93.78660832968949,42.55530533461593,0.0,0.27196657806240276,1.0,0.5214303409345695,1.0,0.1838326662714156,0.5206502710384431,27.70514692903894,25.212914099553277
SUB00524,11,2.6853027989065374,142.6186155276535,16.445162370373314,1.269340737807093,0.0810492875106964,2.0,0.6021685220938822,1.0,0.4372854402297761,0.49556789702597004,6.716323771774583,11.349160876311783
SUB00524,12,1.959110862644097,78.63241670033548,29.196458891511476,0.3654404657208667,0.0346655461767591,2.0,0.5738850945882592,1.0,0.29072913972284503,0.5441230840362747,6.492763993271356,11.693992256482082
SUB00525,1,129.03861161865703,335.9488828464401,35.33829057960631,4.996349230468645,3.1372240863726883,2.0,1.8614058331529726,4.179481681285954,0.43029604587000914,0.2521651086189141,551.4606073675446,18.693402874981587
SUB00525,2,132.35770097834055,409.69405982694036,46.408954014937855,5.151233950523511,3.024530035281667,2.0,1.0646472199197894,4.579226850383756,0.5995351931454898,0.5990654851847628,340.4892923084604,12.057503261653405
SUB00525,3,132.33521745652473,526.0203792198766,44.40505455370141,6.769796468852972,2.442996657117921,2.0,1.1061092386811597,4.339602720466952,0.44643424723492964,0.4903661485083278,891.0001646604894,20.83030897486271
SUB00525,4,131.27196037364334,324.30959707199054,43.90113602868067,4.723532333905081,3.982076141701577,1.0,1.0,4.154551640179338,0.5787566408531298,0.4213566343914211,351.7757559803345,9.37841619134618
SUB00525,5,139.50173034516655,518.2346837056753,47.33549073594199,3.9033085045133777,2.0627320643643623,1.0,1.0,4.875260025947373,0.4389735871058137,0.5867383635046176,818.4858148606926,12.014552546992265
SUB00525,6,123.1933787819857,502.7207673202049,32.80050575882626,4.086982109516025,3.388716408380048,1.0,1.0,4.64057659808451,0.4249433276863541,0.49395006527578167,850.6514776066066,11.65724414828112
SUB00525,7,127.62402114248987,414.82248627587063,54.18757024457889,3.476226617934757,3.7402417927959526,2.0,1.4014527184390175,4.0549024278440555,0.5137823981299969,0.518352399016915,493.6135009588943,17.100671325261597
SUB00525,8,115.41929762005769,497.0557706797015,45.501604044890804,4.138500697109597,3.198232191668581,2.0,1.3100768401346312,4.157808419503818,0.4091219158917163,0.5110881273508776,336.48953053513196,8.7720301050976
SUB00525,9,117.2640938087459,349.27028760983364,54.933426142016145,4.806782975750979,3.0792333992845204,2.0,1.747760816161842,4.396295090693233,0.40667702562959984,0.299943474635597,628.8166641388145,9.287953638535422
SUB00525,10,130.05099026578046,395.8327311427227,40.14993640461082,6.015089497392178,2.734266224066559,1.0,1.0,4.579997842195501,0.4486617666303052,0.2653979031171701,932.7866213093089,16.723806563782258
SUB00525,11,136.23824460918246,398.6798503976892,37.949513696268404,3.925172288565915,2.0943605936625866,1.0,1.0,4.890216240015001,0.3600626736392796,0.4406877902705501,1024.5743471140859,9.84254194757557
SUB00525,12,119.48159094161743,448.87217096025927,46.355721692891635,6.776367220687379,3.2558610047122505,1.0,1.0,4.105409253152621,0.25995699215620427,0.4885176188819734,889.8680510761549,22.2340913488706
SUB00526,1,0.0,57.81173101997483,19.70369729148674,0.7939542192617886,0.09778082683923955,1.0,1.0,1.0,0.43960958779476966,0.460385519326736,1.0,15.175659490931183
SUB00526,2,1.1143936848547866,63.32750531304457,8.657582587553785,0.5748916760372433,0.4438127662816348,1.0,1.0,1.0,0.3136922925890361,0.5672041592256452,8.47635269696565,9.545603154939304
SUB00526,3,1.237575097240481,51.25793115934863,7.329043611474195,0.015545740690226878,0.45802179590375763,1.0,1.0,1.0,0.19884826997994906,0.3988807477731584,7.74441126097411,18.451361913625693
SUB00526,4,0.0,27.38011593701787,10.55793846032576,0.29318446727356184,0.13839939982948968,1.0,1.0,1.0,0.5468349978801367,0.3752805562050357,1.0,15.442911247415125
SUB00526,5,1.67244654501175,73.34001744164608,24.41473107884834,0.0,0.37479677603424144,1.0,1.0,1.0,0.4506757183398833,0.3895916443366749,7.494464929968079,18.63716861044201
SUB00526,6,0.0,82.8969418059876,20.77596134177323,0.30053301159243767,0.17906845961172962,1.0,1.0,1.0,0.31906690061947973,0.2707795531884395,1.0,14.13075833569811
SUB00526,7,0.0,38.940944732739666,10.584684231846328,0.0,0.16060671783682118,1.0,1.0,1.0,0.2257539645857308,0.46954498399161276,1.0,12.470144706422666
SUB00526,8,0.0,65.34705615119516,15.828726361115626,0.06086258213504954,0.1836597983093115,1.0,1.0,1.0,0.2556881433984203,0.39269529761833466,1.0,13.14221065391428
SUB00526,9,0.0,15.515189664493633,6.783470521171305,0.3923291064631464,0.09736141023837874,1.0,1.0,1.0,0.38778106735097906,0.46866416899014496,1.0,19.893396523218488
SUB00526,10,0.0,19.500983592180976,24.596207466764394,0.42737360672699465,0.1780549257819672,1.0,1.0,1.0,0.5476958233563006,0.3334014600344103,1.0,23.422679721512278
SUB00526,11,0.0,85.95376131361786,17.89835256537299,0.6002287683378826,0.06760012997337539,1.0,1.0,1.0,0.39107555336469957,0.2847924781082646,1.0,23.7284677910662
SUB00526,12,0.0,69.30725737237836,21.375742990530778,0.27793609575630684,0.37943710817209564,1.0,1.0,1.0,0.5319653488182273,0.4232329966951379,1.0,14.302783213558492
SUB00527,1,107.35949180498831,205.36573586927145,37.31143440878226,0.24116671171965084,0.9406011992629995,1.0,1.0,3.5143601700261855,0.5808001911998096,0.49460597449568366,709.7215785121267,9.768557658070653
SUB00527,2,122.11455351416795,181.22731050652246,25.0271815962045,0.8190408490848806,1.3548324600330732,2.0,1.1755842604105076,3.1365305168082505,0.2823769462129564,0.5694466944497214,787.947660213656,20.138473600496855
SUB00527,3,116.42216843207997,300.26846155642335,34.04798604912865,1.4395618614106664,0.2274968830925866,2.0,1.8128522110120966,3.581009867919159,0.4843260003280244,0.447004300606073,775.9482435876482,21.876268017276367
SUB00527,4,101.40528578224583,272.3741989468162,40.146448432802956,0.5933688749949719,1.1308783554858022,1.0,1.0,3.6093291636569664,0.5997913656134891,0.47603865317603977,239.54169040907715,23.124552185682845
SUB00527,5,101.74773500407424,165.93403914112244,35.98072850214865,0.5994347332650122,1.3604324990643557,2.0,1.3790727141109542,3.357898702073288,0.3111814579149522,0.2793002467349125,519.6512135652588,21.21941862240471
SUB00527,6,110.00515124911642,240.07592985525463,15.826054071121922,0.0,0.9831185670632323,2.0,1.2021084662904535,3.869115734758945,0.3348401788849802,0.48681940059252127,254.3374405547982,14.568154712123498
SUB00527,7,110.05999296355101,215.83382010408477,17.557375376022584,0.540720898568541,0.047889164156266095,1.0,1.0,3.0451140195352586,0.2776298102720063,0.5225471465554057,628.3591501809979,20.63076218862583
SUB00527,8,118.3845051788843,315.1581707384808,44.43133408018413,0.46586293911623633,0.821066557815032,2.0,1.9119987848775386,3.4859341459161195,0.37380454470466684,0.5537815208985203,548.3877560907257,14.268119615255243
SUB00527,9,115.31247876118462,180.15151780154903,37.20177999246483,0.0,0.6434578199460058,1.0,1.0,3.286533316419767,0.3082404590406296,0.29099080434185226,309.9371877635869,14.23182189114608
SUB00527,10,97.77495190755195,275.14646454952276,39.85641070201726,0.961522021048424,0.5322343540562633,1.0,1.0,3.4597763378350805,0.4100465089433847,0.30354824719073015,267.10759425959697,24.969860832168713
SUB00527,11,96.73227643018694,241.27681230195063,26.31574895876549,0.0,0.9250696797828861,1.0,1.0,3.7293191543887136,0.4642359931506993,0.4597038581971833,296.75703401216657,21.007222677305336
SUB00527,12,110.1919566763634,240.8991985640187,20.939088634165795,0.0,1.0499920822907673,2.0,1.8955043143651664,3.850969462634306,0.25564402552144816,0.5256052579790367,836.283314408031,20.33756847875378
SUB00528,1,38.435709749017064,292.31537911708494,38.46441364107966,11.997411757856208,5.618774883053225,1.0,1.0,2.747325173142166,0.28821171082202,0.592107007100351,158.76719738614304,26.808169609030145
SUB00528,2,48.96975789976596,406.11829244836076,62.58384510207424,13.200419454668777,7.635282531717621,2.0,1.0859017400318467,2.874261825086831,0.1500223740024884,0.3595596049109979,106.61669200863157,15.634546318591486
SUB00528,3,33.81561265377321,338.5163224012448,35.472930860045125,10.933738678505586,7.373082169733499,1.0,1.0,2.2826537346446223,0.46843847411877126,0.26417158180234945,209.43182663391792,18.900482869393258
SUB00528,4,39.62305017233256,257.19888787098245,52.36599719718091,11.312361070830281,7.763981184295242,2.0,1.720439234698314,2.4738814615309708,0.19176560547792998,0.3106780210054236,282.20463020299485,26.24769351178895
SUB00528,5,38.301502488526616,343.5893150724931,32.99172167790789,10.334222383608399,6.099471718468585,2.0,1.576801740615509,2.158498374544411,0.4146313768198736,0.5258311559439113,300.0923381321032,23.70198221506464
SUB00528,6,46.30609147764037,345.284470788358,44.54322328603378,15.69267675606708,8.224939133902271,1.0,1.0,2.904049687702028,0.2627917362372953,0.2919372695394217,350.5125208134731,15.456719324266066
SUB00528,7,37.09107624301323,223.30028852566633,39.72592520617535,9.836257465808014,7.824999312822202,2.0,1.8953683015355842,2.580468148451401,0.3619770308042094,0.398972493742269,218.63320925080933,9.486896242183155
SUB00528,8,50.40162818505039,217.43647580680204,53.604536749259594,12.9041857073824,7.192364247034287,2.0,1.1538560818653163,2.833030650496553,0.2793650125992586,0.5355305011278367,293.6525435126275,12.611013309793837
SUB00528,9,38.69564572574101,238.24366728312987,56.37071563629882,10.47698194645047,6.402882471964058,1.0,1.0,2.861275444936692,0.35229535419745206,0.33007045932400647,283.4630032248031,12.835659895156855
SUB00528,10,43.38342638504896,315.4996643017237,53.98876061607518,14.706292022903758,8.352297808254129,1.0,1.0,2.5557809596465155,0.47553099203571036,0.28555499354160807,97.05084866196803,11.810314408158169
SUB00528,11,36.90897775022284,242.46879707629859,33.19066611234145,10.640913142225989,6.485152399277997,1.0,1.0,2.140333902507069,0.3666838490335814,0.4369835050838573,164.33233287405176,20.469194289399063
SUB00528,12,39.3144085224933,243.47699985043994,54.00734009656211,11.901717997539917,7.582332020211204,1.0,1.0,2.4394214541130346,0.2585023616333939,0.35779107867290827,140.36225804955737,20.532942158924822
SUB00529,1,6.612181129589344,1785.1903685679717,47.56995966709851,1.522260093221916,0.003516552233575221,1.0,1.0,1.92225710025542,0.503640084474824,0.48094695098445,14.376184578404342,10.162117016389416
SUB00529,2,3.6064057144137562,1505.2109377273628,68.92052731455146,0.3887444748532409,1.4183584868035717,1.0,1.0,1.9829948103338713,0.18958108537396384,0.2824869088588599,18.031208581485195,27.40944792299557
SUB00529,3,7.206431778907123,1384.9365102039192,47.50018865578398,2.3312499332200574,1.3838134845803045,1.0,1.0,1.2095422850122999,0.2392452246382734,0.29504305255334223,45.10886090855117,13.074602691597418
SUB00529,4,6.351646005637624,1257.1463106506815,46.34890951945301,1.199834970019774,0.761995531331749,1.0,1.0,1.2594801809560554,0.23016026933245404,0.5624353415502877,21.722039495227765,14.069789449850864
SUB00529,5,7.626391854243046,1675.2032004346454,40.415685385459845,1.5646404060850805,0.31099819442784193,1.0,1.0,1.050401951848182,0.45456000257221474,0.2934150640465246,54.067500980008504,23.256288055325008
SUB00529,6,10.086385663798417,1625.0903351914562,63.78095797274095,1.284552893062191,0.386508610008789,1.0,1.0,1.5915431343319733,0.3153659220823197,0.2811550023440717,33.59577954909628,11.189754875181364
SUB00529,7,7.56347731160695,1366.7890457424826,43.4598724603888,1.8094079190078904,1.0166445962691872,1.0,1.0,1.7389586136175754,0.2926080908641645,0.5832280811480686,41.35724556668872,14.981828668276066
SUB00529,8,7.344021469288529,1471.3800110741824,50.67935277211035,1.1691055410692364,0.4861672832188705,1.0,1.0,1.3310591674054666,0.1836611073790793,0.38384455442579724,21.242063377179623,26.275950793598245
SUB00529,9,11.512334085431567,1526.193123857769,72.98058483312762,3.814024107867211,0.2629161092408731,1.0,1.0,1.6684942525490016,0.5319052759227653,0.3539949974143123,39.02887984322291,20.735638843454065
SUB00529,10,11.237048478835574,1618.300102844497,41.41431217226507,1.7664986858961087,1.0199538139027018,1.0,1.0,1.4341052236631961,0.47267567139287936,0.576640717505058,31.782606372728477,10.6764655916241
SUB00529,11,7.364786366986173,1694.5766307761214,56.92915656450523,2.6853606882946672,1.1552069353655783,1.0,1.0,1.3210907068235922,0.33813071065713063,0.3003363902368388,36.330630458709955,26.791983382946178
SUB00529,12,13.348312262866507,1717.4754799074005,57.21945007622929,2.3775784176581345,0.3998517807468864,1.0,1.0,1.881958936984749,0.4866076343015344,0.45742415722665386,94.80272870611388,22.235160778920946
SUB00530,1,80.25306795034604,749.0748887841434,81.6483059239556,3.353989375083594,2.74237018540625,3.0,2.9296078407071056,3.8015138998394784,0.5868662785110927,0.48475002719100346,352.12875345237546,23.562447207166688
SUB00530,2,78.10839711429396,744.2808942918286,74.55786972308569,4.674179734599843,1.6952336305855906,4.0,3.0503230705170408,3.5573918337237425,0.43238012114210955,0.5802663074100098,189.07219177343302,26.316309427454417
SUB00530,3,50.810387158705346,488.4760054780051,92.48699682415551,3.5453093841311447,2.564360911606121,4.0,3.0812798426183536,3.426785798410564,0.44210669239377054,0.5934012287478306,317.5907687517752,22.902274594006826
SUB00530,4,78.32881515698152,512.6176055888432,113.58705884356922,4.03969092159743,1.765326208463318,5.0,3.249789834106826,3.0471790450372036,0.5841215071164607,0.5081698280054489,221.95755591960457,14.280546841466894
SUB00530,5,72.25762588315472,669.0570736803876,103.0096200478398,4.193270719489254,2.7541959102466382,3.0,3.0,3.4541705998299226,0.60241641946995,0.47501260179224825,479.29111361656084,20.850996239828596
SUB00530,6,79.41252092515333,510.22371725360983,88.4311866437458,2.1485077492161,3.478111322362711,3.0,2.8920707160393992,3.204384520650542,0.3859256220661379,0.36251159691305135,564.0560156291782,14.408114479127507
SUB00530,7,70.75689975212562,644.8700646875706,62.01695721715517,4.277843811698145,2.518901385476819,4.0,3.428476659675211,3.6790267781159716,0.6132796523376152,0.31625290106338033,375.55578073880554,26.185740040596542
SUB00530,8,82.36995079633701,483.25480269487605,107.29967360205548,4.296281170380921,1.7551723841321611,5.0,3.0147599692733205,3.317504047287388,0.2683986533838326,0.319536730583011,249.98815095599167,8.248879045762983
SUB00530,9,67.79695519266242,578.4382052115034,70.45064390149575,1.6939974276986556,2.734940305230272,3.0,2.6707105201192416,3.5911445064841256,0.5180104745166534,0.34491142294680804,135.99038549353696,18.695518513751647
SUB00530,10,80.02123434420005,572.9963410252207,94.69682410275983,1.6434115600005885,2.3877635520245324,5.0,3.2174288762899685,3.4879122970532848,0.47347508661372495,0.4548708758949041,504.93107247907875,25.800938927355737
SUB00530,11,80.86566076400234,583.5445123645993,118.41243429498962,1.8112871302051334,2.9996623307930808,5.0,2.89102723751788,3.624756855047436,0.3946427949772,0.5764959450671356,564.5974095246579,8.220348704233526
SUB00530,12,67.0663306578931,682.1229274226371,115.70296240766444,2.8385765672126437,2.876003191701308,4.0,3.005907921375563,3.541479851949701,0.5717651689634679,0.3329968329540065,331.87678342179026,23.601613854946947
SUB00531,1,3.5381070025945967,137.29529949293038,25.212882982595787,0.11702161933528848,0.5048256173064418,1.0,0.7308579220229336,1.0,0.4773524051591739,0.5256219301182656,22.20856583350317,23.819938360699517
SUB00531,2,11.050645593618079,88.06985993970841,16.546295247977117,1.455870850132892,0.5091333945826816,1.0,0.7088953750943932,1.0,0.36281356653329333,0.5553252846872434,72.21900581224948,15.374230588692006
SUB00531,3,10.161080802303484,106.079072295722,22.27360104403317,1.9937053711358919,0.6556076760673083,2.0,0.7976723020324247,1.0,0.4672997389675677,0.4055935481386054,24.716134311743836,10.414145313279363
SUB00531,4,7.11681195829507,118.0741791233753,41.733197742838136,0.8647067300608358,0.3019370152666454,2.0,0.7769350767419662,1.0,0.1666512158533823,0.2728108506896948,46.37045742789861,19.516486290894434
SUB00531,5,12.537688435430786,156.33103920023805,19.426246055212058,2.0959408418422414,0.8627640905904457,2.0,0.5284190458983957,1.0,0.22609935525275632,0.5834960764871201,99.14323173269806,16.26050432268531
SUB00531,6,13.241194302843176,107.27310968925804,39.9073420824787,1.2592059359210248,0.2943578901423263,2.0,0.668809818493341,1.0,0.3346181281831615,0.2990258601975691,53.03149828175865,13.206187238451221
SUB00531,7,10.981956542268854,141.3715183210948,44.10564213377461,2.4455296381348397,0.19094159854885795,2.0,0.7498144137777067,1.0,0.29054631483680804,0.4596121531539338,86.11958423316443,17.01051843423513
SUB00531,8,5.5516861049688675,134.32166432359554,36.62169445230666,2.2352552995744164,0.09501706711315239,2.0,0.5896573104196212,1.0,0.4867568818318133,0.42325259245514546,22.758113566029216,16.029376429297635
SUB00531,9,15.122219175800277,152.56273126791896,34.97373343410062,1.9081202283949754,0.6548171139159563,1.0,0.7966769751662566,1.0,0.49275415042105275,0.28310224058803257,105.3437148966815,11.572933853518663
SUB00531,10,6.957832641057345,98.18433653764707,42.06200919208893,2.1185123258795677,0.5778461733311804,2.0,0.9868315487818794,1.0,0.4557434416572449,0.2704552241234393,29.73081201703439,16.492280916178196
SUB00531,11,13.734855806613062,127.94165302173853,15.051580061721051,1.1754490895927505,0.7771335625827841,2.0,0.9999221721338865,1.0,0.159808838681439,0.3827958671066972,54.61567217618952,13.984730637509255
SUB00531,12,15.919734462937555,120.39278043099749,15.768030424661402,1.2989512606107143,0.03314503198117946,1.0,0.5256175008377845,1.0,0.3735934826170877,0.3960271579532827,65.18052623227042,25.6241361114757
SUB00532,1,134.97570799075393,450.5945670441735,37.95196367288035,3.754344532475502,2.435981154874384,1.0,1.0,4.9637301828172085,0.4534359092201776,0.47596331353350296,330.5751729494726,12.052270450083803
SUB00532,2,136.42876065010356,410.94686348654443,51.99486010753365,4.085877218658256,2.510996280910919,1.0,1.0,4.650273376919599,0.3815480378612788,0.4272832617864238,527.9730234013409,25.829869588551542
SUB00532,3,110.77355099644224,474.04182291759946,48.542014245228714,6.233739363554425,3.653080797893857,2.0,1.2955691294238179,4.103800788987223,0.301675532465419,0.4410934040049299,292.1351132774435,22.67879758693322
SUB00532,4,123.72214418781667,413.56405033197865,39.36969238980202,4.464927534110074,2.6310689258118636,1.0,1.0,4.389672735657296,0.4029024454661796,0.372591244595458,628.867978558458,17.178166983265736
SUB00532,5,136.64235306395125,363.38044040618763,53.21610170633819,2.793198764328859,3.776340261059723,1.0,1.0,4.192500509401231,0.5964387882787386,0.4288483764035144,735.5855732376286,8.267304209689062
SUB00532,6,126.01927877088313,522.4368892625213,54.121280959627526,3.4989968640170983,2.0358482366118498,2.0,1.6695182844304273,4.002910363128155,0.6311636943133855,0.5893729184457881,430.52618375809305,24.228956882879423
SUB00532,7,134.10739223143048,527.3637307769162,39.28784352657438,5.047918966591654,3.1500493583897136,1.0,1.0,4.938873235367951,0.6290489092434914,0.4376024006538242,470.0717972510967,22.78646225155682
SUB00532,8,128.1806694157089,519.8195436314619,44.599951153865405,3.8076704176812557,2.8178110754261367,1.0,1.0,4.2303697114819565,0.2542754079290486,0.5692245192278234,773.7215451722154,10.343138118807445
SUB00532,9,119.17617841607094,483.1148776828644,32.74640729764984,1.8410836356811529,3.866431480654599,2.0,1.3910854520429496,4.122321277646171,0.6237373544790923,0.4082803002423529,888.9735350384257,17.081921843760746
SUB00532,10,109.97314215494785,540.1863876669707,42.84584334709236,3.234282243246393,2.2757378390381717,1.0,1.0,4.699601067422169,0.3685620919844357,0.5944837068718568,527.9605685624342,19.911662597836397
SUB00532,11,123.94687881227046,554.5792933353961,42.871011998934584,5.551904574403141,2.147590276814027,1.0,1.0,4.9137180546342405,0.5505937618529324,0.48774857567678176,870.8158023668703,16.905993203889288
SUB00532,12,124.15136504031436,294.9386268063859,39.529945045185926,3.961860715367004,3.5713460141220152,2.0,1.680813305403853,4.562910981725728,0.3288724495259534,0.40961829107423886,330.90757008309055,17.12685675673614
SUB00533,1,0.8117075870949557,0.6124983772623835,18.385621213643866,0.04363472061988552,0.3936858786785931,1.0,1.0,1.0,0.47142511507437435,0.5645541423081837,5.327131779848169,22.909709093745818
SUB00533,2,1.2341924291710287,60.194512958960814,24.223894572846756,0.17249962572816646,0.28733665027065286,1.0,1.0,1.0,0.1904392024993818,0.2543240178749139,4.045256567608132,18.768242197789785
SUB00533,3,1.7099423874565047,76.84004320075273,5.27347084378084,0.24904898181299587,0.15827389899549776,1.0,1.0,1.0,0.47129364266964846,0.5415202360505877,6.174170766033355,13.73968372475246
SUB00533,4,0.9687160525329699,62.72645673473183,12.962919714322265,0.0,0.4836669376328637,1.0,1.0,1.0,0.2622704853527578,0.4875370742269499,3.135461672134677,16.735990940167376
SUB00533,5,1.0680887353671598,41.02300453402155,21.92826078143787,0.0,0.292797380801334,1.0,1.0,1.0,0.32216223777183806,0.5521811099495808,8.198141974915098,25.809968925568334
SUB00533,6,1.0117621629392721,63.83208693993148,6.762872617758811,0.0,0.40848878649578263,1.0,1.0,1.0,0.5470474007073161,0.40319159422697204,2.9400286625138983,12.551663684845446
SUB00533,7,0.11379566342500691,69.58632770195253,14.701249150163026,0.0,0.37535810660962043,1.0,1.0,1.0,0.15179815124031112,0.5380578475589001,1.0,8.31535312328624
SUB00533,8,0.8812890629002346,74.7134948148871,22.201543190565065,0.021061059193489218,0.23913155130083574,1.0,1.0,1.0,0.331745548574941,0.5754349885602184,6.535974437213777,10.605741095918468
SUB00533,9,0.694886738645786,44.96538577671996,17.502895004000823,0.0,0.4276176111376663,1.0,1.0,1.0,0.3833092980572313,0.44443652053156824,5.27273573383204,24.03388584406658
SUB00533,10,0.2835903539964363,43.85802483666008,23.253280441806073,0.0,0.20726642871027018,1.0,1.0,1.0,0.3789318873643588,0.5010020829720279,1.0,18.556262768719353
SUB00533,11,1.5523449143353862,22.524112052899785,9.268801349970408,0.0,0.47410260470845644,1.0,1.0,1.0,0.21316756034333983,0.2671793733052107,8.561152463211865,9.438937155083238
SUB00533,12,2.221555647548364,68.79546792028965,17.548758026074395,0.0,0.41118459173115385,1.0,1.0,1.0,0.30036391965421394,0.3799229773343318,16.199625200040437,17.69125127852222
SUB00534,1,125.21708785421683,313.73234885782983,17.798259499632753,2.049434142303268,0.3069382463686588,1.0,1.0,3.93260061641859,0.6464510638235459,0.5557386425830375,926.9480723630961,17.57879863199856
SUB00534,2,124.45206452730392,184.30979571149243,35.85532472722563,0.11340371326687383,0.6781716317294123,1.0,1.0,3.231205627694271,0.2714149536874948,0.33152972932145447,632.6866940683017,15.233328219928339
SUB00534,3,120.33457376241401,202.79765523606633,19.69772710212857,0.6121536463736084,0.7625151217737568,2.0,1.3444851723533429,3.9891896777713853,0.2769278915225366,0.5735138426730275,543.1935765795264,23.83325199766193
SUB00534,4,120.4572986372926,164.8376538316499,37.07081036662557,1.130922185777356,0.8293410780061983,2.0,1.475135706294226,3.0922058151109226,0.2843178089640055,0.48562476494087936,962.9210770104526,23.503090854951395
SUB00534,5,109.88357342996015,218.40019434159873,25.02199923830752,1.7534615275470882,1.4106141717555125,2.0,1.1731730377620457,3.7718608217037097,0.6432540229775279,0.5924002624886835,534.5361801940657,18.589747727666527
SUB00534,6,104.9328955392497,159.57328299862036,31.803977925617268,1.9882720500885838,0.6545537624192739,1.0,1.0,3.951052236254784,0.4133548019620863,0.4060429332075841,320.42528734250754,21.464873687506074
SUB00534,7,124.5445309544802,199.33976665305443,29.22904618286391,1.1880898192356952,0.9245298149605082,2.0,1.6510749836160996,3.9078624645346416,0.28580213801011417,0.5641460709641587,348.91013255027474,17.869094584753896
SUB00534,8,123.58784476546735,269.41074910373385,24.437665477076557,1.4585778268203178,0.5862437311172517,1.0,1.0,3.8477711418977507,0.39315581376062836,0.5549765772285182,438.3253383198693,16.36762704492457
SUB00534,9,108.71695307279278,258.29790026817295,19.77719788440721,3.2905590158800218,0.8030608795195322,2.0,1.763477033504631,3.4788193628361626,0.5925032148739086,0.4970207662632409,551.010351833819,26.856042002971634
SUB00534,10,120.46620951860275,221.64200533613874,19.283738129652956,3.1997627792604724,0.0070296108181465145,1.0,1.0,3.5586654045269857,0.4283448617869071,0.5575188419352002,278.0331016631099,24.963710472777713
SUB00534,11,119.23379963164513,235.16071247029163,20.928331535690887,2.900919304784069,0.3865305809868494,1.0,1.0,3.640435015628645,0.2691715342474196,0.5690294352662524,338.61872810102733,25.622319972078223
SUB00534,12,111.35566632677974,241.98489428366963,41.04077746808701,1.6242830656291165,1.2246806989990004,2.0,1.9683152813360425,3.195997429081957,0.6388277844244441,0.4502123921271226,622.1171883711831,13.680180074717358
SUB00535,1,37.698648519133364,355.2541378756992,58.39157053237862,13.234188297499097,6.985914374946777,1.0,1.0,2.613716538795973,0.46928559186151475,0.436801075656705,216.43543624989627,27.576845010486757
SUB00535,2,45.39599791337273,363.47739292762196,58.966050329596335,12.81583226098247,7.485194990854458,1.0,1.0,2.977195129084585,0.3346100188225501,0.4323379689305372,215.9908714732336,10.196805985741788
SUB00535,3,30.20498451571355,344.0247201223603,57.641009754855915,15.098656692025084,5.632495951656429,1.0,1.0,2.347143569097577,0.3620323747110751,0.354755744465311,158.7791360427874,16.638558337430716
SUB00535,4,45.94537094750686,250.75177231418309,59.934491140898444,14.669615831740314,5.943913725848162,2.0,1.9731972268733275,2.5683629786830866,0.154074538687289,0.528381010915114,346.62077526066827,18.484682111423282
SUB00535,5,44.69511851405488,382.46330494032605,43.74747429489245,12.468212340246126,5.854603807236009,2.0,1.27666787450522,2.6525664207338906,0.414641426400976,0.5885802473723352,344.57161853266297,8.557045606422143
SUB00535,6,30.215925891111908,351.59751835460077,39.55175988174247,12.622479321442784,6.240849566780246,2.0,1.1717890771071446,2.6062184247533615,0.4511578634497705,0.4977759024603964,74.7463033842628,13.505110004990474
SUB00535,7,46.48743199651853,216.09440877152497,52.856927428255744,14.99775188505844,7.588087760999583,2.0,1.4339232948087925,2.2790235634100613,0.25163301924461734,0.37485470290674094,351.3081039619204,16.45851303207172
SUB00535,8,31.612462660076602,344.4650358085721,47.99706578037329,13.610108005843834,7.230201268483009,1.0,1.0,2.4649017916130327,0.358794600405729,0.4869633991233531,218.35894300329554,22.29673747139308
SUB00535,9,26.251361115262394,365.5413473289999,62.643566714267536,10.927941225139408,7.299884011289014,2.0,1.4789184542930474,2.5620634262122923,0.4390813513584396,0.49334959409975954,90.26078188927903,13.582392981775058
SUB00535,10,27.0394270568541,346.1319272752899,49.65426063517559,8.961517010840499,7.450996492469162,2.0,1.6031161347230476,2.364612909206374,0.5050952692353264,0.5406007323728239,215.2372088851958,8.186527337519784
SUB00535,11,27.202514061368934,288.95916614809045,32.3458331726885,8.967844049113387,6.831617775339528,2.0,1.2140735748473213,2.668750748006445,0.1938983510130558,0.5835395032112043,106.78440170193043,25.070051006729788
SUB00535,12,33.74486590723023,375.1811726674182,39.975112335160404,9.596585925500413,6.21915666479509,1.0,1.0,2.7714275632486203,0.4829899140868561,0.2578760214474045,256.2300318708819,22.543290279300763
SUB00536,1,10.328223751433587,1450.413730251172,71.81331404357655,2.8668177020060073,1.0680630726358475,1.0,1.0,1.9689826775358017,0.3374531569861112,0.5065219764351921,56.72029740367455,10.73588391748448
SUB00536,2,1.4731384072479758,1362.9000710788996,40.0693593946135,1.1520367832572738,1.4750980944042311,1.0,1.0,1.4897694357807982,0.33273569810895265,0.5044831599509727,10.847307833064951,14.174666559671572
SUB00536,3,2.9394439435453377,1365.82487783739,70.67298238827242,1.2496010888007165,1.0992903816680906,1.0,1.0,1.1175577827754468,0.17269016161157835,0.3340934097024703,12.640251892590367,12.548590436098745
SUB00536,4,1.231403593990438,1245.3712870483855,55.51757831750717,0.7003435930649743,1.4103681072163368,1.0,1.0,1.9574057697948999,0.29537740281643166,0.5101952705870383,3.7523334518107907,9.258110949779322
SUB00536,5,3.97327245309335,1616.5800726909276,76.56592672044262,1.1970083466661903,0.22369803263314658,1.0,1.0,1.7021122551886414,0.26044053088048896,0.37582734868303014,13.658772287821309,15.348003423634966
SUB00536,6,2.30247714572403,1793.5104530436272,47.12612397227155,2.559758275315457,0.9280784444046697,1.0,1.0,1.9430081038636318,0.24941746122977754,0.3468611776535374,9.182672353537214,21.699596536348814
SUB00536,7,4.302982676851457,1548.542642711128,74.87842556607437,1.7651234612517719,0.6044903333394154,1.0,1.0,1.4378913515820861,0.484243781449608,0.5793435222359917,17.88585674042184,10.55722411075177
SUB00536,8,3.7465595124032944,1649.5749721438283,40.26162697819907,2.35868065545303,1.3099674442976657,1.0,1.0,1.276214323572705,0.27944921117579236,0.4680307762711202,24.08628729736799,16.794378232119207
SUB00536,9,2.3610615657704916,1352.719392350214,51.095064517097235,3.354302565766554,0.8572658150647834,1.0,1.0,1.6018576400478377,0.198280583986361,0.3226336656580907,6.574231099779395,15.345193772020519
SUB00536,10,0.0,1802.1024609784506,71.29061295705512,2.3064784418626676,0.3401642840674905,1.0,1.0,1.0060113618095858,0.2824971282620795,0.4856509924615772,1.0,14.108310198179058
SUB00536,11,0.0,1620.6808365208476,74.67488304349851,1.550431962820657,0.7124060097942158,1.0,1.0,1.0808015792750596,0.4418821306153513,0.41724180065671324,1.0,8.909832212115758
SUB00536,12,2.6113905779012088,1218.6600426922503,58.289812081978305,2.2840250835023137,1.0744920984026243,1.0,1.0,1.6945449065104077,0.3618171804834649,0.4347865900181757,19.269453370118107,8.51945826420414
SUB00537,1,74.49626180299742,640.2894627156857,96.60613386540544,3.171274847845459,2.556662850554995,5.0,2.8351635683113,3.7597707951543087,0.5168681249589473,0.5790201452385227,479.0270429599047,12.107264707824363
SUB00537,2,59.00933381011747,542.5968744932112,101.02767840249994,2.342994621452204,2.7322357029727584,5.0,2.53023250643265,3.71382046945846,0.2744791266420148,0.5112934494075789,183.53242676405978,18.526029907891818
SUB00537,3,70.6039443071619,575.9835244011641,108.75712955181334,3.864395164414786,2.255122850224456,3.0,3.0,3.5495683568764567,0.37059669068079226,0.5869756064128867,562.0471484121969,13.388356734669637
SUB00537,4,71.68967484519838,785.0540282873606,76.66674088769284,2.3441133360518944,3.2926521423464004,4.0,2.9815196390827605,3.75355434367758,0.46442627661833513,0.5253565659414183,496.3360488518096,13.154446523194007
SUB00537,5,68.019248282496,701.0522641408694,83.43296720787833,5.011423363207385,3.4252251152893285,3.0,3.0,3.753391747580762,0.42721663206650917,0.3927245983338621,402.3906224610339,22.58118616014545
SUB00537,6,76.56205335390926,613.1029661341993,106.51199833078466,2.4519724418359425,1.7199038122453023,4.0,2.7289719330309943,3.0917523451592075,0.31556969640117916,0.45912717212746523,386.9287568104107,25.798611372906347
SUB00537,7,60.57102487681276,599.4872251197818,66.28460785567029,2.5397965845939825,1.658745881653356,3.0,2.503854509424632,3.9846759925752506,0.498960697454248,0.33615112745686226,259.0909066329476,21.311561486736508
SUB00537,8,78.26517196921,574.4711923440639,74.52173341489389,4.16556766986262,1.7100825136156472,4.0,3.210683369645825,3.868012236014726,0.40559184768298295,0.5021991414803049,454.4427803783441,14.932113973297273
SUB00537,9,66.14077413798047,486.7028215305196,99.01954569974927,4.7715827920315546,2.434821122277852,3.0,2.622690343219365,3.6460264002308342,0.6241800272308208,0.5651683200671143,477.1744946070376,27.25653948774501
SUB00537,10,80.12609204707196,764.4940525324776,103.00706650392569,5.217142471226382,2.5330791756982256,4.0,2.808715712062058,3.1783075945741452,0.30584702157929733,0.4575841577376388,407.33363042486343,15.582180321463635
SUB00537,11,83.08935517873483,662.9132267337047,83.20920764721733,4.295930058777831,3.1715285574935637,5.0,3.2640922419504763,3.7442596574650144,0.4059680082384025,0.3691799514891758,575.5089431876415,24.95821226450648
SUB00537,12,62.43543636904989,635.8776219183198,79.966825588644,3.715024926724535,2.7909435383550596,4.0,3.1719415017916264,3.4727161733677385,0.4402317336180184,0.5816227184771421,315.7933517725518,22.403214943760958
SUB00538,1,4.2306155539353245,103.39633414310597,31.669188228033562,1.126841615620838,0.715049067230757,2.0,0.8916232891914988,1.0,0.16461369202307932,0.5923711192625463,11.059525956048212,15.017757112520275
SUB00538,2,7.38123025251889,143.94792349590628,36.37735103596324,0.30639511516854623,0.14929652253963455,2.0,0.9646574600339825,1.0,0.1911927282056262,0.3872473014573874,53.14922799932918,13.181479974139966
SUB00538,3,10.99151570615041,117.12468618268478,27.549622305345554,1.7637710586046307,0.06493695067280958,1.0,0.8193070566276597,1.0,0.3852462230516017,0.31851320400786576,85.62123484378208,23.85839291013813
SUB00538,4,6.128192585263131,151.36534229597382,31.33768794291622,0.5365558991218776,0.9396467082883292,2.0,0.8616308748282335,1.0,0.465565195138004,0.49663122610664195,15.339064137929954,26.916348693410782
SUB00538,5,13.019763731672718,119.91211448429976,15.2540704212239,1.1550944195910464,0.622718181433239,1.0,0.6352352166846843,1.0,0.4289694529664422,0.5998673763804319,52.82238659111652,9.867417903314966
SUB00538,6,4.103701956081195,154.0384141537739,44.72433417800187,1.9759419126487092,0.09813608193082357,2.0,0.966754806230266,1.0,0.17529039907806093,0.3491326989277816,11.48101755788181,24.123052993443956
SUB00538,7,12.56300351448943,54.498532522931924,15.505646372801397,0.6819129151417962,0.8669543348383931,2.0,0.5036439001769231,1.0,0.5223701830579376,0.3411409811364109,66.97487327189793,13.552548750233164
SUB00538,8,4.082930982265282,99.57384364602643,31.401207610439947,0.0,0.08647588592862498,2.0,0.6211081140451915,1.0,0.3369490090152934,0.5373778581475595,31.402256772496255,8.263019830445488
SUB00538,9,14.008483873704325,113.15071016181125,28.071174945005097,0.6833372799934712,0.07888103102066435,1.0,0.7031281778654643,1.0,0.3116832163993202,0.5793699593574919,79.72280005241673,10.984522997156853
SUB00538,10,11.859386157005371,71.82856592486667,17.513967986833276,0.3809643633525829,0.816121168082387,2.0,0.6935162003824948,1.0,0.40426154175551554,0.5846402070423542,45.14430785732874,16.94743431591148
SUB00538,11,9.852655386306164,71.62690473129126,36.35458102785486,2.351210728722162,0.9156283192679647,2.0,0.7001491406192588,1.0,0.4739876391036789,0.5966118467985371,24.217817790753543,22.486891884342246
SUB00538,12,11.5974683882391,94.93732795518132,26.277736414341334,1.0794873938548768,0.9943806043243689,2.0,0.6245650989431413,1.0,0.4798184295774329,0.3962177334569858,31.553242433807362,17.628996895856773
SUB00539,1,115.89900191785998,312.0961942422719,51.30591992091264,4.245539605642595,3.4997716847450606,2.0,1.3358797939800229,4.505743100641823,0.3944945953221606,0.35701199188036437,250.77530755076162,19.4834152907144
SUB00539,2,124.24535504261158,334.12744527330756,43.18034608994036,5.006824481616335,2.3416917532246107,1.0,1.0,4.477662182082801,0.5524441503496883,0.3728887916470157,496.76555102080385,17.027990154604765
SUB00539,3,129.10402215952894,370.78385072290814,43.02138541997819,5.744240153748302,2.1073956420856312,2.0,1.7038153084862775,4.786198796576986,0.6494799784532286,0.319271506370323,412.846829300697,20.693741423657535
SUB00539,4,141.5142422080565,558.0678217034742,51.1618052199878,5.349333339820777,3.3456587528465747,2.0,1.1422210618214412,4.064207180537812,0.25509412020513195,0.4441983019860257,616.2748274055629,10.042585057023981
SUB00539,5,130.69185208967465,406.9522382663541,52.02057901526377,6.795974741388386,3.0272677389665974,1.0,1.0,4.338579223940408,0.6128314727649105,0.42847600661121765,472.490599847013,9.700368497422339
SUB00539,6,126.86338758573166,463.26524340283135,32.027938897439824,5.1732931181434205,2.980789767370977,1.0,1.0,4.948726981611485,0.5429386002792221,0.5651032508929987,447.9492525132683,18.417747289469073
SUB00539,7,124.63505433634843,456.9806647412328,39.566479925786204,4.6944733756133115,2.064548159570414,2.0,1.8220092727295998,4.334274121580733,0.5142966269085251,0.2518271287783201,284.8179602365342,24.578488294788368
SUB00539,8,117.07168624101483,534.2079273554741,34.93608229025382,6.998902879072724,2.369242356482917,2.0,1.1465556737925606,4.674076450568039,0.5632572068276167,0.5551590543391715,317.98631739314243,10.141177155752086
SUB00539,9,129.2182149800963,491.0366098894499,47.39377297242143,5.665834773464483,2.4965555443719447,1.0,1.0,4.134629587690746,0.5518791716653572,0.35625324919550005,263.76244148326725,20.838059594993993
SUB00539,10,129.2985415850822,522.4219689096766,35.344540742244604,7.486974725622824,2.5079595532770362,2.0,1.6527583638794303,4.597166533468265,0.42724820657512885,0.4054301735062287,668.1388175460935,9.61309621865592
SUB00539,11,128.28674712736412,511.8141492424688,53.11142693802492,7.484522567304448,2.2255178016655033,1.0,1.0,4.58141864653968,0.46873251679608785,0.265034120096672,323.092387616421,12.534840131993509
SUB00539,12,132.99763129120038,314.09335699620493,33.67410803071375,4.957236298596798,2.901088513609187,2.0,1.0832516429396484,4.216764202172819,0.4494425071360386,0.5114896671787866,966.8218072051392,17.75284475028842
SUB00540,1,2.211430933469296,59.2503669821873,16.22632864552691,0.33260692024300537,0.11817239406104335,1.0,1.0,1.0,0.37297711796965816,0.37687460144653173,5.990638814248701,11.85641689579683
SUB00540,2,2.6296767165058097,42.09462435434193,18.646769745857625,0.5929373972273304,0.47338389436276324,1.0,1.0,1.0,0.3584613236953962,0.45553129065711034,17.347524526011266,25.13945421371554
SUB00540,3,2.965282016357589,10.750083817186585,16.26292476729087,0.5329679834739423,0.10182301828820733,1.0,1.0,1.0,0.20096044079571906,0.33491446259559676,16.553796539597922,27.015311957884904
SUB00540,4,3.137721106982537,82.20577136565696,22.325446552164205,0.5015749008543711,0.23409800756506538,1.0,1.0,1.0,0.2558824981379007,0.33826518513007275,21.16798819069732,16.844210191914165
SUB00540,5,6.200114853378508,104.14479395558136,16.272273584109385,0.811469523229938,0.41743422923983003,1.0,1.0,1.0,0.35085871839399374,0.2599232143583646,25.823543400732373,10.870480980701354
SUB00540,6,7.090545791997711,59.20611337341672,6.1778481501617355,0.7145479973884534,0.045530299110523476,1.0,1.0,1.0,0.37929918692718756,0.41935560264086746,29.860116535113747,27.745276084263473
SUB00540,7,6.280840236237252,33.41532785587746,5.183903994675685,0.7761276889830544,0.045783884090211446,1.0,1.0,1.0,0.2486814435370075,0.5984226328836648,48.29719915559757,16.620798311135804
SUB00540,8,4.450195940765385,74.69498394191562,6.521796298985096,1.3351056107432688,0.4274360875620774,1.0,1.0,1.0,0.3884073580011465,0.4203325402056201,24.67131929663651,26.59646975500815
SUB00540,9,5.9884453734946685,73.40300821499002,10.778979471146101,1.324545832606682,0.33527093905715355,1.0,1.0,1.0,0.5360749899725535,0.50548906870499,39.323838845871464,23.46597089268255
SUB00540,10,7.652074874749001,7.351159699148699,14.011211556706309,0.9740205395168053,0.1208748753164649,1.0,1.0,1.0,0.434041758040834,0.5111065441773774,48.53739203680375,9.208770884022883
SUB00540,11,8.588098103434007,74.77037228849191,13.217019229330393,0.8162888013036407,0.33736252341447515,1.0,1.0,1.0,0.28692749393299055,0.30596573422106516,22.234707631253933,14.727388782421732
SUB00540,12,10.437742166430787,54.11712143790166,10.560543859196175,1.1998555730868645,0.15618686787346536,1.0,1.0,1.0,0.4332886474839912,0.3404309007562668,44.0395292909216,27.12370641824119
SUB00541,1,104.43945737434684,168.1694144974809,23.154156410464665,0.7599312082226551,1.1224836711865842,1.0,1.0,3.3625463904989212,0.35400322194518474,0.29059039514161983,349.9203593848027,13.984757241283592
SUB00541,2,110.53561769539607,258.40994776692406,38.77220942903487,1.254711659039566,0.6447604817572654,1.0,1.0,3.4762810274641582,0.5660847517399356,0.36021539200471503,383.39192934470407,23.2236437925958
SUB00541,3,111.87240580502666,269.94882511997884,29.899301263665578,1.6466748620569864,1.0326097994680477,1.0,1.0,3.7638557816146014,0.31979325032013195,0.4444965807627487,632.040775488147,21.597341597148304
SUB00541,4,110.72536843890342,212.5487869348556,41.11408307639252,0.0,0.05782446548142656,1.0,1.0,3.6369084859651677,0.42391986743340093,0.576655393339121,388.6718983875369,13.925345433926779
SUB00541,5,105.21614780714145,280.6703559499543,21.03775620881402,0.07734028232301304,0.6004706110916167,2.0,1.9331786223242888,3.17975165100865,0.33707764013857716,0.3559259667815173,552.0128487494244,17.69927150765288
SUB00541,6,107.1804043476223,315.3710520215659,18.560932445744022,1.555158377000725,1.2043437919846813,2.0,1.1207554108176963,3.3253562771032197,0.5023836262488144,0.5112563648959535,492.19305878810377,19.2548515918456
SUB00541,7,98.34178245545306,232.67178648851467,31.627612360992153,0.0,0.1960861185180911,2.0,1.484968231341687,3.8101274056532257,0.4690456148871276,0.28115386823769994,290.65372476256374,17.883501711152793
SUB00541,8,106.74988927647331,226.51557299529944,38.90669383449071,0.6522376684655651,0.5567206637955422,2.0,1.1118838202498063,3.713649429559971,0.3002258967074942,0.5277389749640502,494.6826652849973,8.790905152754128
SUB00541,9,123.21055046848977,194.14048414451705,23.52671530217895,0.34881777262453456,1.028780041935117,1.0,1.0,3.9544861942754967,0.3985729177837394,0.5802210810247015,506.71058386887665,22.800766082581905
SUB00541,10,118.57365797968838,186.1039713057038,15.057054934294566,1.3353349798815841,1.2977416917137774,2.0,1.6684469000361153,3.2397848282100243,0.46735011441669694,0.5171739770107313,719.4861056666596,21.25688480773172
SUB00541,11,115.31508721940409,163.02397122591677,33.14071471175116,1.0484352912265105,1.2848456751451225,1.0,1.0,3.4984584309374602,0.5407287848995015,0.5639243100488085,840.1757232218293,10.87152159978385
SUB00541,12,116.1404309164881,272.0044941146039,15.61050322491164,0.0,0.48211480322916417,1.0,1.0,3.88385205443786,0.5082204454720005,0.417125899084278,388.25001057884344,8.28775168136266
SUB00542,1,44.511554120813976,273.48560724303184,58.36449718796608,13.247297168578172,8.301445091677023,1.0,1.0,2.0257552645995442,0.332076357489449,0.5246121438981589,206.41188934506832,26.16469854590373
SUB00542,2,45.15165162724289,274.8638997234823,63.302653436844494,11.748745789059013,6.839675503397055,2.0,1.9976620967126928,2.102191875580705,0.4997201537665047,0.2985797934779716,221.0732566347806,25.30875223814731
SUB00542,3,44.194421312094995,324.99823429179764,63.36993850097553,12.212995838326798,7.541481705539294,1.0,1.0,2.8197393826155652,0.3865042511059429,0.3230680671948599,299.4998447924061,26.40364315314745
SUB00542,4,36.86274928360245,393.7164206571779,61.856412235940525,12.327497042264097,6.407347079171412,1.0,1.0,2.5974151083427603,0.4365487123493954,0.2949660363011275,247.97433893086847,12.503976200335927
SUB00542,5,35.433742502904096,351.1086630273227,38.623971971676276,10.17447240470124,7.668848128745358,1.0,1.0,2.516463484493399,0.2218909518595809,0.4245441951989242,216.9972524711213,11.861786857355217
SUB00542,6,30.18450271241317,223.6863848783757,60.77671771526015,11.448810637159001,7.649123732425747,2.0,1.6953667283815537,2.6054817580209395,0.2893063461642621,0.48304144791784154,179.3828189068985,12.250270221848139
SUB00542,7,29.52785516989706,264.99186912384357,30.643135270263897,10.66184236130194,7.832861547833156,1.0,1.0,2.5249837949884943,0.4302615566118998,0.31356334998001056,81.55696808989205,24.57901535977215
SUB00542,8,45.71915081627173,232.8577181856102,43.30991046768605,14.600285199880256,5.673326000324354,1.0,1.0,2.5523764434703318,0.4518930806548138,0.599684415656422,207.7200217477211,17.732551375146627
SUB00542,9,41.1303097109481,224.43654366331805,38.6488247087906,11.928771054371165,6.837747936625918,1.0,1.0,2.630134535063089,0.22067514426295393,0.5211567348676981,175.07666408373018,14.206292272601424
SUB00542,10,44.66796109737414,217.26860556190633,35.661100249176066,13.420796191529323,6.274276560400203,1.0,1.0,2.27901301450174,0.2577874719607871,0.4328596957726473,186.91183274427343,14.903427844383124
SUB00542,11,44.74053842844208,288.14291534133395,55.75750563164034,13.350270524497653,7.859307065089309,1.0,1.0,2.387107655768353,0.5439473186191295,0.37826106552306304,170.35645851653712,8.798478102397102
SUB00542,12,46.931162823724534,243.463815055061,37.89695107534153,14.983730358427879,5.086594871144417,2.0,1.198196461565347,2.001921660226382,0.3944507764602886,0.4132589726119823,198.36930224882792,8.24516292536572
SUB00543,1,4.614825461534257,1708.932768025621,76.99560944494016,2.9378839196969664,0.009802310505728329,1.0,1.0,1.3416988688118718,0.3570151882897149,0.3698596009819969,20.430765958515515,17.46636164287533
SUB00543,2,7.858429340533924,1768.1752265919838,60.41827181414263,1.27188665583738,0.854845821805154,1.0,1.0,1.4808222827534385,0.38718789521819286,0.30111030591525506,48.17680529614732,20.41565559970885
SUB00543,3,4.338314031010581,1367.9791819364389,59.474548076031546,2.8750167690245583,0.8618257438815299,1.0,1.0,1.3743924982857205,0.47784089826027054,0.38540512798111337,23.96965924853605,22.430531821690373
SUB00543,4,3.0622654371501845,1800.2763777281937,46.95920040378823,2.7269446516104034,0.7192800447677135,1.0,1.0,1.4548178354321566,0.3527319863594963,0.39805449940062243,22.862159976215597,27.64010938347259
SUB00543,5,0.264613135947376,1548.4311808221707,70.07894319935009,2.6085438298705403,0.156950586889974,1.0,1.0,1.6506226876133174,0.48690935951372993,0.541104104595225,1.2894079221988088,15.170744885033976
SUB00543,6,3.1177504186629847,1316.1163543904102,47.99699653394755,1.210333834539611,0.4083441186531721,1.0,1.0,1.516802077758343,0.49580236432566116,0.5881156708324284,11.847196971949792,15.922556230039934
SUB00543,7,0.0,1616.3120683247032,51.08153267170383,3.394316184177068,1.338103633650896,1.0,1.0,1.0186860594150269,0.3416184340145557,0.38184504897066074,1.0,23.661721593661017
SUB00543,8,5.001004101741794,1388.3786509515257,67.3286363680608,3.343551500961464,0.21863104702048658,1.0,1.0,1.304268280084201,0.4582713618272285,0.3782603708842523,11.436623451469135,27.795672816471637
SUB00543,9,0.0,1251.7595905605247,52.95933733813257,1.8725778700288256,0.8448121178319964,1.0,1.0,1.2267889861461287,0.25002246489879837,0.42146777473152125,1.0,17.452831132507207
SUB00543,10,0.0,1456.588855400455,71.3074548301626,3.891249231201944,1.3184703609213309,1.0,1.0,1.2429057675904243,0.4298057862715632,0.5066597312447364,1.0,8.699683880890728
SUB00543,11,0.0,1419.6744102869081,64.66200858970977,1.6058247083155248,0.0866001714502388,1.0,1.0,1.2285658984983532,0.3695920930710239,0.5205270922797486,1.0,25.388721031571894
SUB00543,12,0.0,1333.7859183218634,61.59974921590068,2.1253008735779444,0.12410666359180467,1.0,1.0,1.6322097538025075,0.2254413128453494,0.44345185626323547,1.0,15.43590144276446
SUB00544,1,76.9302874720888,517.0305041456036,118.41161237437234,4.601464651478498,2.8860651092992082,4.0,3.367032136859574,3.296057495017471,0.3654545964048116,0.5943112464361703,432.27792380341936,27.957882573822726
SUB00544,2,70.90158720186855,640.1536915194531,90.0850598662158,4.962701282305787,2.5552413718817313,5.0,3.3068259225219716,3.3188884873403355,0.25379105857890527,0.3242729845209138,526.6727969029134,16.636939738309987
SUB00544,3,53.38595699151969,753.9546341521709,98.37427644219738,4.12790524184916,2.34236082128705,5.0,2.5916307069564595,3.022932569442168,0.4883722998462843,0.3677298945926237,362.469956764566,23.436231092045787
SUB00544,4,75.0565703166455,743.4429198449311,115.36169417927796,3.901565489536835,1.998361120084076,4.0,3.2334986182707084,3.6424784587160306,0.308956805571761,0.4128833992331478,592.3838120594389,27.839482835678467
SUB00544,5,80.89423748332267,684.2877965140308,112.57118057313482,3.9905341438213915,3.2462863913956914,3.0,3.0,3.8056747701951634,0.40746141073000364,0.39755198664336044,350.1770958871174,23.178241389751214
SUB00544,6,58.800549046704035,751.9321764970344,65.31365033082781,3.9688599290282394,2.164632968252513,4.0,2.5742968296159217,3.485100420945389,0.38149920850084307,0.258900528705494,309.61791513271885,20.912215070115074
SUB00544,7,79.75797285625484,579.86141352812,103.99547947969035,2.6661466640226026,1.982087449967911,3.0,3.0,3.623965363429142,0.3422379469048403,0.5377662955150123,191.73445509102203,27.715506372855288
SUB00544,8,67.69355815289843,660.4405447316134,65.59623436547362,3.4528039104398296,3.1024066802362498,4.0,3.039558833464515,3.4449076866753847,0.3171684540471629,0.40186811543430967,311.3087483339284,22.83346030204799
SUB00544,9,53.87027424768553,664.8885557172114,86.60182313166305,4.555315313607116,2.1264213013377864,5.0,2.973467455843668,3.0132026827155003,0.5185657487179365,0.37703920112325906,255.1583049590922,26.20918682096582
SUB00544,10,65.33346185119497,541.100354866587,86.02489756272192,5.772783523185404,2.0091098047676814,5.0,3.418630548191717,3.665110218190417,0.5954782251686167,0.36132708965179805,429.16732149574557,10.730200203186717
SUB00544,11,77.75248916538176,476.39126279858164,89.8403432259714,4.9792756019608575,2.6056651768763306,3.0,3.0,3.215816563360166,0.5121201459802539,0.40328420159512507,191.27760944549698,17.530991231625617
SUB00544,12,76.58356437361134,604.536744557411,93.36639068038443,4.3899450470626995,1.5126873858857588,5.0,3.2597426266645346,3.028772240203917,0.2900341420900033,0.5893912751295247,157.20286733057773,23.235390116743023
SUB00545,1,9.834136213534165,71.44074820048534,42.00030338970714,1.7276981898647037,0.9680971572449402,2.0,0.6213395056348013,1.0,0.450688798835409,0.40531131500758755,22.39441347936056,15.624304414305794
SUB00545,2,11.373916196881662,110.49073270501262,42.99052133207314,0.7545700035271613,0.8464911365256095,2.0,0.7856852713888338,1.0,0.311221362748585,0.5062932884604285,81.82340397404558,19.940708845792074
SUB00545,3,9.113504472960452,84.03041586700266,26.480195793307832,0.6013097941725267,0.8725335022724903,2.0,0.7263493774652792,1.0,0.3786463945610981,0.5794387361083089,24.668659206374024,14.231070035663034
SUB00545,4,8.72425092201443,69.93054253210332,22.42505803527804,1.8986034726088838,0.5558091249866249,2.0,0.9631444309619375,1.0,0.40243703479096116,0.2756248343572028,67.22553251284344,15.177081560107062
SUB00545,5,3.6320454958120423,85.56060676317705,38.33400876889732,2.1488054692653926,0.30604652826763,2.0,0.9759877799620394,1.0,0.37748504536312966,0.4558595517672667,22.767002421044626,27.35450934973863
SUB00545,6,7.7081203496068955,101.13767378615603,35.28303449000323,0.8275092682018685,0.6573483556687981,2.0,0.8066383261195598,1.0,0.4721858050812352,0.28082893810954984,48.256741145185806,11.670986405255011
SUB00545,7,7.602680777955963,113.06226771591777,21.701771425009106,1.1190613945757764,0.3355658259400611,1.0,0.5037440544994736,1.0,0.4705905484937313,0.5677028733270383,22.510890137786273,10.610205267154404
SUB00545,8,1.8237670996399977,127.65880724238471,22.980994707088016,1.8178671401833995,0.770142600450691,1.0,0.7177440960883161,1.0,0.45469705359777224,0.30170740036005284,7.787384675058765,13.708522504357198
SUB00545,9,3.1685342853257135,74.68028056679825,43.49857770126723,1.16257574162982,0.6245728981285987,2.0,0.6232269174038803,1.0,0.203207856753628,0.3037879319485133,17.58730395616662,27.463900562399946
SUB00545,10,0.8525687099984967,95.30555568384915,25.31815102307015,0.7808716400688862,0.6162996271888743,2.0,0.808430901084745,1.0,0.3409088241093015,0.45593325169894344,2.1269401712290086,13.485218223046788
SUB00545,11,9.574220261603944,108.09401620492999,38.15896805556517,2.522938963183037,0.6988405309997053,1.0,0.9606836984800575,1.0,0.30141159012092145,0.2600869246926961,49.9972925848935,24.983233814073202
SUB00545,12,8.896338466790214,55.58484652751344,38.57836815513801,2.259686210860137,0.5498398187468723,1.0,0.5345370166596716,1.0,0.42153325936807595,0.4236155885099433,65.40437636786919,24.66597534052205
SUB00546,1,139.36493367305897,553.0038201585766,34.83223699820731,6.784225571675592,2.4922760920380465,2.0,1.1945708532871424,4.361097525502338,0.31425248243711845,0.30038427602243817,558.6621100668027,24.02041778603111
SUB00546,2,137.2475267666351,533.2713987827354,37.47747601501627,5.441609264631984,3.775342131651348,1.0,1.0,4.893168319062362,0.2590317465653923,0.26421320531422904,840.6333676705297,11.839310159528145
SUB00546,3,141.69674418830624,320.67713117865844,37.73494512413865,4.250362850135926,3.795873996127348,2.0,1.4058089624574817,4.62680722359899,0.5276292041857543,0.5948364062140234,755.373054736829,13.424965611690503
SUB00546,4,113.92157495763335,312.26627879468293,42.78591868556576,3.1031882420043377,2.0999409403953173,2.0,1.0244947589742182,4.5078361252321315,0.49491482054423896,0.32864341312330725,858.3051546084839,27.577505983476918
SUB00546,5,140.08332870819265,338.22138232471946,36.464832156273474,4.128613983646611,3.6708931721101523,2.0,1.3735484452948747,4.798118511550525,0.558901224765546,0.554914684721009,360.58276613460663,10.287934235255086
SUB00546,6,134.7325541864104,524.2470531877337,54.44530326356546,5.446327093625104,2.7731376972927366,1.0,1.0,4.549802425480613,0.3915025444597068,0.5439476524460909,877.0700163819772,19.9652980771765
SUB00546,7,131.38720688805174,451.62208833624254,34.64594628054442,5.026528399639555,3.112501485087842,2.0,1.30146195043462,4.177258043183471,0.6313958705961003,0.395312957674956,669.2969027028618,14.432800580729335
SUB00546,8,130.93596666881794,484.42869644381614,51.502602784436434,7.055022550749289,3.441872948013578,2.0,1.25079727878992,4.657193263394225,0.3687085097576217,0.3289245375380466,377.3827408729968,18.743025959571277
SUB00546,9,134.2903879131829,356.83026355113384,38.52878993437277,4.304326681569692,2.982308600894421,1.0,1.0,4.449806527008404,0.3420274423519464,0.4032307953332309,439.1080370947344,20.38268268381563
SUB00546,10,142.06904202996267,520.7119811198767,41.99063526873532,3.9938377035467356,2.3775551013488134,1.0,1.0,4.683907071031712,0.5690062304281789,0.47372642361792605,577.3216699802606,11.94619112272871
SUB00546,11,128.58881154767985,514.1128820746222,32.62748895432337,6.1953745100883575,3.228448995368163,1.0,1.0,4.963114890686742,0.5341160370896181,0.2699649834712447,710.7693105202053,11.988371083369767
SUB00546,12,137.72169892344542,522.432079332021,50.1731700469874,4.029289586998059,3.270377623046593,1.0,1.0,4.244983899749186,0.6462664051270148,0.38471711080503646,726.4859729825038,26.85938799132774
SUB00547,1,2.260921332409582,64.74489375160927,11.28498448487623,0.05782654971570274,0.4761324348836485,1.0,1.0,1.0,0.38659162529585456,0.47231101876474935,5.82896710604327,17.974060403517722
SUB00547,2,0.34503267997822384,86.91811588107079,8.126381778400944,0.21798325982704683,0.281352044263018,1.0,1.0,1.0,0.5286106897052665,0.2963362752741199,1.316460167834981,15.574857381753707
SUB00547,3,0.11305956453915145,32.12859938141833,13.86980508186719,0.47134883899437335,0.2676418355903756,1.0,1.0,1.0,0.20110312880755984,0.5488150723869782,1.0,9.076706348027729
SUB00547,4,0.0,78.65572927908426,14.442364241907246,0.9127139612836712,0.07398573341031067,1.0,1.0,1.0,0.3642851885143268,0.3170144538384505,1.0,13.578037484228918
SUB00547,5,0.21404384162863388,28.884782666105483,15.102279885139883,0.8849390602235574,0.4877720695648551,1.0,1.0,1.0,0.25012887779356296,0.5957970205197543,1.263697327958979,13.354528009345948
SUB00547,6,0.0,59.15054123611735,12.75866580940259,0.7213928202337658,0.15900251515327773,1.0,1.0,1.0,0.20863907798757575,0.4844419940970669,1.0,16.864919553792344
SUB00547,7,0.0,71.08796778813759,23.867712169311336,0.768178851019122,0.4662831380881793,1.0,1.0,1.0,0.3812987025995275,0.3717617624589453,1.0,22.827201091937035
SUB00547,8,0.0,44.60085602037766,14.886058179916706,0.8555947894393516,0.07079119441287512,1.0,1.0,1.0,0.1503207836344102,0.4625491094309912,1.0,18.638672342794926
SUB00547,9,0.0,74.07966955466972,22.524876137863828,1.2298727825902076,0.47116934103188585,1.0,1.0,1.0,0.18056989407657204,0.44856430158337934,1.0,15.907172126869087
SUB00547,10,0.0,58.84065025201987,8.610863186300996,0.9706249795356017,0.07866509040584974,1.0,1.0,1.0,0.5277393196212395,0.35703697880968027,1.0,24.026526738003163
SUB00547,11,0.0,38.5328549684996,23.5147232809135,1.3647597167251106,0.2852149166269046,1.0,1.0,1.0,0.2746261424299836,0.5804238643574451,1.0,25.727164042917693
SUB00547,12,0.0,64.98650881781842,8.73995021714464,1.2704672425825567,0.07354556485157593,1.0,1.0,1.0,0.2647786154795277,0.416546073368384,1.0,19.76779741750773
SUB00548,1,122.30073965881307,161.83180513999736,23.983710861460825,0.9078154913392149,1.3056771844534258,2.0,1.5404769320305443,3.5585533022987357,0.2999619462982064,0.47466998609813926,953.550288171083,25.147451553564988
SUB00548,2,106.94599048457732,192.37742015982926,31.514381373487655,0.6917275257317894,0.5012678540480641,2.0,1.3545365150429352,3.7543171232946424,0.44954977468479085,0.43901282029367894,239.18385474607604,26.816697663281104
SUB00548,3,97.69327568351056,148.45715665017656,27.907805502340807,0.015059645259784413,1.1391632071820563,1.0,1.0,3.384063850325121,0.5782367250690053,0.3931455864246206,735.7014377810007,25.347886926571285
SUB00548,4,107.49768071480196,237.58007869052426,28.22667095363358,1.2648801248889934,0.9753941901504413,1.0,1.0,3.9126484176679894,0.5253313676264324,0.45241351818397435,627.4611202131779,15.619717840961792
SUB00548,5,109.60562314477404,206.1032179630358,30.868936728816017,1.414090939306249,0.3162248694966154,2.0,1.7838321314577397,3.758261343825788,0.5155360455359721,0.33152128507891865,486.98759738003713,19.136263996411255
SUB00548,6,125.95590789952354,251.47617040714803,27.53900908501924,1.4885938807199224,0.7962519569383649,2.0,1.0915155679170236,3.5225961567497066,0.5872835628560759,0.4244053637303884,678.2112825809668,27.874381912370698
SUB00548,7,105.79508370517185,288.25695474637223,39.72148676912088,1.1473469372832723,1.215631880040236,1.0,1.0,3.32224538112816,0.427085425219197,0.5716817816501976,581.974476178838,26.44179578596382
SUB00548,8,126.66391656976914,153.76930699812414,37.51886077766352,0.6807014697480531,0.038579554942848815,2.0,1.9264486747215406,3.1107321712364833,0.5550220896891056,0.43661719744427097,368.5387178195893,21.433458941292166
SUB00548,9,123.02742549501723,186.84918898927128,29.542667466536795,1.9481895218129535,0.8283858790339698,2.0,1.9309739057896764,3.6470744019791903,0.5838245024933162,0.26327632426186776,292.46329798217465,16.018083464012836
SUB00548,10,127.25734586402555,273.534496105408,33.95874671174592,1.4687558231189035,1.3241498570880958,1.0,1.0,3.1667925249064313,0.26653703726149325,0.3268857824109625,335.689368278802,18.593126063122618
SUB00548,11,109.49386763451155,206.41019991957276,20.287122763003126,0.2670967020126689,0.5150595783331633,1.0,1.0,3.76043359267802,0.3360676773604463,0.2753189565886027,732.6835189331217,19.469735648780514
SUB00548,12,106.59394009549302,302.5915581945036,26.086105573386,0.9224403601940806,0.07630864313116104,2.0,1.518202965663378,3.17356860966923,0.43947558165163647,0.5961507730993092,723.8563831112639,17.947662870685726
SUB00549,1,36.59567323757727,321.68893139102613,57.595952579002656,14.558039419357089,5.625239077256082,2.0,1.5318858301594895,2.8451001260433992,0.5037749975874515,0.41318427545134073,79.57221574061693,26.664246278495753
SUB00549,2,41.83404713536843,411.07227241584707,58.437346824648415,15.493328951864358,8.956047795973163,1.0,1.0,2.588803868292678,0.32294764630494927,0.5208203205145581,326.89196878273515,27.82419195933888
SUB00549,3,41.17476084772095,396.4270609026974,34.940995836068495,12.425922253652178,6.387803536534499,1.0,1.0,2.2399317936952055,0.5474913621586496,0.3253836642273662,267.06897926678556,9.725511158475248
SUB00549,4,31.497363512765098,318.1633727603023,39.58336455050186,11.986079919991493,5.5340391642181554,2.0,1.4585605082523683,2.9635804069219662,0.49524837277310707,0.3421943872846555,90.85985654612358,17.003617111727017
SUB00549,5,51.45176807450874,378.2445850793864,40.72185957855864,9.740581412923152,6.91675182910534,2.0,1.647946756046871,2.4762473337807536,0.5262500032648115,0.3129372477611721,122.49999598668825,11.359708883865856
SUB00549,6,46.16899271103514,343.1248599311621,61.30476647791152,12.672382572892827,7.249810145999404,1.0,1.0,2.3630439113110073,0.4772803684838357,0.5938253010727705,200.87387988021766,18.323636025929645
SUB00549,7,39.08052029269685,323.5463972137935,55.65465873420163,10.211489745518314,5.833069725866697,2.0,1.5925342506840214,2.4540554724260333,0.3990987343081297,0.39052111410450585,188.5354160161546,27.585475791247323
SUB00549,8,38.61191715975233,203.9698202189336,34.38847501351216,14.259341762761835,8.170135571976221,1.0,1.0,2.982771243112266,0.38740745243286456,0.3581096794285031,216.81799550853265,18.558852034327597
SUB00549,9,38.07238321240676,348.70590079439125,41.036592350314244,12.630880461456657,8.929322365824259,1.0,1.0,2.262460336723157,0.2518003431546171,0.33306234002331375,98.32421830235957,14.50891941513747
SUB00549,10,34.774724127627856,251.46537268627594,56.421632113134365,13.472140646658897,8.491723607685305,1.0,1.0,2.791834670617202,0.2028180540190791,0.2677619152550097,198.702316177921,15.192144721438572
SUB00549,11,39.47845314762429,310.38779634541487,45.66427690198027,12.737170598660821,6.731586936494108,1.0,1.0,2.621588529283353,0.27676573023416007,0.32358364097025616,309.070139831764,12.700695112803254
SUB00549,12,53.057826690837054,222.37663551417802,33.6721465004755,12.908302633545555,5.8274234847659026,1.0,1.0,2.915781847728007,0.4991509523302371,0.4369564376615276,326.6372553423615,25.91379294913251
SUB00550,1,10.30608576105252,1437.493796876103,67.13898633060676,1.1296714388358107,0.16521434806794688,1.0,1.0,1.1983224254404785,0.528668490949913,0.3552416048649015,54.6451524179217,19.855824190700144
SUB00550,2,8.365293314133721,1267.206882588872,65.67240004426404,1.0688412820900346,0.5600667631316405,1.0,1.0,1.9464184092238979,0.44836679654794354,0.5440867038206705,65.10794956308192,22.072150732212094
SUB00550,3,4.957418729889346,1314.1935961174645,41.30591334018091,0.9401364893005488,1.047661210715162,1.0,1.0,1.819990927794024,0.4491680320805964,0.5355097411890454,25.560154747659897,19.72014497109235
SUB00550,4,3.305286647305185,1317.8525752172068,51.63263943260226,0.0,0.021034504068761506,1.0,1.0,1.584247502744045,0.2130482912364887,0.3496822556028616,19.951449945647752,11.999041723050357
SUB00550,5,5.311270872483547,1490.1968220081349,66.99892813972893,0.5246766252722073,0.8264405303203199,1.0,1.0,1.9579471557512114,0.2553315209594055,0.36909034858069945,13.97752642113475,27.73538151533973
SUB00550,6,9.501095281705709,1327.4266243479933,57.131040348041964,0.8405350939872109,0.49084636050835817,1.0,1.0,1.2948946909089507,0.36890465900182323,0.2769190242712709,28.984153540017825,18.930344460907836
SUB00550,7,6.4207377441421984,1737.7130457721225,44.890956684249545,0.49064294065115294,0.8018219597410705,1.0,1.0,1.6645647487493829,0.1564311940894242,0.34419081224241777,50.64724262936436,16.65482196831696
SUB00550,8,5.440753878924285,1296.760790059684,68.52300102040984,1.7664585472199779,1.303918895589114,1.0,1.0,1.1403597739153426,0.2894185033963825,0.37696641510785023,38.653594129020306,18.197576452466123
SUB00550,9,9.575918102090245,1290.8251362531998,46.78143378944401,0.11015323991071724,0.9897449967186027,1.0,1.0,1.1919379766402272,0.17977281169500275,0.3931035597563421,73.67477808419792,17.918671866485525
SUB00550,10,10.846126418581317,1533.5300358932539,70.28258054171582,1.349044703881396,0.8955797974244518,1.0,1.0,1.9894811903522405,0.3214106994345147,0.3273062496235409,55.44210346633146,8.330402567607631
SUB00550,11,9.689047023888218,1750.8263066235568,41.44055610573747,1.951107773197523,0.9135709384244983,1.0,1.0,1.3782736685537607,0.4682442485325071,0.25103317850019014,29.932525459609987,22.96627349446299
SUB00550,12,7.43908090441114,1571.7544499716137,67.59135046251454,1.5717570827188587,1.0434988100060205,1.0,1.0,1.0239139921476301,0.5428099034640299,0.4193394475261759,53.843090349656535,16.164330780799133
SUB00551,1,77.19132973534678,694.9969005579815,70.12290790801862,3.5228492344193327,2.807335811438035,3.0,3.0,3.450317058140713,0.543628426629505,0.5098257708357,253.28606034160316,16.233349647791293
SUB00551,2,51.502694428478875,530.4293496399671,103.0337603436731,3.5837148813933846,1.8324387483878257,3.0,3.0,3.9205838079102704,0.4056772941689709,0.49986340211266067,364.54167712478153,15.887714744278886
SUB00551,3,56.54864829332291,590.2502339249829,76.81175297831467,2.751906361894481,1.5405496523818734,3.0,2.7628532121554263,3.015679760764404,0.604339769553187,0.37783644109077785,226.26599231897026,22.08669565450102
SUB00551,4,54.35072855942086,655.1980973042391,81.86153160029185,5.023505913308643,3.163262353113173,5.0,3.133482305217839,3.3093715559252237,0.42450262202572653,0.5916930015381051,320.5917092667759,12.511178174212645
SUB00551,5,68.06780346105718,661.1670404477936,97.39755453248094,4.715954407821503,1.5023348042292661,5.0,2.556852868111573,3.793682662922535,0.3552248011274578,0.5210048717003,492.81050379417854,12.139657413487676
SUB00551,6,74.75803822003286,549.4087842426027,81.66929850777967,4.4394153142744495,2.375029893713876,5.0,2.536144185078322,3.569968114720137,0.49551908919439613,0.34876612659537287,506.9502422632076,26.871642436751156
SUB00551,7,57.487857489859785,500.4457203791792,93.29119476584243,4.109888730934162,2.4027354909906578,5.0,2.7204628168078253,3.708061467153599,0.27503514765644677,0.5516101502839541,430.6174605452341,18.560827625305187
SUB00551,8,50.98871781122113,441.608057357626,99.05779454432948,2.646325068324031,2.710721545718136,4.0,3.191176011949513,3.6118133307011355,0.31992772517729273,0.5233656615060043,185.14620009054374,23.096892680242853
SUB00551,9,57.48336053380045,759.72341659729,96.42034290616812,5.345283226937223,2.301518103126395,5.0,3.11422344751914,3.4822780003806857,0.5915695941793856,0.35876774255079646,186.64286811447965,23.68737987230805
SUB00551,10,56.67435565123168,697.9006077874125,80.81546487936036,4.724119176525013,2.054445636743275,5.0,3.2375438961738507,3.776252045899482,0.575222273147242,0.40505852551841803,159.16386137270158,18.35093304302491
SUB00551,11,52.27424068100195,631.1976639780723,83.54656025603902,3.177220654506563,2.9572703891890835,3.0,2.8151237131206797,3.630341918287077,0.3309763965974579,0.5425531060070541,379.1134842383059,19.16711511488662
SUB00551,12,52.14402189853278,457.0661721617295,108.63907430390451,3.996067541342498,3.2222721729621333,3.0,3.0,3.1954691584806616,0.495303243514034,0.3986707825623331,174.53097548513577,26.397322794725575
SUB00552,1,11.41530892383622,98.34290190091434,20.655261239639945,0.3301768066125672,0.3759949641514251,2.0,0.9507528372952527,1.0,0.1839874859085111,0.5945867382951795,41.842057977695184,22.075363677646543
SUB00552,2,9.914918139272777,141.4645090418732,25.388857918053972,1.371783783668803,0.6919577648802191,1.0,0.8172205265094628,1.0,0.2464602626013256,0.2601203007304724,59.21678871934515,9.309721537925236
SUB00552,3,7.112286236678091,117.20505094727699,35.76392125741179,0.11448945528225551,0.9561821354074346,1.0,0.5843223405983009,1.0,0.33304711816671617,0.48087792591265244,45.552653552557935,13.145894650107195
SUB00552,4,7.797650133068343,119.57257452064546,36.49687519259133,1.2601051264421854,0.3481986350503862,2.0,0.5389782124931997,1.0,0.39977214799321925,0.28131810716292566,15.646827995435201,15.803979147809446
SUB00552,5,9.999471823946045,50.37578936886025,24.99400869979562,0.8387234539386043,0.4014876053003219,1.0,0.855372627641942,1.0,0.29043596188366966,0.4497032914038672,70.0051451368242,14.349882315535352
SUB00552,6,6.617231292829715,143.15710295543272,32.61067105211086,2.0547474159918484,0.6189539215669482,2.0,0.6113557542593098,1.0,0.4651329626459523,0.30166928338695426,49.79621709701869,13.839919048881486
SUB00552,7,12.444475765803414,111.78187402822881,27.786689323644136,1.4883973512906987,0.8990660867456584,1.0,0.9245253598403831,1.0,0.2631258934889883,0.5814163807379302,35.950559737811915,8.747696081001926
SUB00552,8,13.214850421140849,144.35185651298232,40.005514230673256,1.7854037788214392,0.8599779869699636,2.0,0.7969318552250557,1.0,0.23366156943881622,0.31576055204229136,65.05308039209285,11.233919066963981
SUB00552,9,9.617732845186772,125.33306248851817,39.61286649590119,0.7635763250119363,0.011185553797095071,2.0,0.8874081720819893,1.0,0.3862407002711695,0.2723822173428255,20.064310917248754,26.81498928800361
SUB00552,10,16.944426489860277,138.04245381541512,20.516908877105994,1.811938913811319,0.3552818141805836,1.0,0.5588335918512861,1.0,0.20204723351423456,0.27259584175463525,49.02153295504255,12.358324960983275
SUB00552,11,9.999836866523701,93.76832951942271,21.39153681374777,1.2764944400822986,0.6808320820102656,1.0,0.853274614908734,1.0,0.28575354148635546,0.49455641316440735,69.31524174650029,19.809383454424328
SUB00552,12,16.198140203446588,89.22321412619921,37.6206634700831,2.6746598288310066,0.9193971442757717,1.0,0.8617331969053361,1.0,0.4311920424711584,0.569044088769552,47.57479496185675,9.765801100353581
SUB00553,1,120.11355541834779,467.166714808687,35.06587821804702,4.685170819223946,2.111234515329575,2.0,1.8047939566849225,4.339091882648089,0.5255886581729082,0.44624615808535084,531.7859749332201,11.378343008898222
SUB00553,2,115.92254902048587,395.1130772305884,45.171250070859294,5.802641234876775,2.8921137917106483,1.0,1.0,4.944554538303275,0.48782500777991233,0.5504234493332799,387.4926180516169,9.670198707523358
SUB00553,3,130.0059358055458,457.36461305674976,39.99286554265052,6.310239167367954,3.939125948867547,2.0,1.3510218003018484,4.460883129899419,0.419464311843198,0.5128993470372427,380.6655064671424,17.605563662556474
SUB00553,4,111.8269044328812,315.5168161564575,38.03953454940127,3.7668059269174705,3.4873036980895473,2.0,1.5011124012883905,4.9102927580134565,0.4686153606229383,0.43764331760892095,319.40744167503016,21.6373944488807
SUB00553,5,120.95965235972709,434.9989827405091,31.44322699533652,5.095179911800188,2.2035833223654056,1.0,1.0,4.307499888387662,0.42238321943966806,0.5372978056533557,274.5309313946468,17.37992316485687
SUB00553,6,121.48544720833671,546.9461825484988,38.65270061911448,3.633638346216932,3.428060005683577,1.0,1.0,4.63100346719643,0.5071312479775948,0.35983912140222984,557.4951572442179,17.37894805073237
SUB00553,7,141.40789690569426,383.1772786026768,52.553201885023725,3.6855756285331767,2.615118631603857,2.0,1.57233904697592,4.100053811923506,0.3376112966319916,0.53176992238629,757.5467009901024,27.92215885760032
SUB00553,8,135.1119494005315,442.64772285319054,46.939133536294506,4.269656573307947,2.5177955053678023,2.0,1.4603759280005746,4.287095483891734,0.4383751984009818,0.3912880335057103,455.1576718655635,25.44726474480537
SUB00553,9,132.96335886105518,417.75506937737003,44.48521386499169,2.9350797561730184,3.9160374277741288,2.0,1.22574779797112,4.018695231019907,0.5465759716051529,0.5320252592839543,531.8199590876802,18.38602010596702
SUB00553,10,123.87561184234225,531.678284992379,43.520624480491826,5.17551864351646,2.1290006653288347,2.0,1.900899570043455,4.083357324078255,0.5009459275618035,0.2530610980167738,623.1552940213268,19.995725801630787
SUB00553,11,119.41692342024241,353.53576521614485,42.81686573390201,3.2583334638196746,3.811705401714173,1.0,1.0,4.3222387240044515,0.2771152110309977,0.5976064738723538,303.22744961981317,14.334364365458612
SUB00553,12,120.38969549679774,369.83193161905126,49.355875703910215,3.114495588581387,3.125275575185881,1.0,1.0,4.866514790517767,0.39396053029177547,0.49711656050423725,405.9890601551789,9.540657972855616
SUB00554,1,1.3446903626012339,56.3665964043027,20.361641546868455,0.38297323078849616,0.14760332510864743,1.0,1.0,1.0,0.23570670200947394,0.31469581998588836,3.278403924960499,23.25958265388649
SUB00554,2,2.825098621573559,42.66110074334339,22.688385847797722,0.12417602400360271,0.12253446629332587,1.0,1.0,1.0,0.18933694041933288,0.5295213054451197,15.285790627200772,15.357504124070765
SUB00554,3,2.5544624570929693,21.646142558594192,23.647532850974272,0.5084464216961179,0.22087539184387422,1.0,1.0,1.0,0.15357837336808947,0.40448472150163933,13.828250884554029,20.688616899769492
SUB00554,4,3.7174915089715665,46.58328695421414,9.125467341509506,0.09389453909030684,0.11110944472994455,1.0,1.0,1.0,0.25593785735193586,0.470335444264382,25.742211336705896,25.57230989337075
SUB00554,5,2.074292363686939,35.888793249335734,7.700278769628499,0.564600561452835,0.2437521037306276,1.0,1.0,1.0,0.34783616897991443,0.25563991629770916,8.325170262658421,19.531477302876354
SUB00554,6,2.4094501039309506,66.78850127134436,23.34488178518168,0.27611702474462807,0.4392614513575854,1.0,1.0,1.0,0.4436854466696205,0.4028327684275598,7.2333282695385135,24.5245840971731
SUB00554,7,3.2367016238294557,32.76416666247143,5.022091561801554,0.03195603205521719,0.37456559246192705,1.0,1.0,1.0,0.4525438376057662,0.2852209979030531,18.513137151292355,15.083067071967825
SUB00554,8,1.943403293945378,78.69892543593386,13.807820261210345,0.0,0.11188051955795936,1.0,1.0,1.0,0.30774632017632575,0.3146068205726301,11.038386994940463,24.131670595580857
SUB00554,9,3.8934662388068393,29.612277509787518,19.39814665184143,0.4733134750243302,0.21456908702869354,1.0,1.0,1.0,0.48667008487080343,0.36640200235046994,15.460342324183618,25.055174831629362
SUB00554,10,5.034648757091185,53.580881547483976,14.801199216098889,0.17268210906394738,0.03455710655671257,1.0,1.0,1.0,0.38004441643991116,0.3827280403137627,23.528094681188875,17.8309644526964
SUB00554,11,3.8590942513141906,76.73014695856574,10.072214605428083,0.6254313211720507,0.11115386778312114,1.0,1.0,1.0,0.4926481681936413,0.46186356109674287,25.753057675642946,24.38494763320627
SUB00554,12,5.882687922047338,17.509078446101633,9.001838112983119,0.2916439604427362,0.042941024363731095,1.0,1.0,1.0,0.4937926188353957,0.28991166680634006,15.465575573699356,8.031440206689297
SUB00555,1,120.34042020830317,197.52058931857647,23.813304081006002,1.4862290641760743,0.9807102692333374,2.0,1.5714855481619885,3.2154996611219073,0.6074401006695915,0.49361901090053456,515.6430600518224,11.803407098332459
SUB00555,2,114.93197193573731,199.9441191987823,18.274147782580293,0.8967226642851548,1.3744084267260757,2.0,1.4007483079044716,3.887018547736834,0.5012416368192864,0.34119580915724845,427.6052597080942,8.102542659026339
SUB00555,3,120.69520559453666,185.9912689522041,40.22485023978804,0.1930779889655955,1.3620466664262634,2.0,1.5581686548851343,3.233231424676999,0.5164664803136287,0.5644524929280715,902.263468187392,24.65459962200678
SUB00555,4,122.96795703748556,213.79288332232434,26.267947577379168,0.9546723482497164,0.9252669836043461,1.0,1.0,3.396394474835782,0.5660425896172216,0.4953344470424177,422.0503331711193,25.576044586300178
SUB00555,5,98.36886438911964,158.16046826592785,41.869247667402504,0.41761070872163825,1.1655132867158342,2.0,1.5054126240014,3.3833171827133746,0.2975598987631102,0.44865515397907774,311.32179270034135,21.46056387919771
SUB00555,6,117.9892006476548,269.6700667609491,31.420190803614865,1.1290870660960204,1.2911100039517993,2.0,1.0759272748017494,3.493008837152522,0.6395376776285409,0.5294245391545789,784.1289735719363,19.385081204644415
SUB00555,7,104.53482165935672,230.84187184787626,41.815187525864836,0.8909487005544525,1.0112142705686518,2.0,1.040484468012499,3.7519908648617974,0.43165377467199373,0.325281463575329,409.5869043377157,10.800571796344906
SUB00555,8,97.07531729916059,119.2807004482224,22.306678530449815,2.444587256095364,0.6117198920470153,2.0,1.4114013218772805,3.32073558652294,0.6407442830806451,0.555993702130049,359.82202535170313,13.813514370825182
SUB00555,9,118.91166378461381,244.11267456483822,26.067777226287763,1.25007475754786,0.7227856087741523,1.0,1.0,3.0864975563117865,0.39462861761167745,0.5572382441871016,276.23309849069346,23.734263056334697
SUB00555,10,96.83604449292076,311.9201639270882,19.427052073914826,1.3699780730186317,0.9371007239547828,1.0,1.0,3.89288545729718,0.5924299576113808,0.5374309010703284,654.6971464275722,15.429682995339785
SUB00555,11,120.61423452827154,281.59039974980664,36.49227606771478,2.527243589113834,1.232277777701071,1.0,1.0,3.8589570135234252,0.5402499445203605,0.5728861293253555,418.88703221144,15.221468780924013
SUB00555,12,109.67374859893467,232.4629299379071,26.25089708063598,2.851569312886016,1.000367653585919,2.0,1.485553532518343,3.887658696921967,0.6086897528619151,0.5775459561303005,796.1950174071255,13.832137991918176
SUB00556,1,45.641668089311516,330.6691560278088,54.82727570249433,10.466766079456235,8.364047386017369,1.0,1.0,2.6680681152391763,0.37323040542636066,0.5015037840817131,222.17344528654593,25.631363199259802
SUB00556,2,43.32186664020846,407.2468568251794,33.48467031151988,11.890541998706546,5.527814843505903,1.0,1.0,2.013615369950551,0.21048953208528545,0.42413178647586497,110.78594151659335,25.845514533135923
SUB00556,3,31.50162597200275,287.58212223942513,55.57285910647772,10.928231627039375,5.98585549568725,1.0,1.0,2.861715786148728,0.4127773360327215,0.40996246484248633,239.22952897444947,10.996166062832394
SUB00556,4,35.100902514563366,262.3493312811289,40.95171220430719,15.018492810059326,7.904013056094739,1.0,1.0,2.8868948259462908,0.2457112543323526,0.2541205370386783,252.62458010629365,8.515099370921376
SUB00556,5,43.23730002475996,196.80222276092385,58.2065694225317,14.033809036140866,6.241822855890176,1.0,1.0,2.4038531118047275,0.3521418711685844,0.39793100556094674,139.73189284347612,23.949186632382773
SUB00556,6,41.50523660945771,384.64006756861363,46.02288529158889,14.594411562094317,5.7503265299998345,1.0,1.0,2.688938665095496,0.21943761777969495,0.4125773220617358,193.3143636592689,13.767435728114167
SUB00556,7,33.81842185743545,370.4995034791699,30.907517162591216,11.213796982892477,7.280594041303163,1.0,1.0,2.100549319832174,0.3875319026127107,0.410421143847161,124.18192883349985,13.130223455543113
SUB00556,8,43.323749222053465,395.8104795694547,60.14210494732804,10.452348977570985,7.942888520473495,2.0,1.9211625388363454,2.832739553568436,0.2747573097859133,0.5521804428986677,111.564163656671,8.313935674573887
SUB00556,9,36.67433763553087,347.143237297182,47.00901267324879,9.252124021905423,7.727795218133824,2.0,1.4586225559589896,2.8085165976861397,0.3192454365256954,0.5078362620358787,186.48466356767372,25.853449058062843
SUB00556,10,31.981857233036486,242.41878531776786,59.740834835588316,11.48404855519027,5.3214149865997085,2.0,1.914517179690558,2.019965877996526,0.3033625000463491,0.33106458832967783,156.62525411898037,23.713473289362717
SUB00556,11,37.90741639563136,298.8277163125951,58.62314030763411,9.896819137877923,5.682765983067414,1.0,1.0,2.1866127428923536,0.15973275347382526,0.4472203075683196,199.5217463614683,26.266170360901526
SUB00556,12,46.750791352556334,224.15366127985197,35.66447507739795,9.646901273713752,5.699788829500866,2.0,1.217384506594475,2.1665253698148845,0.33796318128617653,0.3139088024758716,306.3709668313447,27.29777785666015
SUB00557,1,4.272081028117237,1400.227373647465,44.02226249046012,0.017432039742177025,0.9803555145630363,1.0,1.0,1.9375681366666906,0.38342087533936664,0.4003057482900899,26.338740166840378,24.264197745642704
SUB00557,2,6.2906014247950806,1272.5815454298388,60.49879911515866,1.7310075892538863,1.3493748394683829,1.0,1.0,1.1608078746864172,0.20617946702173348,0.45050520371131497,13.243347152095442,11.593202693400375
SUB00557,3,6.925806952125683,1317.3199495542224,66.50181749596801,2.479210461175583,0.8804472056528037,1.0,1.0,1.9502506204973882,0.5066142263546846,0.3151245613573732,44.657939880582965,13.16427939479912
SUB00557,4,7.1444085157289585,1567.5147874071336,72.2327294714677,1.5835379690163631,0.8051445248838909,1.0,1.0,1.933377470223379,0.34172295195568336,0.35303608219710836,53.41948429840673,17.66108248756447
SUB00557,5,2.1427407502569933,1309.2107295543833,52.124875383684724,1.8689191128710285,0.6984449020230588,1.0,1.0,1.1734258780425246,0.453793688404342,0.3882663087059808,14.669239110948807,16.981536855891246
SUB00557,6,11.323351676824972,1750.098944516643,45.14971719086258,2.197067542614838,0.1044438697775843,1.0,1.0,1.6462021351686547,0.47167071963776597,0.5753333193867842,74.7215283688846,19.981096701298764
SUB00557,7,6.790650461192525,1341.6548192173314,64.98962313244314,3.5147690962135325,1.2188050176301215,1.0,1.0,1.4810702178296662,0.2731934191535975,0.5690190424309431,27.33808487632301,10.491602565495253
SUB00557,8,4.559026884485311,1454.0256753869155,78.41836440977262,2.326934717847413,0.9803125963281663,1.0,1.0,1.4129232701236045,0.38693023110190056,0.466596113536927,33.209565689537506,8.613746419482602
SUB00557,9,6.7342956599108845,1262.0389018696217,70.75137619197017,1.1389665041614756,0.7052149391429167,1.0,1.0,1.069757539387164,0.4896400046681727,0.3276285087964921,30.15053790528362,13.255766576246215
SUB00557,10,7.739351517042198,1375.2629511979223,79.64203102853463,3.3579137075622336,0.9872210982315048,1.0,1.0,1.749449468222714,0.5444232103143932,0.5258446039666544,17.22578856083952,16.76434308488428
SUB00557,11,8.238197426823895,1506.154940693493,47.94253866214689,2.1324382711366057,1.0845326012928966,1.0,1.0,1.6385499382844395,0.43851733708514196,0.5937231945882249,19.061453073983323,20.73873661739536
SUB00557,12,8.734917732798005,1325.8592489288085,72.70607617723665,1.1104386760563552,1.0615787059274808,1.0,1.0,1.8135678174246366,0.3971822779275438,0.2688054823859379,62.16637736244225,20.985694396710795
SUB00558,1,72.77335842518688,533.4475837590973,89.459140807954,4.27330678163759,2.458367828504568,3.0,3.0,3.36058125784181,0.4523433198318568,0.4518583946443683,297.23499985229387,9.92369396600607
SUB00558,2,54.41593489809043,707.8049327711406,117.67542142367513,4.050383830995278,2.9881471664497847,3.0,3.0,3.993931020117712,0.2584937084824224,0.5933713243868931,415.7076654009393,14.757399688757921
SUB00558,3,65.62745331381447,590.8107596647625,102.41232784962261,2.6535460871413052,1.5043647032697018,3.0,3.0,3.0363844217820946,0.6316631323808116,0.3679554462382251,488.99859041733083,19.779617875600508
SUB00558,4,72.3985954826638,746.6672582597213,63.42637288505421,4.761412255584637,2.1913427504364598,5.0,3.255588747381645,3.5963137639693423,0.5557790585470849,0.26798618053359435,512.3631267294984,18.701630677884552
SUB00558,5,59.30774082847747,622.6408336470415,105.7937582907278,3.178446960104007,2.4401761491520846,5.0,3.037033439814454,3.589685979386723,0.5226774260272425,0.2683331258163868,196.67231241433507,19.721841334290772
SUB00558,6,75.78016367268879,582.1542735835404,91.20661551673311,3.402152142456545,2.5303302369247636,3.0,2.5277611185004143,3.825963038695763,0.41824706056833305,0.35700515858745324,564.0925355470337,15.252352211913376
SUB00558,7,71.66117496747874,579.7299403169537,119.87867589739574,3.9312170640482806,3.344498436662491,5.0,3.0778908689158415,3.4234279886303045,0.5782785908806226,0.25990633386107154,159.56031683012216,27.347699891674104
SUB00558,8,68.46620859565606,623.6168492692944,71.0214929392335,3.04564667729178,2.3559475933019414,4.0,3.1488507937520698,3.340316691448698,0.6266208539501665,0.451436295837338,391.0007010352435,10.545748085606592
SUB00558,9,66.090470368685,500.7996823341672,94.68408582328641,4.0008135062671855,3.288028983862401,4.0,3.3448995417159155,3.9706059569344774,0.6037659670761054,0.2883905720779555,480.663972265178,8.213284818152793
SUB00558,10,69.22816605369474,671.4537848730022,109.91562032767065,3.119697736704521,1.6402977768884281,5.0,3.106514457865207,3.572751291474938,0.32124883139386873,0.560246053009093,191.14544765628713,11.346800594829363
SUB00558,11,77.08521173129633,653.118271426211,65.9586345602186,3.9684161274954484,1.9884965837599538,4.0,3.4296384254726666,3.5024218596669803,0.437294835796759,0.4063741454859201,278.8801673294865,16.823136378758115
SUB00558,12,57.305497132066755,548.7251455329342,98.3870000845253,2.9519449712178547,1.5522753531539917,4.0,2.929655476208976,3.475206319565777,0.6462157309394149,0.3530758994154476,408.11680761725546,11.135987457092229
SUB00559,1,2.4641688172361818,138.44989363644146,33.46811490988816,0.8214224309772963,0.46476424562992513,1.0,0.7303123425738463,1.0,0.4887487592041815,0.5867016687988846,9.232299049528518,12.966342127602768
SUB00559,2,9.24994377733426,122.30103870958078,15.384439646978187,0.4221709092993884,0.3255195429778722,2.0,0.8548799827451931,1.0,0.42374725830293336,0.4770168906842366,62.14512516246297,17.383044848902905
SUB00559,3,4.378374314713382,80.8422299837086,37.067803189186336,0.7445838699269287,0.42768251104439226,1.0,0.6401352162788123,1.0,0.32944833636884885,0.49870484810035953,24.75770413929893,21.40015199346132
SUB00559,4,10.180604574302693,63.3473525070589,18.464823109424714,0.0,0.5895953157086391,2.0,0.6170941668107368,1.0,0.5206487934720283,0.46472157951110843,25.803637469018433,26.306439510219622
SUB00559,5,8.012561772484908,76.208493125013,43.14457904371184,0.9765014012710559,0.9285061994161538,1.0,0.8321026541018645,1.0,0.15816957470977178,0.514915979936607,39.1349031880792,24.10572297218601
SUB00559,6,9.253916749208821,122.95298985678762,28.736177255639355,0.18542915412594524,0.2765039231471327,2.0,0.7457854351392277,1.0,0.31555106703403357,0.5063712958870632,68.24852929841182,18.562485233925255
SUB00559,7,13.458525011642273,143.352660325401,43.80694335092569,0.0,0.10614157056926143,2.0,0.9916198754139427,1.0,0.3078370971476373,0.36473221162737157,75.13330665648691,8.4586919833344
SUB00559,8,11.426764102846132,79.75771637162936,22.671031972647818,1.0542858919487994,0.06350225116023611,2.0,0.8304510196545298,1.0,0.3828273072052424,0.40943411233331933,60.80445943364072,26.905466381693586
SUB00559,9,11.242480419983986,96.37153820898172,23.66019954740408,0.0,0.5362625171470536,2.0,0.981291286913724,1.0,0.25857436438183307,0.4769188970804743,72.0986111105976,8.721070983348318
SUB00559,10,11.97478738881362,122.97549443360418,19.717030762103676,0.44922914464163255,0.24028573830300481,1.0,0.9450054333580329,1.0,0.4757326009952255,0.4630141316845787,31.63914833823389,20.428011199356693
SUB00559,11,7.740271024874419,139.9771118573514,29.752136277089924,0.9954554742854831,0.1322570367863376,1.0,0.5882010398879978,1.0,0.4553725310250025,0.37449842590007754,50.430343153710815,17.61880375623462
SUB00559,12,9.79227094863661,84.91451166137648,21.760895826607836,0.4320994189394807,0.7796968838757685,2.0,0.8466370270102754,1.0,0.5329361655641784,0.5260134197346972,44.690382116477636,9.045590276963228
SUB00560,1,120.83887960512189,341.96914890972494,30.358211980627107,6.646617840049718,3.130940638867213,2.0,1.8088635892318474,4.869524772041042,0.5018678764815593,0.3326394726081427,938.355935802965,18.99479221731204
SUB00560,2,113.73827672607926,505.8702197567012,30.562410065003295,3.9900632415233903,2.0435232019772482,2.0,1.1667205642432212,4.941174154207458,0.5521483136524605,0.5942382526575237,273.66860056628065,9.855243039750093
SUB00560,3,138.80623913903736,355.0103769768129,43.142269422523206,6.615450512352932,2.5527453850966086,1.0,1.0,4.2005236309294265,0.3641523363556829,0.43164369815819503,1089.9731623566136,27.49801287127057
SUB00560,4,136.7530239859851,529.7860614883158,54.793714688365895,7.5186427160752265,2.063060021328388,2.0,1.9440216860922361,4.040539313178493,0.4765805953928004,0.3075239068927653,603.4927766380973,21.98772537568935
SUB00560,5,111.82442639892106,301.8549532044877,34.36612109656629,3.606524190681517,2.2215009075652388,1.0,1.0,4.677981124737486,0.3765658734471198,0.4724352872083786,310.2334767774063,12.848334999386559
SUB00560,6,117.44584121976756,307.89260134179455,45.12824933733827,6.505007762452778,3.9317647740298005,1.0,1.0,4.083303072201544,0.5070898616832501,0.4777978927631926,326.03053470282447,14.235717080680967
SUB00560,7,113.92048581456321,363.95794381683424,46.0480140541013,4.102348371177863,3.0530464091089007,2.0,1.2394685327972903,4.008551569753107,0.3164250037246821,0.4508410087537493,596.3055933912173,24.620471809843625
SUB00560,8,114.93737747434484,425.2846689064047,49.77512598567483,4.848042184856585,3.8209189227801286,2.0,1.5211749457655026,4.175027328178854,0.3349515763464753,0.5983177394590717,318.70135620889766,24.579514763305983
SUB00560,9,133.42547585229576,305.2908986096084,30.409730196694685,6.137765584649194,2.055622954596323,1.0,1.0,4.382098488130487,0.43534596350441157,0.3773768054428913,877.2690845670498,13.10441221124423
SUB00560,10,117.03460232709985,405.43724159812695,35.452442379467755,6.368352729017458,2.159583255250503,1.0,1.0,4.221618616725858,0.39134130852474625,0.45418426478953877,236.9981016330603,8.604331921201693
SUB00560,11,117.40043633267977,284.8566437629223,39.98172000736253,4.70862667190564,2.6946066655213965,1.0,1.0,4.330153721730035,0.3759700156786385,0.5195805044906648,258.54800580819386,11.914147303362274
SUB00560,12,131.3967740040718,455.5084386464546,54.933280885636634,7.489460660915013,2.557894330726926,2.0,1.5287102173210214,4.758546187225105,0.3938262477056075,0.4402123486973777,323.91667698798005,18.907376784926544
SUB00561,1,1.7448401873840553,48.90531688108941,21.59471063124318,0.1494654782057128,0.32611549771242354,1.0,1.0,1.0,0.21636465366304053,0.5817042762233181,4.373317331508559,23.685330119860193
SUB00561,2,0.38030074968655425,65.18100742664299,5.0008015451613925,0.15560994499453634,0.15233264425951543,1.0,1.0,1.0,0.18951810986316758,0.5465945383327342,1.1835425975803175,14.264607464323582
SUB00561,3,0.1871152634413047,63.39139365531438,17.467088845541937,0.5833894757462046,0.2260452323624873,1.0,1.0,1.0,0.4750007205804688,0.26525970206245664,1.287744407466376,9.481423855108934
SUB00561,4,0.0,21.049100757438328,14.297931947817126,0.8130244707046949,0.08111360267704731,1.0,1.0,1.0,0.33020445559318023,0.4584599248848423,1.0,23.060777429782405
SUB00561,5,0.0,30.09606815012585,10.820556812503366,0.400420793644039,0.044202741088851305,1.0,1.0,1.0,0.48896148270982087,0.548470657828408,1.0,14.380648094452209
SUB00561,6,0.0,33.5486683387815,7.045333131997693,0.39294813633732156,0.2970191863372816,1.0,1.0,1.0,0.310290274992562,0.5455017177162178,1.0,8.987148853921866
SUB00561,7,0.0,71.36500665800189,24.93896353586466,0.840715346162197,0.03889945041700299,1.0,1.0,1.0,0.504100328929234,0.4475602584096755,1.0,20.9127129355238
SUB00561,8,0.0,83.94477754759049,15.449625667476543,0.7681874232731627,0.28797266041461694,1.0,1.0,1.0,0.447533090725199,0.5571695449475527,1.0,9.730351492725688
SUB00561,9,0.0,35.251288311502414,6.6483080843935705,1.5313042953866027,0.3749348500197936,1.0,1.0,1.0,0.4045228608260406,0.5795787400919165,1.0,17.2212830813245
SUB00561,10,0.0,0.0,14.573069922501347,1.1146846782129256,0.09408080350197073,1.0,1.0,1.0,0.5399882943816569,0.5787274444800844,1.0,25.701708167488444
SUB00561,11,0.0,33.09554807525933,10.369972592835213,1.302610654862761,0.17504537766720846,1.0,1.0,1.0,0.2130999171238543,0.2968320590499985,1.0,21.73369311013478
SUB00561,12,0.0,0.0,10.530675971096601,1.2333528014971806,0.24783393734759784,1.0,1.0,1.0,0.306962702320174,0.3535432803089799,1.0,23.373444755581385
SUB00562,1,107.96357754369383,276.65859898666366,42.92171400114451,1.7527721071674542,0.8731982228341129,2.0,1.5517787627921384,3.834326188598798,0.5810922484263054,0.4016224070445994,543.1969195682487,18.942780302965765
SUB00562,2,116.12656982533258,269.46632545271325,33.49568765420996,2.0749972705960618,1.1173761274599452,2.0,1.5138774047155021,3.1957527071185776,0.3896244823486833,0.539404012908256,748.3707573180427,14.615245270509703
SUB00562,3,102.71949919282599,217.17473671064008,29.768175489207117,0.5382352602134386,0.851165074393508,2.0,1.8325050301177757,3.291202723906242,0.6070831256373668,0.27416839950303523,624.0160600861865,17.360440709842383
SUB00562,4,119.58505501638196,173.3836048215829,41.794920314327236,1.39490055400476,0.2977649813252159,1.0,1.0,3.2441804881997527,0.49712273181754385,0.5367314869063589,587.1537971196907,20.73471553306854
SUB00562,5,106.07424987097562,235.68810098350383,32.053988555825796,0.85449066494928,0.7770534234502722,2.0,1.1805102440238253,3.994813711987541,0.6228282305073345,0.5115002082059654,429.3916314309036,19.235569221690863
SUB00562,6,113.00820134266269,256.7691787228473,37.56712549268363,0.667155280389035,1.023918168662754,2.0,1.3753424430311783,3.750716912075028,0.5157742018175228,0.532301583814091,490.4038275282135,13.323129826666202
SUB00562,7,99.89110778116336,276.744091911587,35.62832953617795,0.6568213141503537,0.030913876557102815,1.0,1.0,3.16994331619705,0.39136923919620115,0.2541419512238264,547.5069602060505,16.88200435289371
SUB00562,8,106.10000132410175,280.2508416196753,42.98069900336602,0.4297144816221804,1.1378925617551754,2.0,1.9533402912805966,3.243886776976619,0.3158920401467915,0.39915556440430555,230.46677479257752,21.21187275884885
SUB00562,9,124.59669320199721,196.3025792724222,30.148891663426447,0.7724686067107911,1.2976360374435052,2.0,1.4891196992713767,3.275627443545129,0.3585828977272797,0.40936259973711525,262.6366621211009,16.991664004901523
SUB00562,10,128.3659956537357,187.0531671551303,26.854101383394433,0.1345249355514846,0.42145140421019084,2.0,1.9759682848751443,3.218446321312811,0.35004015023375046,0.5527542312283855,853.7915849725975,23.340901882895274
SUB00562,11,117.11863110929717,162.9208792390712,41.31027510710525,0.3852145547336255,0.6937920591810788,2.0,1.860928677353982,3.574519721561873,0.45042065992539637,0.5004995610598431,903.2503321592455,23.1891830804251
SUB00562,12,131.67605285572668,168.12768478148863,20.99924666843775,1.1278703774897432,0.32723931506216075,1.0,1.0,3.0443409601599143,0.5083736304054677,0.3839939109168554,483.8862204156029,16.27165618896456
SUB00563,1,46.44640167939,229.94315634093925,42.46225500924004,11.318940515610585,5.084662124231711,1.0,1.0,2.9664944646926936,0.37850259862813984,0.5612199143041293,228.94552969333836,24.179435393417016
SUB00563,2,35.05977329526081,267.55040205687834,48.1657483586701,9.836722539177448,5.462463428781618,1.0,1.0,2.9466765491591396,0.47054927313491646,0.3480496482264484,278.63333836592136,9.083070087869329
SUB00563,3,30.25466951785651,296.0466313515955,59.442723884604824,13.260039528360377,5.304878901618837,2.0,1.173576391241813,2.6397890470421754,0.4741287458695297,0.2952719830280395,163.57893599244795,16.671930273468565
SUB00563,4,40.44053768728193,256.23748330789374,59.997963324751105,12.909334769558756,8.7151009208623,2.0,1.0063719005455503,2.874875127072898,0.37916739492344254,0.2708821912605877,223.51342088881583,23.587285879167908
SUB00563,5,39.996231050938476,357.26025244283386,49.36472944344158,14.525692529312568,8.25930378253066,2.0,1.2900765652388098,2.952883270797214,0.5427378743684987,0.3047525909829456,220.69387565933923,8.436064926417583
SUB00563,6,50.27055422686987,316.43817036252705,52.004954391138135,14.61283471117803,6.677150351857884,2.0,1.507977289020484,2.2014821662061044,0.25474139171350474,0.5541773048916099,234.21230616763975,21.805069896833114
SUB00563,7,46.305743528515116,272.23749887999026,58.60507708863881,14.63976278123735,5.954976528664858,2.0,1.0425709005181152,2.835049067063539,0.16475056608170116,0.3785325647358394,194.7784990415495,14.308732027017106
SUB00563,8,46.42660076820737,253.26700484167364,63.622339780443696,10.553178367473063,8.852548503674214,1.0,1.0,2.0562500650980216,0.3688682256026987,0.583672938691902,325.9114479500363,20.22254086096836
SUB00563,9,48.89213511780305,378.3106389458146,57.94621707601572,10.558228056023191,6.991524277793186,2.0,1.793031050265851,2.933331399920341,0.16624358119468763,0.27808890047633184,338.1909908923711,11.150736314497017
SUB00563,10,34.77841888462477,323.13218962038303,48.67040380079494,11.267554821461237,5.288447036570226,1.0,1.0,2.6368565764459517,0.368388295207264,0.4612333760717052,92.7104366741655,26.255283708830977
SUB00563,11,47.425119293082105,314.2506847231783,45.028610899966836,12.965902036859877,7.488858415738775,2.0,1.603352963445567,2.317472122026603,0.18771112748309665,0.3914994500248318,263.2940291495073,13.178156872711837
SUB00563,12,51.455454842437106,267.27424947463703,37.804696209902154,15.38538597292013,6.3865899509517305,1.0,1.0,2.1620138777033437,0.6144735181182976,0.42225040240477485,279.2384498620921,24.827010316843218
SUB00564,1,1.1637358318109023,1439.524026099316,43.15406564066846,2.396674806215084,0.7397031651879802,1.0,1.0,1.968456807805591,0.2098632112353272,0.5854661814463513,8.800582462329249,26.612102801450323
SUB00564,2,0.7027325905439223,1661.5074703148669,72.22043515150803,1.7543988144348441,0.34299722997839927,1.0,1.0,1.4596560304575739,0.4727619678669409,0.548641195710073,2.8131074153817304,10.757695161620896
SUB00564,3,1.7984574818941814,1527.3361916184342,56.17835431060686,2.445786546050004,0.9968212456548011,1.0,1.0,1.5448500804150451,0.4236813484759735,0.4263138566242564,11.488431355353622,14.828268325938877
SUB00564,4,2.4077737273768927,1406.7076574518342,65.2398665693934,1.5843343594837462,1.4189762157004682,1.0,1.0,1.3462655785494817,0.3429171733032954,0.4417414908892082,8.84239593239718,24.194590987356683
SUB00564,5,0.30342046987959304,1252.9522131234894,75.20346626952718,1.4280997158229947,0.32711867047115856,1.0,1.0,1.9920104038758977,0.3076975439046351,0.31167167397774853,2.3075522379269304,14.623961468948325
SUB00564,6,8.053176715294702,1683.2354470104215,40.98407360353315,3.277987725404879,0.3841896622544106,1.0,1.0,1.5801970889210284,0.43803711147414504,0.34574233199015453,25.32471497795015,15.571176210568636
SUB00564,7,9.686563691581801,1361.3317886909301,59.83791801597929,3.763292484702583,0.9472905582542113,1.0,1.0,1.3049867325569022,0.46762466008001125,0.42100197473782863,56.74859014686012,25.0004179990466
SUB00564,8,0.44930684979631064,1504.5084786239513,66.31274365035,3.8567118279102655,0.4957793822946585,1.0,1.0,1.3461881961851758,0.3299467435609118,0.48845299894499633,1.0013753429503531,27.11821662080077
SUB00564,9,2.917159442905132,1365.9448465551357,69.01211649209132,1.552029399171377,1.2214257105728281,1.0,1.0,1.2640984649966918,0.39813976865739176,0.3931380871202808,12.222592500029604,24.659274764870865
SUB00564,10,3.7060892713567526,1740.1425573619154,76.01608758718771,2.6378269582689438,1.3382296862425769,1.0,1.0,1.3227756684165233,0.31078781000427347,0.492856152279199,20.500716768970864,19.313910131740283
SUB00564,11,5.52482708758647,1554.9073841324748,79.20777887602728,3.2489661194517896,1.4341659819603652,1.0,1.0,1.743015679415603,0.3921823288167172,0.5547826345888525,24.19162288216916,24.80156348273741
SUB00564,12,2.0714390280798125,1524.5733623481985,65.90213976274123,3.1835268486142176,0.9945080421929138,1.0,1.0,1.7416093348532915,0.507629570420966,0.5641786271214593,5.073229041305718,27.22712024027786
SUB00565,1,77.31127212836437,775.6606492148526,91.94132432156442,3.8014277438958777,3.2489967281259116,5.0,3.0288271443237456,3.478499812936136,0.48678574739465275,0.38913361378241823,347.7590897010406,25.894607898486463
SUB00565,2,66.86541139892603,569.4797851206339,116.03959256341538,2.605780840058477,1.812379836794562,4.0,2.7280575409646635,3.3580707491360036,0.5901093610592659,0.28608135206607865,267.41202328193236,22.658228183688543
SUB00565,3,52.915077449722645,647.6897928457684,77.2188898511799,4.076673693308166,3.3716969674804496,3.0,2.681663099385834,3.4600924187177267,0.3412878617729216,0.4583389634333389,336.01890925778747,27.508554461382225
SUB00565,4,64.9299803924994,500.1013026711223,70.86931685424555,1.80315493117974,3.032032550676605,3.0,2.562008486663051,3.0579376408457777,0.589632569737937,0.4951663961978984,325.984944714535,14.331205664283711
SUB00565,5,55.262251125633,767.0897289365363,67.90711285435313,4.0144505601220795,1.978583582077785,4.0,2.7009431617021535,3.374109859797117,0.5747329580088567,0.4394426097585591,158.93748721073837,15.1431934425929
SUB00565,6,76.16343038323252,591.4494810749014,108.80995433300791,4.1617841062159036,1.585392443627247,5.0,3.045770192633585,3.5187260573534975,0.3895392792820145,0.3145188953309456,159.59191845419787,18.486377957626015
SUB00565,7,49.503980587684175,493.8099647863619,77.0687562400498,2.3633831497766042,2.9118055741454163,4.0,2.780399288056935,3.6279280373543106,0.2712906969643031,0.31045048821363885,386.4993268337829,14.700644183614386
SUB00565,8,49.62903627792475,540.9113662164509,91.46523751340277,1.9386303924900898,2.968029845225316,3.0,3.0,3.0422636389407094,0.33165177935624546,0.5085827036311553,219.40159353412574,12.470640017829906
SUB00565,9,46.80035490907856,523.1094874676756,94.50188417350657,2.5237339565388597,2.516384624369434,3.0,3.0,3.927688049891599,0.4451576363120252,0.3302122793700243,321.0683351851046,11.983252911279449
SUB00565,10,55.47548828482427,786.1134293504454,98.18068277226953,3.781833105094865,2.1824043514858333,3.0,3.0,3.131165466602992,0.2961243263962619,0.2950747816367965,214.0981894478831,11.83234033564799
SUB00565,11,50.90963955032036,561.760597353688,105.88551717638147,2.251945873491908,2.031212339456778,3.0,3.0,3.3132616133687884,0.26684781445565514,0.5386378510291789,196.0472885769491,19.36659013388775
SUB00565,12,67.63081298083063,480.5728288409072,88.27359687424983,4.425701029966449,3.097828839796539,4.0,3.036214795464393,3.361194960552439,0.6025612837134648,0.39596963057732254,364.26658094861625,25.205447896079754
SUB00566,1,11.737147901627413,96.25630646535521,23.62993844394387,0.5264516471925331,0.43703433152442606,2.0,0.6337709108834859,1.0,0.4616173575762913,0.42074405839016876,51.79507811966381,21.43541237290888
SUB00566,2,7.54088520481011,147.7720925551208,29.72519505178442,0.9841947012467298,0.09857117654335978,2.0,0.6274503496177652,1.0,0.26859476122555603,0.5698861639233346,21.705423895384488,25.206237085568674
SUB00566,3,7.362115938767916,138.53462808152872,19.838343475540324,1.3737245049605291,0.2426714922658213,2.0,0.6702752427550526,1.0,0.49347609757758915,0.274064484355636,55.04730075547982,17.501000672455532
SUB00566,4,11.087752790844613,118.44679691459112,19.640243264872026,1.8970221767237982,0.5611716947735724,1.0,0.8709805074380785,1.0,0.3171220315844801,0.41182501535560845,44.33603839089195,11.88939402905412
SUB00566,5,7.055540241942165,89.35585862296983,43.43764089195001,0.3106094280757236,0.8976436865782303,2.0,0.6108681124645403,1.0,0.4866079688887126,0.46013140457601054,23.543304424168348,8.688290717277283
SUB00566,6,8.948466655703301,91.71630192829164,38.84657456545401,1.2303592936380077,0.6552773904421788,2.0,0.9116661055647384,1.0,0.17871029836167063,0.40521560217927005,22.135007899320367,22.973172632821914
SUB00566,7,13.416840163293593,146.73259009918797,33.40183615816858,0.0,0.6163665756083981,2.0,0.5304500287067715,1.0,0.5370996104570663,0.4822972717355592,28.581157161706436,25.606692726505155
SUB00566,8,11.860659637416656,119.90671259722359,32.84565308934558,0.06564908941180442,0.2498821905968116,1.0,0.6159692508264737,1.0,0.46684473126835635,0.5930624122901866,29.672453472164115,24.056807652014616
SUB00566,9,11.286340020526765,117.82574019534427,44.6074880453293,1.3484744728160325,0.3414230764661691,2.0,0.9566828834823529,1.0,0.31380730501944143,0.27201369726322366,71.72308339980852,22.99421177287531
SUB00566,10,12.989339417508194,91.24946193841137,20.53622455662811,0.8158895550774679,0.472679899786545,2.0,0.9475771957982531,1.0,0.44482045651486746,0.594283797701302,57.25502414331187,21.948204492504857
SUB00566,11,13.457058754799027,103.28178398724424,26.9792132159687,0.0,0.20046611732877906,2.0,0.5133652791078853,1.0,0.4363794646064445,0.384348268053467,75.19267701121038,17.580083211043977
SUB00566,12,14.421867202249302,79.52506424163141,41.1219682869276,1.094660707230077,0.1713237969236524,2.0,0.6886828809769707,1.0,0.5064545373817847,0.31031470264701355,42.590958010113894,8.38215887863294
SUB00567,1,129.4056216412549,323.4390122288942,32.844310505256,3.5461041547357066,2.993821157830675,1.0,1.0,4.930146091553156,0.30711699737654463,0.25795141394193066,930.7129695962282,14.023963053169041
SUB00567,2,129.26198276473687,545.195152662483,38.65409702787893,5.497805980689123,2.186632866298903,2.0,1.7740776025520701,4.3002050534545875,0.3966584088693472,0.5377134358456581,551.2111016025437,21.588827120534155
SUB00567,3,118.11696027770908,461.37148965809735,48.164261243922155,4.984609498004446,3.014588985906645,2.0,1.8593815178934405,4.090244959823258,0.4752965014290701,0.3602782631115729,478.79813482540413,12.35675660785332
SUB00567,4,122.37917698888997,432.0682467471386,39.93586683145715,6.3264091962187585,2.687439697506626,2.0,1.5509053230057757,4.486191428717765,0.6124620927431508,0.43834801682622554,907.5600217009768,8.047879160227144
SUB00567,5,138.77307465245158,460.0307941257375,52.718390877562555,5.009110582158597,3.769439239946437,1.0,1.0,4.045179308264139,0.563049773975117,0.2572068711291502,553.3767154529002,11.599740662831186
SUB00567,6,133.5252245435901,409.1777309462112,30.51542963137739,4.561261490718356,2.171018848350074,2.0,1.817824715667794,4.9512808857114825,0.5811126965397894,0.5235063653055627,388.1457025983644,8.611060709584695
SUB00567,7,128.01846854820826,314.93260823162535,43.96469625223774,4.591143748983778,2.2958346699105117,1.0,1.0,4.703738214216745,0.3724849645392747,0.250096871982844,712.3199646660725,18.093252244518524
SUB00567,8,128.82071478922686,405.37940906652125,52.2114732373489,6.119611785598836,2.414206036832942,1.0,1.0,4.504833607945749,0.6277064173257317,0.35494729041368067,410.21832665300695,20.73415124842574
SUB00567,9,127.32476834522669,529.1541328676836,44.443119140746774,7.276575526993699,3.4175320056537823,2.0,1.298140361274306,4.314611068443553,0.5311450915556096,0.47155995015947116,261.2230646706924,19.699426907561396
SUB00567,10,136.47788319511352,435.7418718384453,41.351408943676304,5.188806119907673,3.1862687152675746,1.0,1.0,4.73068693528359,0.5564284498389678,0.5602504341251582,936.5470994206032,11.039920845544493
SUB00567,11,124.9032208631869,514.0579365588369,49.41310940007004,7.410460554133209,2.10426435737976,2.0,1.3121321534309498,4.374320209582965,0.2708575527216824,0.32996572205450986,632.7834971872933,14.860035167468723
SUB00567,12,141.8684262183801,355.1204368140535,53.48983398770221,5.14277951044776,3.1590566423655067,1.0,1.0,4.706992478789714,0.2591392826155521,0.4306723158473153,434.49008891576926,19.22934351058653
SUB00568,1,1.0401852313828082,21.88805480889492,8.352716760796287,0.49208040366553113,0.03621804213786217,1.0,1.0,1.0,0.4775562142504731,0.44534663725038104,3.1869134366417935,26.80254562537533
SUB00568,2,1.8031194860395348,46.553697488257356,15.760806277251536,0.0,0.3368539441282875,1.0,1.0,1.0,0.5399531874381069,0.2963291791759122,13.742528272010361,16.440504623344864
SUB00568,3,3.0423764348157896,48.51957168503369,21.131277265255463,0.47782276260975687,0.04065963329450584,1.0,1.0,1.0,0.16307129471965784,0.3631274022444047,6.458262910075726,16.19603279277993
SUB00568,4,0.27457950050698665,40.1276623241695,18.43355587228332,0.016890982623264383,0.3411217972138945,1.0,1.0,1.0,0.47100070365160474,0.5516514910902482,1.6227643287764497,24.29883075156377
SUB00568,5,2.5830493274434363,26.02180063194723,13.695685225312488,0.0,0.19964755969286296,1.0,1.0,1.0,0.5039338450464251,0.5289368029029429,18.54906069820082,17.091436245581956
SUB00568,6,4.568531287575096,43.05158331880139,13.6699882614519,0.0,0.058383525627049015,1.0,1.0,1.0,0.44165482189781735,0.3204492903799513,23.288639636837107,15.809827564349538
SUB00568,7,3.9733641117286487,26.56635763695171,24.152091752123102,0.0,0.3551626983783,1.0,1.0,1.0,0.545232773123825,0.3809264932592315,30.628088527283452,8.915338350141147
SUB00568,8,5.244340921517775,31.488913183176706,10.08115610645483,0.0,0.46880724493414483,1.0,1.0,1.0,0.2269507131467967,0.422350064297272,21.669492040574085,11.099766674554981
SUB00568,9,4.275472443602691,55.430896078981704,11.665894151140222,0.0,0.09729306149495459,1.0,1.0,1.0,0.40033942194937655,0.4049472210135402,9.27838139233354,11.317751202551955
SUB00568,10,5.136377569503892,15.291376271739423,18.542279554987118,0.0,0.3608021987976495,1.0,1.0,1.0,0.17602726115779183,0.4446933047243853,22.854297821492448,12.919763577479333
SUB00568,11,4.109574993504883,85.54103478317269,24.406617792168998,0.0,0.1351280833081167,1.0,1.0,1.0,0.44846793604312873,0.46665516516035166,22.680691636914258,20.100936772138915
SUB00568,12,6.824275422201502,57.58222412095432,7.8107527377765384,0.0,0.2605601163803585,1.0,1.0,1.0,0.23798129487751035,0.5803284246760987,33.21629386547269,23.2257113501654
SUB00569,1,106.78210578150404,296.4955595679913,35.12350693909531,1.263376115949295,0.6507164673908743,1.0,1.0,3.815869642541109,0.44029697580915184,0.5683461181952737,662.4750948141917,14.520084027281186
SUB00569,2,110.56856540194354,178.16790708715223,36.67266928661304,1.2526815713714834,1.2292858874518477,1.0,1.0,3.7100977909343684,0.36481726021435,0.48474226872701487,343.7615362776574,14.542122832877375
SUB00569,3,112.7067900654485,254.8806498863939,35.930128947864006,0.5242810830203507,0.8324306740539774,2.0,1.4490658548439321,3.1115474885620147,0.31924453212945925,0.4918339723388009,596.0149813496328,20.01672332468557
SUB00569,4,97.25175295828174,202.67341945944383,16.690331685649777,0.5008594844037311,0.8672131228488824,1.0,1.0,3.715021213898413,0.4005904983384978,0.5954177473251144,415.3388076728572,8.449856702567997
SUB00569,5,117.95576777310862,238.2193849244346,24.06672604007558,0.8134065891561894,0.7927309354454404,1.0,1.0,3.4079562832436965,0.5723507668714787,0.43951421123510187,709.1563627720534,11.265749356028314
SUB00569,6,101.78095696042325,285.4619452159234,33.54952645160448,0.3286920747954338,0.7848583988476069,1.0,1.0,3.57810769372407,0.40968550858759845,0.37284314562754584,326.9873785591348,13.345648328051873
SUB00569,7,101.73224149277316,296.408007142632,44.79798672967806,1.7385267537536353,0.4550002225196196,1.0,1.0,3.657418665520854,0.43473977524553475,0.5609356369648095,656.8071238139253,20.503377566394246
SUB00569,8,118.54378173202039,278.0713001453736,29.221364514839518,1.2197380034935423,0.19003209678310373,2.0,1.061092965588809,3.8344919543141964,0.2700131821052494,0.5751088737980662,389.109284858595,21.03202427376147
SUB00569,9,116.79238206830202,226.6178676183201,32.95737663103347,1.0081249421149026,0.3838130342987645,2.0,1.3972717339987217,3.779185508017025,0.5033370083894364,0.3429101249422231,669.6701035317463,15.292130137400203
SUB00569,10,113.20300006837644,157.85817525299686,36.584817534354904,0.6811079262825914,1.2003686133079794,2.0,1.0517430276822979,3.109973776689995,0.3144760445186646,0.28817525349108264,321.150962451286,8.266194359114618
SUB00569,11,97.64294872271269,277.7273831446656,23.796626379625508,0.0,0.17521452911687746,1.0,1.0,3.466861468908017,0.385822166692373,0.3591462363699336,497.3509041145102,10.072450638048977
SUB00569,12,117.74104864279097,221.01028025258853,22.093389171084493,1.08132271903546,1.1002945618268207,1.0,1.0,3.589420027877855,0.5526745452818408,0.34724496033167485,329.5886032419309,21.068170090108072
SUB00570,1,38.74051472896928,290.13910645110974,31.920518368753996,11.425631103613469,8.011061140972883,2.0,1.3942528873109745,2.702502755038852,0.34556187126742555,0.31999991787613935,118.87263869505588,14.249000750691128
SUB00570,2,38.82342911133538,308.8720627054784,56.26834159084312,12.150063525716423,8.81071272665522,1.0,1.0,2.579772309134274,0.17144003955403103,0.28546539269856674,141.96477909450206,24.664676159562973
SUB00570,3,38.46799087262711,240.52532817793758,58.59559643979679,15.510764405208382,6.354964056293161,2.0,1.7586358345035862,2.0527482918926108,0.5233068326330715,0.548992700966263,93.63838274242244,14.738347268704459
SUB00570,4,39.316003014558554,327.21739202162297,57.8948501907321,15.426262678085932,7.281613370942653,1.0,1.0,2.260500805342285,0.16390003179154514,0.4687553208744133,175.79830693198883,8.416714931511601
SUB00570,5,28.47031758199756,203.85828040018842,55.9160980625127,13.123682145664361,7.46717086458555,1.0,1.0,2.7049527124213544,0.4254896667856073,0.48923154181068407,174.29071301660025,19.203735898394104
SUB00570,6,42.71844843561254,273.4837506301089,56.59726481755379,11.749767927499828,6.342636201308376,1.0,1.0,2.9279051235275273,0.48399534411268164,0.5284413036846127,146.9081139003191,9.186532390820009
SUB00570,7,32.53262107432151,349.46798956662883,32.5375502648161,13.926467639052406,5.270962858863175,1.0,1.0,2.4397241237956098,0.26845215072642065,0.5083995864600892,199.72978152551403,17.552457718559424
SUB00570,8,34.63900417225846,210.30015168842448,44.504422017939156,12.593391050533096,8.216855305938651,2.0,1.1929585769457285,2.522285978335401,0.4141822351490405,0.3077850925090604,125.10722740175478,14.814213940841663
SUB00570,9,41.63138920187154,397.204742744685,34.88779133803702,9.58975388522176,7.7643072009901655,2.0,1.3673738581974106,2.0063299047192085,0.29874582045448406,0.2758050357917114,230.2118194942654,9.535681843698498
SUB00570,10,42.52223551666022,349.30118542523286,51.513518812168115,13.62154783790545,5.554514185803917,1.0,1.0,2.9311754747072567,0.19381209156155604,0.4712330116158353,291.65406540411357,22.66640385159458
SUB00570,11,41.492491366340964,376.01828562555255,37.010313893964664,14.825540552894829,7.473875525416114,2.0,1.7813762028073814,2.524598648795476,0.24778230314092764,0.5034556686840612,289.79238656529344,11.637579392099717
SUB00570,12,27.050298469941872,381.490986463226,50.723899096810825,9.77916424551156,8.235115644458448,2.0,1.7483417286875,2.3866433898840698,0.35830830551777326,0.5679229534676589,193.85449923963486,16.592839332850886
SUB00571,1,5.2484313340591155,1534.2798639285797,58.980304507221824,0.6326501215069543,0.8840534087767229,1.0,1.0,1.6782461271229456,0.3511926913150899,0.29734306897353086,13.137365733994194,15.725397513790151
SUB00571,2,11.414210240629254,1749.7805833904358,78.96823009492105,2.285095772260065,0.2639683873832441,1.0,1.0,1.3304334535587565,0.38305231917826066,0.283310023271992,56.444842803938435,22.878925733109018
SUB00571,3,9.11322809692129,1646.4182865122823,53.67954494295574,0.12355373203673237,0.23133568368084817,1.0,1.0,1.470001040713472,0.18912716476820274,0.496386428988567,22.445535094888875,20.4601855824381
SUB00571,4,9.34141069726509,1346.3423983186503,44.71174657646851,1.8167271750936846,0.3176376956268801,1.0,1.0,1.5539092514546236,0.21305966566644802,0.4443044580869929,50.79848881730205,8.018223106854991
SUB00571,5,11.0798826903548,1268.5929549158761,46.63666967157967,2.452344574908114,0.13192073968859847,1.0,1.0,1.0831532299273863,0.5200663318445125,0.3593051115104253,26.85808403620992,27.18357620837607
SUB00571,6,4.446092844556143,1498.9425213856425,74.36287960757366,0.809350920881079,1.0373419600088494,1.0,1.0,1.1883391170432416,0.4524743564498839,0.446231305279276,32.81895967010503,27.011340010028825
SUB00571,7,12.778856134967779,1629.9794696641738,73.23061167037216,0.0,1.309074662295846,1.0,1.0,1.0158809884930542,0.42052757891648374,0.45977365046974333,26.14975508225194,13.843785179141733
SUB00571,8,5.078018035460632,1571.0911868901635,44.142637437415445,0.7504518868685673,0.7740978543921883,1.0,1.0,1.0531989639897443,0.25878661319814283,0.5729182510357749,29.37470283398081,22.26414501309992
SUB00571,9,7.681197870142063,1431.6538822870305,45.402125401354596,0.6221776517949908,0.5404448944062947,1.0,1.0,1.7022073266529396,0.29923591067375077,0.496404019645619,52.41628640781258,26.94272422184551
SUB00571,10,5.666837160489929,1259.276486584256,58.27339796338687,0.0,0.4057776043299846,1.0,1.0,1.6765292558674045,0.5012939791334271,0.5054403382405555,37.73988613648216,23.18250445108488
SUB00571,11,5.941764442743973,1526.6460242201817,73.03544131709315,0.5866444390124732,0.2528448022558672,1.0,1.0,1.9965598400972606,0.4577832982287595,0.5207298992925996,24.11325402905143,21.79325691800031
SUB00571,12,10.769812422279799,1228.8293916263406,51.79187611697705,0.6341054553142267,0.9453642075961887,1.0,1.0,1.929263125324698,0.19150983316621137,0.31664225779183486,80.37445062123109,22.91585021477792
SUB00572,1,78.40693044367164,597.92230742624,110.63038963208223,2.8198427320142607,2.225271421201491,4.0,3.197433960938866,3.848402335825166,0.4281635213188797,0.45480424760456395,614.7526773193214,21.534999376527683
SUB00572,2,75.30493678596137,674.0397398272893,108.44816245600929,3.0603455716502945,2.5027884119031008,5.0,3.0285875218563585,3.7982981362522454,0.4897682885157906,0.568473171078168,420.8237019456373,15.946338531838473
SUB00572,3,71.51467959091659,629.011873134497,113.52637981065511,2.693026109028412,2.7485065027237296,4.0,2.868356079826068,3.42750800217638,0.3512131153326339,0.25172156428822434,340.0260554880961,26.599158114685114
SUB00572,4,74.84673601052879,751.2127007471594,110.91758193669163,4.035115601111277,1.6283898267856125,3.0,2.8256372986322815,3.5422291496138536,0.5613802650538535,0.45973133771361785,373.15773404335846,12.8076227178734
SUB00572,5,62.96136314102932,779.5961575603543,89.23905581298877,3.723105436765975,2.3216224334003104,5.0,3.329288925777446,3.5007057373578765,0.3012257223612611,0.4417739406438917,384.13350826117437,11.495526541192223
SUB00572,6,76.28741313434963,622.1085146199591,109.21651144465713,2.5081651244168164,2.1018185490493937,3.0,3.0,3.9558135546017628,0.3175855665431109,0.5439960000313381,252.70063553354467,9.18279950622972
SUB00572,7,70.77305702839033,739.347124226891,97.32049827134944,3.6117956935477378,1.8497651091079168,3.0,3.0,3.072009137030218,0.35423286091336836,0.3160061760581807,534.0238444003722,12.96681377170126
SUB00572,8,47.2052744188501,627.1088901820345,76.33526477948445,4.5719230626566,2.4904815868522583,4.0,3.27052487364605,3.2002629642665146,0.22492291685959787,0.5495830395991792,300.928818229592,15.678000515658885
SUB00572,9,68.78246361896726,501.57650247569075,95.75293031006402,4.721577381383071,2.2404048832124186,4.0,3.4660481930234046,3.431881519286909,0.27587488540501715,0.5200343476820715,308.92895817073145,12.165682658585691
SUB00572,10,45.3654127783086,764.0872555177258,79.28744083028803,4.9834766565813,1.863243712082285,4.0,3.245465113677374,3.8691392536157996,0.5013619123335454,0.5204740542359613,275.3073449346851,8.96759282548276
SUB00572,11,46.293587356877104,488.693607123682,69.78694281453312,5.8416451409750945,1.6144877714111192,5.0,2.7415624169138515,3.905250433639354,0.5341649770079054,0.4989218797969792,179.50840452376798,24.767488736185637
SUB00572,12,50.76588354947735,468.7354261691957,76.76737260939075,5.044207087818807,2.4615747496823928,5.0,2.8095371095060107,3.104886416182833,0.39574026779052507,0.46065537585171124,147.6464970851225,18.058067949397618
SUB00573,1,6.7441752601651865,147.69961169206172,16.656323237552698,1.002956665893731,0.42194079541244245,1.0,0.5735815172078605,1.0,0.2219712361183902,0.3734538520413379,31.36936429585402,21.993820281629006
SUB00573,2,2.4483419680396286,158.11156169412212,15.748097535891311,1.2359474545047138,0.7873789512983793,1.0,0.6906285276019988,1.0,0.5101613777988298,0.5823182056324729,11.18305684619889,18.65860454441088
SUB00573,3,7.071776170186749,90.00132650417466,40.970057591253266,1.5518304514373276,0.35449552848870636,2.0,0.5165152601797188,1.0,0.2144140973869276,0.5799008483263983,31.593257644705094,14.920152049648527
SUB00573,4,6.319745549712967,144.97251645960282,29.653222444854062,1.5839814721673804,0.2658248008050891,2.0,0.6342312463092333,1.0,0.4543641055425168,0.5449678981968843,16.363827791538796,8.797291434827716
SUB00573,5,6.107600281697957,91.45381959217828,17.829433964651653,0.2294372791287848,0.6258047558625401,1.0,0.5720198700936497,1.0,0.4214754897947758,0.2700672657473454,48.63467296674514,11.808009464055191
SUB00573,6,10.43445768089397,141.72025057909622,25.713126504733296,0.0,0.29083082145693884,1.0,0.8360380241729817,1.0,0.36178358322234383,0.582889598754778,29.71652737035307,25.015249329384087
SUB00573,7,9.180982078871349,121.71612180104104,18.59862920340325,0.39522865052510525,0.49035455205542455,1.0,0.9549291159081317,1.0,0.16743464509208933,0.4284337837523868,42.99737050362994,27.761350754595398
SUB00573,8,11.065312922998764,180.67013432536817,40.877986125019774,1.7647121726204045,0.7320330418602063,2.0,0.8237444789437044,1.0,0.28327161660491396,0.3343425924566593,73.22125822838167,9.32905699769751
SUB00573,9,14.690996113354137,132.80104302963485,16.517767557972128,0.7954655789903932,0.4999351709832762,1.0,0.5673942565796447,1.0,0.4032645797527403,0.5047011158562554,34.94331934739801,13.593822862047368
SUB00573,10,15.221965140924013,164.07763602289967,31.514841312540707,1.1998738776567706,0.4443849245124042,1.0,0.987600687884838,1.0,0.17020641768910694,0.49629072914708794,68.8651599397529,21.434246288846445
SUB00573,11,8.650796765081907,142.23700973573338,27.611481528600315,0.43460329051054825,0.48633427976134835,1.0,0.5459773540684985,1.0,0.4878539058396565,0.5421578895652941,30.556316988794137,23.348005336456215
SUB00573,12,10.735617144484486,66.44310327036219,42.67677058440065,0.5509743377488027,0.36678224245709923,1.0,0.6188338818130867,1.0,0.22013231579947323,0.2837060235086837,57.1341951023338,17.741870798652606
SUB00574,1,127.6146472748652,470.1816876605807,35.92007570629881,5.575816666636457,2.9485356506754314,2.0,1.2825148662826313,4.915098697825468,0.5015783522268283,0.40974803715558306,284.05937905167065,19.004676145302398
SUB00574,2,119.6270506395432,398.1413135988542,52.27620593545036,5.809390841920128,3.307593288238064,1.0,1.0,4.232327252046318,0.3327030938337545,0.48633512461978823,953.0402518974739,11.415707121677933
SUB00574,3,134.21971356752204,457.0892510810982,47.51890035593229,5.846279874892727,3.924384010492986,2.0,1.4319369450328967,4.3578521472666045,0.41949934055923044,0.5373723477820779,691.8632656944694,10.623252199762973
SUB00574,4,121.89353246297884,266.34424694634396,54.06967627789781,4.051110514467686,2.413633447432452,1.0,1.0,4.807676298407896,0.5073414809220699,0.392114638036019,268.9123905169829,11.870931585114612
SUB00574,5,110.84408032309116,426.48927441794353,52.099404063671635,5.808221653378999,2.275203211912478,1.0,1.0,4.613456887955246,0.28344248141639883,0.5847106132887554,819.5957876126141,20.18163913918321
SUB00574,6,126.00272673850361,413.0501565298838,36.0572749342189,4.592397466011833,3.6557371460981347,2.0,1.5124855415398974,4.2632950047502165,0.47839348280760885,0.46428373019738645,605.0384991057003,10.513774803589467
SUB00574,7,118.43161906814649,519.9866670734503,48.6644783349096,4.684015661641205,2.481306048954111,1.0,1.0,4.570416683317745,0.40637697369856585,0.5302602515303059,476.9915175902556,24.226243826215153
SUB00574,8,130.3634366853895,457.59548422477013,44.434769620255054,5.939741939126981,2.4944038974405656,1.0,1.0,4.590773314526693,0.3427480279468047,0.5993235064586389,374.80027625949896,24.006779889715435
SUB00574,9,124.71435324301852,389.88360516446875,43.11843009760575,4.874758885517561,3.1228530759906166,1.0,1.0,4.486454278369796,0.4645779838209251,0.2690678391583705,537.8767623105794,20.716480354567413
SUB00574,10,105.56708972942096,573.8560582868607,50.93607962177433,5.53298988057875,3.2022743095438626,2.0,1.1378771964006225,4.299000739095609,0.474660607116822,0.2622355390811083,455.5122810062166,19.764995167783546
SUB00574,11,118.49143233442004,528.0719293803022,51.01375421360001,6.4259430639513795,3.166523759780138,1.0,1.0,4.498618961711358,0.5589935398524293,0.2889219168912206,833.1572511528053,15.997145919583403
SUB00574,12,119.73353102583386,432.0324855964972,48.17145215184168,5.694789110134412,3.3233132890951755,1.0,1.0,4.768060448740961,0.44079778833194627,0.5245186919490319,510.40995522037,26.01508735993559
SUB00575,1,0.3316393482657638,74.1951834220212,12.303982851164667,0.10831484181655494,0.1861137032659767,1.0,1.0,1.0,0.2693343709909144,0.4298894760779558,1.9557442488954837,22.65469083643734
SUB00575,2,1.2648915248707966,56.15038368726505,18.285309069022233,0.16353558770616866,0.3671575715420395,1.0,1.0,1.0,0.4698880439591676,0.480490766957609,2.56330556588238,18.703446244425088
SUB00575,3,1.3090219136294117,64.10013076200661,11.750224221757556,0.0,0.47598596931339776,1.0,1.0,1.0,0.42398863883269267,0.30831960468447517,4.3415545422558965,15.672726877534611
SUB00575,4,0.4835886074370901,56.721704756918996,7.808063797252038,0.23362857654618382,0.10383501923239535,1.0,1.0,1.0,0.43397266637515297,0.33023037904006364,1.4446866848871747,26.705473268277405
SUB00575,5,0.0,32.12588816325113,23.432469419938734,0.0,0.19172362399242304,1.0,1.0,1.0,0.2768966061892023,0.3060143410178304,1.0,18.622814615949416
SUB00575,6,0.0,34.25343044526966,21.759678076959087,0.3663261567226096,0.10484046549976922,1.0,1.0,1.0,0.191559570156618,0.4506719819200932,1.0,20.43021679598938
SUB00575,7,0.0,98.96217827172063,5.947716681114876,0.27807535595431543,0.2564595910580464,1.0,1.0,1.0,0.29910129038611305,0.41061311399096245,1.0,23.759262970989482
SUB00575,8,0.0,42.133979318506384,15.741294912208412,0.31210086607318577,0.17669570046631666,1.0,1.0,1.0,0.38038658713231005,0.5785047922757582,1.0,8.605547952812469
SUB00575,9,0.0,50.4946623137953,7.122830494032007,0.013312945233265483,0.2900410422850156,1.0,1.0,1.0,0.2319056286092911,0.546508194212568,1.0,25.3615379754043
SUB00575,10,0.0,24.41298516967024,6.923476130787489,0.16100777068972627,0.4105158761069249,1.0,1.0,1.0,0.44789835169777426,0.2696160726444346,1.0,26.864816429219744
SUB00575,11,0.0,12.59536751965953,19.350844917912223,0.583988814726102,0.2036040899122072,1.0,1.0,1.0,0.4324060743658046,0.5653375430643538,1.0,13.99264927678816
SUB00575,12,0.0,0.0,23.931535037601872,0.3663686820592632,0.23276052180075946,1.0,1.0,1.0,0.4044778365772117,0.30503352296283687,1.0,26.34882431679909
SUB00576,1,101.41543204649652,216.74332229825018,29.201247135492856,0.5083355634257898,0.7556588418532886,2.0,1.3210524964084662,3.3631181634098026,0.3757118044095098,0.4683385346490392,392.8337062184533,24.17618642585505
SUB00576,2,109.9556143382292,184.23247691823434,38.87510708190186,1.570613468532848,0.722520310505129,2.0,1.4284932164771347,3.163665211629141,0.5711652577034615,0.4009277143501347,848.3519781009268,23.92763620905443
SUB00576,3,97.27132566032591,148.65100018941072,30.014506734165185,0.0,0.05249687716730811,2.0,1.4046331215787387,3.2491693538793065,0.5662874893778561,0.5838100997730257,462.21793705243067,19.17654336631098
SUB00576,4,120.19038987340461,286.0320938679842,19.028513995887536,0.9811051442164828,0.30437213780348116,1.0,1.0,3.1392852516052487,0.5663489926442403,0.5901051680789968,339.98791905161346,15.107712258164277
SUB00576,5,102.40129549451395,305.10223589831514,23.89291191687895,0.912126518522983,1.0407603791765219,1.0,1.0,3.3111081562187787,0.5489532976620991,0.4843478700360571,793.0685547186782,13.00658313090991
SUB00576,6,104.5627997713804,176.25565400566234,35.70179317142052,0.0,0.020168639283154377,1.0,1.0,3.533114257008891,0.46427076050396976,0.29692734022301015,263.84281263964016,20.340719282925512
SUB00576,7,103.55871159543376,321.37011413821784,22.998256420967625,0.10908937296413856,0.7699277962535962,2.0,1.537888010006769,3.9673854227565375,0.2671626937154503,0.5620499745370309,433.5093208120862,19.099548126810472
SUB00576,8,95.6344797441387,208.65160210788778,24.478154437927977,0.0,0.7558958392360069,2.0,1.6032971639555844,3.0708806202320034,0.4945028951477719,0.3181183730624072,541.3153459250507,10.683443916784572
SUB00576,9,101.848184861687,151.55131533714322,23.821575547691303,0.0,0.47210310562972435,2.0,1.8909646368118787,3.654980415375822,0.48758807244354685,0.5420733532314801,802.6381689744486,17.79199316424871
SUB00576,10,114.76317196878585,204.85808662197593,25.603105063844087,0.0,0.9602185940413268,1.0,1.0,3.680957163680456,0.48633756145961426,0.4049835711372595,340.7044397189608,16.68942659309172
SUB00576,11,111.34487728072875,183.78654033623363,27.29421490593704,0.0,0.2924720280218149,2.0,1.2252335727231163,3.934042062882247,0.538904203288651,0.490183531727512,874.2962209266375,16.870241276239017
SUB00576,12,105.77527720583646,277.3836053917272,35.27078368965826,0.24596805830113433,0.7947411277878635,2.0,1.0269625151927804,3.7673760817041937,0.48504331011476953,0.49379052700033566,766.087113247508,16.99569844516892
SUB00577,1,37.74609898324226,296.47508573943037,30.411232084057914,12.870811360805476,6.899665142385404,2.0,1.1760969231286853,2.632676960225603,0.4643471792443836,0.4416048117628663,290.5128315320206,18.078209435870196
SUB00577,2,49.76341820673336,370.1958896584025,35.90510729565765,14.884439044786514,5.743115800440444,2.0,1.763107505245873,2.1052150364507844,0.25995391276672036,0.3076087635573398,181.679027649494,18.176523097145243
SUB00577,3,33.77622200990591,247.8190439515186,43.46815203756386,12.71626916527175,7.303783186773353,1.0,1.0,2.523733689326128,0.3251448822367316,0.30298299004617346,138.6425741291423,15.469756230626768
SUB00577,4,44.058704313323354,252.25370839268214,35.064742859046284,11.451954517093288,7.04506933985728,2.0,1.425774775435091,2.3335642095404063,0.15486241542085777,0.33176845333304483,326.49330352577243,11.220870359920593
SUB00577,5,30.788616332075183,286.23055915654646,38.18342488477329,15.660710319182167,6.018173389678221,2.0,1.9709920253944186,2.3938711891616715,0.4587908639907624,0.4262958526285593,143.52837863425202,27.86546431181447
SUB00577,6,32.873756261942724,369.3255728717011,56.77086570150849,15.248829314691905,5.227996755214534,1.0,1.0,2.474106797151327,0.22554090320596645,0.3467248771599587,208.16812860286382,16.646299585379964
SUB00577,7,45.41189055859597,213.61572907320888,33.16417346959283,16.035385009997746,5.069549731574882,1.0,1.0,2.310325947632688,0.4389137007836834,0.43140411912423576,110.87921525646034,22.726323687763372
SUB00577,8,35.13768678469318,365.1740035643985,55.80857452938994,12.939267180320073,7.523049155618492,2.0,1.2183303770460383,2.5821612204398514,0.20761824220613664,0.25206015920419844,113.71353664751061,17.345554949607607
SUB00577,9,35.72091755182863,438.56438534969084,30.683984764380654,12.57408903499676,7.269714120716431,2.0,1.402963842306318,2.2022084706912737,0.4676553626037886,0.5907329750926262,148.805758098121,15.986574437378778
SUB00577,10,28.594077254426534,280.9617361248862,38.71620193337082,16.32031196706347,6.0917621857824695,1.0,1.0,2.5206303072794185,0.5440203077803781,0.44091704798517894,125.54490169289014,13.510486562435837
SUB00577,11,30.085099017235272,273.71973535986245,40.73141107633827,16.88015941007426,7.537758544874017,1.0,1.0,2.1991021088655467,0.2257301362134095,0.48409536874135395,197.96965710993675,13.853744542596868
SUB00577,12,45.19257791508859,263.8129759232321,36.005417652063514,16.510058666881847,6.231254646334563,2.0,1.546766181718768,2.7416744784688247,0.24595090408910608,0.41165515761509697,209.08130848647545,10.29288555457223
SUB00578,1,10.435020974646875,1712.4613537024684,71.34814891945635,2.8053582912867476,0.7816588945166045,1.0,1.0,1.5334927802220555,0.2833970465022167,0.33514683930101696,68.94321422950539,26.779428550487943
SUB00578,2,2.80227565448247,1604.4948613246495,41.99563430580724,0.0,0.40891596517849216,1.0,1.0,1.407750351330944,0.341582854908695,0.42792988080740335,21.96019948545303,8.750045904935448
SUB00578,3,8.67458147749161,1475.8394170422812,55.10737893017475,0.3065096477954286,0.827818660906406,1.0,1.0,1.0902151482195492,0.5442143821524034,0.294105533960188,24.404628305266314,13.402931189234192
SUB00578,4,5.94608933494977,1238.5550169336175,77.00323838712049,2.6042828198875863,0.9440312849669706,1.0,1.0,1.6975926587635688,0.37533685150057927,0.3549795717513794,39.47954991887931,26.043044270396685
SUB00578,5,3.3138538200669285,1364.40163294762,51.77186715763408,0.8182375311587928,0.4396515143649986,1.0,1.0,1.0678511509010469,0.2671310714976588,0.37016657048016355,18.46192779153631,9.857064206796224
SUB00578,6,2.2738547803363174,1358.0898430905486,53.79004026191834,2.6369373137086387,0.6341891570145666,1.0,1.0,1.4222832154858733,0.3178555826985727,0.5842811939507355,6.04359189144295,15.140299650816974
SUB00578,7,8.164948659629454,1356.1831626284695,43.98777064253271,2.090417472704677,0.588037233824857,1.0,1.0,1.068388994269686,0.33390272114112984,0.48354820710833524,57.82328611319617,22.17715248756833
SUB00578,8,3.9477272249588475,1298.1803449277215,43.589801713443045,1.951490992979968,0.7706276713412951,1.0,1.0,1.6660480708052772,0.44658869225879005,0.5306058750564447,14.8236215698574,15.260774564718131
SUB00578,9,9.811066177537837,1324.9973181022817,56.44975305779319,1.0190800562621272,0.5468719068676999,1.0,1.0,1.649784191641527,0.3692190737218741,0.34775184158501865,77.06850617965272,22.665784832981146
SUB00578,10,1.2908311393330343,1579.5361094621444,63.05884868256216,0.013622911954704886,0.2611273930952785,1.0,1.0,1.8220981406625625,0.5214111717573262,0.36489551264329195,4.2240075840718525,22.27089100170354
SUB00578,11,8.75799285075688,1241.8064940255438,65.82158034835119,0.0,0.6768672052463598,1.0,1.0,1.4273724302875488,0.4207072527235447,0.5969662793238962,23.526464897501338,24.600521213937213
SUB00578,12,4.266518820205767,1602.0239012034594,46.68365177367686,0.30362830248491846,1.4744233623079435,1.0,1.0,1.0642005595995023,0.45918186500607316,0.2783737760455787,19.58253084361444,15.378577596628396
SUB00579,1,57.7510515180701,641.4228565641002,74.61310283894368,3.9105892573749315,1.9579932480100108,3.0,3.0,3.802395647497299,0.47179685084607426,0.5681031616357552,250.88740913025333,19.888490139912122
SUB00579,2,67.57613637743768,749.8246225341793,90.80683193281207,3.559104780100011,3.2269136636220166,5.0,2.649246562878042,3.311481077090714,0.6490234660197063,0.37773038285828875,389.26460284772554,24.800130221497493
SUB00579,3,68.30480223810497,699.5281585278119,95.02614579024112,3.936298733107595,1.6284660695977147,3.0,3.0,3.5617469486676248,0.45753582586413,0.5175416726205408,151.25453476379877,22.7750700202649
SUB00579,4,80.24203751449339,776.7981154010206,112.52622349302186,4.167265907458027,1.606368115269475,5.0,3.2766540259977495,3.54285266108005,0.2896549271228088,0.3141091855889368,234.4596577906074,12.308927040876625
SUB00579,5,82.23869424456514,794.8890025067649,88.24590332111276,3.3924137631211946,1.5461486654255607,4.0,3.2947490155620907,3.4448134997545337,0.2507537638749785,0.2803622693595835,248.23996911458985,8.406046561489363
SUB00579,6,62.61185022383078,698.8556581501072,65.77507022066011,2.773412381891911,1.8608014750335105,3.0,3.0,3.703066747159447,0.46080696558355194,0.3376320543965189,369.0486715746319,18.785284394692177
SUB00579,7,52.67445047699618,735.7250759396737,84.30677843014278,3.9806150841518657,2.743794331161851,4.0,3.008395823569856,3.4385688973148976,0.4979403997705245,0.563256796956778,126.4907317953691,15.930338041623937
SUB00579,8,70.78464225324767,773.493389663185,64.16684966124951,3.1133687634434923,2.6599133412832368,4.0,3.2933432620181353,3.822499906008578,0.5620782466288665,0.4711456382632765,311.8466461354643,23.61837243396154
SUB00579,9,62.06333774302888,531.555858246589,96.9102788413674,2.041195509398513,3.375973971437329,3.0,2.590220936084366,3.80763850728885,0.43259675651661,0.449359636818593,347.00802126088917,25.710983195411522
SUB00579,10,84.36815747269858,484.01650569478153,90.93462494602394,2.254001172220421,2.919254371759106,4.0,3.2769902207685098,3.202922970031834,0.5093900842316214,0.4312402680151753,598.9603689383354,23.680166925127047
SUB00579,11,57.04151155915651,697.6346737877828,68.40325461641099,3.128340529138646,3.4474458277006814,4.0,2.9549736578175896,3.4127579506900645,0.5188653667288307,0.4708021689523143,169.13015744847726,10.704910811448142
SUB00579,12,84.7796586222229,541.8809012064423,111.94586192651416,4.13540184928865,3.3267061300156753,5.0,3.47461474667485,3.564033963332136,0.3976059902551825,0.26834058719386344,215.3199251516061,12.157388798917431
SUB00580,1,11.17131754193431,156.23114298569524,28.26201396721254,0.6735217076916628,0.5612781602726203,2.0,0.9234324950098975,1.0,0.3299329817756118,0.5660762863757414,44.1627270647879,25.717271063195476
SUB00580,2,10.64965129830879,63.498863211528985,41.9086517079678,1.374748779259805,0.5114882466582478,2.0,0.9687613987182679,1.0,0.23002481768646965,0.412504781955211,21.360327553131466,25.031273250964556
SUB00580,3,7.079097264462033,99.70063018633726,22.266918261141818,1.7939456311292854,0.868436103640792,2.0,0.789362718051344,1.0,0.28766275646154804,0.4864878662439004,56.25238106999248,11.67816484508066
SUB00580,4,6.886917327397635,54.29391226526903,18.271290621014437,0.398168482366374,0.8915237373761433,1.0,0.600287875674711,1.0,0.5250787932136463,0.40460543922837255,36.05341363032682,15.013228846642379
SUB00580,5,10.739726802314639,132.64530253312378,36.491381704540515,0.19088290235244196,0.259848467573187,1.0,0.9350886262533742,1.0,0.36867578530259326,0.39295429511274294,69.43727840703957,17.5780146194479
SUB00580,6,6.344230825672033,47.863392796237065,19.710644976165934,0.8169615660194308,0.9872805980445959,1.0,0.5873639768162634,1.0,0.24812703838308678,0.4886145503142248,44.71363666443346,17.590158561025916
SUB00580,7,9.169240066815293,146.59028270563502,37.98440615002434,0.5101008055821311,0.4927893170826695,2.0,0.5770447925421665,1.0,0.2711911349872192,0.5578232393547529,39.65416508956004,11.07435592979694
SUB00580,8,4.806989726693919,58.48347006162308,16.27057998813611,0.5164032341499951,0.7891224495995646,1.0,0.6129354023926504,1.0,0.5297424362658969,0.2570681266244244,21.236375627140117,15.949710422011373
SUB00580,9,4.942070839815562,145.90208796606652,26.145825351406558,1.3079620008848056,0.6986209078602198,1.0,0.8042492638143459,1.0,0.4812250662293197,0.35564622563292836,13.262727492590562,26.8101375920607
SUB00580,10,2.8226576005388297,49.69777602192876,38.44839236068262,0.2243361371409627,0.04816355475556677,1.0,0.9107079328579353,1.0,0.23726413077545963,0.3927962182295712,16.537689355518484,24.076926929756763
SUB00580,11,4.464458050574107,112.35728901442069,35.018747850456634,0.8662199936736458,0.5334882176799453,1.0,0.7922914448082952,1.0,0.5375345319474409,0.30075754100386143,29.367823940605913,17.01530731229101
SUB00580,12,7.257986080213389,136.5421557359057,36.62255540544115,1.6510065232764608,0.5213776558632709,2.0,0.8958787442334681,1.0,0.48491098505738706,0.5763337879750491,43.89647286998961,10.2974950550955
SUB00581,1,116.31002678608704,397.387085610959,46.211370880461885,4.05275493159715,3.1660939084967414,2.0,1.791058787316686,4.425062686444037,0.40618891156252324,0.26776807287769677,606.5273118542085,10.981928886489717
SUB00581,2,131.89021762290193,335.79203858380134,44.24407333197305,3.1268013916709076,3.907119880608666,1.0,1.0,4.674548364445744,0.3549805827629525,0.36512121628139815,420.91995300029777,9.024422482577327
SUB00581,3,121.9369196672365,386.0820069432323,33.347440511687736,6.717366781308587,3.8215315424370235,1.0,1.0,4.865578727045841,0.6119574424120355,0.5850026711682452,483.01431354877616,15.885003175586224
SUB00581,4,138.0728262715936,401.3822330434475,41.783434548991835,6.354875838697584,2.191904626233374,1.0,1.0,4.730826542781144,0.6319484134614666,0.2989064138082257,455.4349047462037,8.192295057942353
SUB00581,5,116.40948592213118,372.9471388694134,50.45858263046071,5.236478548994771,2.747337100570775,2.0,1.9948106176719427,4.564052157081179,0.5235651396976432,0.5144030248218865,348.1129756235965,25.84001566314377
SUB00581,6,142.19741729403634,398.00170313356585,44.62314418861881,6.9304158326687695,2.5585902212676155,1.0,1.0,4.327507883461988,0.5581718747362089,0.4006347489140103,860.3207317221763,22.368074489062774
SUB00581,7,115.40330523181295,542.4892224212415,46.8650112385077,4.311030960279642,2.034211853026238,1.0,1.0,4.120230352274128,0.4708521446561901,0.46520107306532976,444.0673236920119,10.628197251355546
SUB00581,8,131.33535390705265,407.91899001257514,34.35052769804388,3.780795580000196,3.525516194558353,2.0,1.7289137977953346,4.914300548541444,0.2706313713516847,0.4108739379376771,513.1434618792001,14.000231531987442
SUB00581,9,124.1766330825317,481.0532830039234,36.00537318397843,6.544667808552507,2.252692534097335,1.0,1.0,4.390634683172256,0.3963204484759226,0.5370845728498206,826.401041584707,8.506270403986761
SUB00581,10,139.59320361142588,311.62500822824603,49.54617022156396,6.816763302771825,2.6706121710562334,2.0,1.5184686848919038,4.398561139573078,0.31803024966403737,0.27652225205461994,938.6422032441582,13.054882004450572
SUB00581,11,140.35268786483766,349.25091725085855,37.22667613229287,2.9950649053075953,2.45201694181409,2.0,1.5483764864569953,4.381326690206359,0.32377626380382973,0.34480035558020605,839.1091892261027,21.009779230037864
SUB00581,12,136.21075035151205,352.9375259409582,53.70083118359808,5.094361621630725,2.3918830289758963,1.0,1.0,4.287084011841611,0.3597500917454295,0.5930322558283612,747.5669335187778,21.929643979286766
SUB00582,1,1.9406866761673291,76.082216861575,17.486327664771363,0.26834343344871414,0.15932812605807345,1.0,1.0,1.0,0.4826208141382098,0.5873919788264492,6.062537006197317,23.90540459364052
SUB00582,2,2.7879182526953494,30.889262598669806,5.582836437450929,0.0,0.47153305577706606,1.0,1.0,1.0,0.2560952890716724,0.48832467453129197,21.763407704792197,14.218700788800584
SUB00582,3,0.5086534765995365,75.01617477810669,22.06051659248612,0.307534752390602,0.45795469255392734,1.0,1.0,1.0,0.3136457256508354,0.4594645427664961,1.4531921646825177,9.914723760451643
SUB00582,4,2.9942863782211364,41.64037655917759,12.597523051459783,0.050011293883846175,0.3995147847990732,1.0,1.0,1.0,0.2729274699728842,0.29482713314132747,23.005895927517766,27.42031904262204
SUB00582,5,3.25287848879163,37.33786680348733,6.655438043916007,0.0,0.06991413887824044,1.0,1.0,1.0,0.5092820280044222,0.5615790681924108,9.577354678595768,23.886804357333112
SUB00582,6,2.5768013121927007,25.77807715188678,11.060043399330869,0.03477986245673037,0.01141597759053048,1.0,1.0,1.0,0.4351481603003581,0.5121427047303506,12.76791675952955,25.22525087737288
SUB00582,7,5.0433717702711744,80.52115081494912,8.645903618217204,0.0,0.44873762911145626,1.0,1.0,1.0,0.3561024612789194,0.360516529116338,12.157775044792164,26.236021050203497
SUB00582,8,5.741304949551276,26.587895046110166,14.177652853258744,0.0,0.06210430632313946,1.0,1.0,1.0,0.3114784073993595,0.2629375051306124,21.91705659964291,25.204031353732475
SUB00582,9,6.217876794064977,46.359865842297715,18.160326736476954,0.0,0.341010748825235,1.0,1.0,1.0,0.23030779649055982,0.39263060811114414,27.4706794200525,25.00102718756563
SUB00582,10,5.471285416222038,72.57496077230086,9.344182206758031,0.11213849545193594,0.09704415978019709,1.0,1.0,1.0,0.35361525724942694,0.4603292533326613,19.635514138529995,11.15525072689823
SUB00582,11,5.243480416870644,32.30689287546456,24.1027969724237,0.0,0.23137334710459384,1.0,1.0,1.0,0.4265481442285546,0.319419235934856,35.95639840636632,9.99808269351883
SUB00582,12,7.082810648294388,72.52571141885561,13.053488869585994,0.0,0.12573020644914384,1.0,1.0,1.0,0.3414265480191778,0.3861758726780854,51.08412314009399,8.448328715265658
SUB00583,1,109.13861528805482,251.97629908857306,25.184107838418715,2.038111420137131,0.4243598831921664,2.0,1.6460421780876824,3.989583315867331,0.3364800664682649,0.5573741436832679,603.928299508998,24.841973674675476
SUB00583,2,121.81270831646222,199.99266886634192,16.14377179787452,0.5293125132903802,0.6970107882920444,2.0,1.6608131521476497,3.897122927898634,0.5526978410115628,0.3637650639622633,315.44439314843095,16.45514768456779
SUB00583,3,95.78309318541214,234.4366729939723,16.275780918819326,0.0,1.0622300592398886,1.0,1.0,3.475798835987031,0.5786851192524491,0.4733597573258818,496.68744139524546,21.78212313530382
SUB00583,4,111.59473721830341,298.2601375940689,40.906436713142725,0.49559791162492417,1.0601200453786137,1.0,1.0,3.8065329470678013,0.4672215313951035,0.593362763206562,829.6912392486707,19.149856823470255
SUB00583,5,119.71236226606177,225.41161179891915,41.75800285750279,0.0,0.017925007212500788,2.0,1.5710204120365083,3.6576981898373164,0.2912125262952676,0.47883507336470305,583.8181015177446,12.4559335237381
SUB00583,6,115.1162444786237,227.81479689431413,44.9944657160366,1.4733356083784943,0.008379852268497245,1.0,1.0,3.8946005787848037,0.5880032658872093,0.5453105789821706,304.0137833706738,22.201765104269647
SUB00583,7,115.59296419665422,176.3424596531937,23.339604323157086,0.0,1.2673369448281435,1.0,1.0,3.854888747829184,0.47417872788474624,0.41022595809505513,616.7611806781799,13.98807887062365
SUB00583,8,110.52087853133013,288.5827417238701,33.80681533688022,0.4800442404037719,1.4485794814547062,1.0,1.0,3.7497474932836554,0.5589088823928596,0.2511153746052109,565.3271333499788,24.43666262566867
SUB00583,9,96.74543819366792,252.8656860720424,28.47411048093096,0.0,1.229574270675553,2.0,1.9106763730456588,3.4931785488554055,0.33618030297262474,0.26394485452305344,605.1686304278169,17.966824788149907
SUB00583,10,121.16788677920304,302.39500714586137,43.41685572090916,0.474073276910842,1.183040054958388,2.0,1.924226679372024,3.773320871005311,0.4334229360861913,0.5761672948369659,625.161758989529,13.220342280290783
SUB00583,11,95.2707952503488,245.45634844128978,34.184894241225194,0.43494813940753163,0.6135479361004232,1.0,1.0,3.1819629286445066,0.45345023660117234,0.3495607179629868,317.4160241864923,24.37042697449256
SUB00583,12,123.366612966523,230.1436264604567,31.4515919114154,0.0,0.668877114044389,1.0,1.0,3.176705650070777,0.2744704789053768,0.5151030593065562,695.6548438976043,14.111768724846787
SUB00584,1,30.002697439291165,392.7767878391632,33.71522213178644,10.996378933713412,5.541600526041615,2.0,1.699231936959743,2.9323764589171253,0.21295321779384047,0.5243979358260771,171.45632957671515,22.970281064725782
SUB00584,2,35.771616304703024,323.3083343234054,60.24106549866783,16.157958087230487,7.926600009155575,2.0,1.8786383535536262,2.7551660505066353,0.37314455512872,0.572854686189407,129.1970444135735,17.928491398059734
SUB00584,3,35.161881293333614,364.02908072223374,33.16143501340657,10.554351124658812,6.325348348162695,2.0,1.274707715100873,2.416223544550631,0.3704881291387965,0.5763545613985879,184.3354117032978,19.533033054186895
SUB00584,4,39.95163753984673,234.4794934630543,33.553161866106215,12.656876581569922,6.921177740773327,2.0,1.5401235453400677,2.519466592629812,0.3503730857949102,0.27552040072346734,178.04838734473697,8.323744227809284
SUB00584,5,31.03054720458855,272.6327054863189,48.18884027586681,11.155031652081652,5.2502402262953645,2.0,1.3170200325214538,2.4568389689541177,0.24766634744831748,0.4381065295252141,118.14787748617714,24.310679702625034
SUB00584,6,33.08620897093596,234.0951302105913,60.257551010708426,14.07337466251265,5.263778286774486,2.0,1.7217376690875745,2.082275691981274,0.2190546193053656,0.419799531288521,146.18121640431835,25.4834669637205
SUB00584,7,40.96690718151225,245.07728159506618,53.15897418128908,14.716119771178699,7.0468832984659056,1.0,1.0,2.6522838234794035,0.4180266994140771,0.301813067079167,214.31384870647068,24.918276444198327
SUB00584,8,42.557399906032984,361.09538387706164,51.935768936574604,13.845429002789118,6.154895607552456,1.0,1.0,2.50636471842445,0.35208340947873074,0.5945789381200179,153.03615489353504,14.199818413548341
SUB00584,9,40.355945692553746,204.2690018107872,36.84345574195881,12.96481312574533,7.536042143823041,1.0,1.0,2.7812600469019424,0.24825645866047222,0.4509617993243773,113.29685987867174,9.953659341621805
SUB00584,10,39.71095976607049,219.18510542824916,54.54921269783791,14.577347519478455,7.849485685934324,2.0,1.2237375852934724,2.855862810985145,0.3527729509686931,0.37137788477935696,213.28124893133545,23.518285365465502
SUB00584,11,32.416111310466476,224.35758724546804,64.76759232326647,13.692454048906406,7.2644318714786245,2.0,1.047507989586096,2.6130213865990113,0.28043867051223326,0.4991897937417117,199.36857547956492,27.07711235055308
SUB00584,12,32.97830788185742,291.9071670646426,30.378401161556166,13.48552805872799,5.6530268350050115,1.0,1.0,2.695875643876898,0.23643188449719638,0.4656453564344138,170.60863605466923,18.371908377566513
SUB00585,1,2.7442644323240604,1616.7670347314302,46.43885337484042,0.033305969568477034,1.4361200282755435,1.0,1.0,1.6619421247089305,0.5216265979513091,0.2913242320830627,8.970943285976036,11.814513196132019
SUB00585,2,7.651480858599453,1282.5297768691948,50.97181262685636,2.860610812439815,1.2708643557943278,1.0,1.0,1.597842842876764,0.40985743676105324,0.39376172593074654,17.17233593292403,19.924552961415586
SUB00585,3,5.507932163317372,1252.6527794072233,47.06183298482132,0.1846019922301177,0.45740491506369396,1.0,1.0,1.348711692480237,0.27450056418715985,0.512820235870521,16.80924949033262,16.77626890664191
SUB00585,4,3.0301168617888754,1322.2748934167573,79.50440421534022,2.521008668244572,0.5917850093979061,1.0,1.0,1.319532567051691,0.5138822726772757,0.28845721492357923,9.632555754088218,17.621001605295092
SUB00585,5,12.146767531165088,1663.889506136693,70.15500190577879,2.1980788559877267,0.4341777066965447,1.0,1.0,1.9866766549794446,0.4850934841734026,0.46352547613708284,53.12152783966432,22.78522572670054
SUB00585,6,2.734556753659702,1408.6100326079152,71.26260536240764,0.2431902423743276,0.5217952649959321,1.0,1.0,1.6473362318305427,0.3184626600154822,0.5806490958531497,10.660617031394723,8.012184182285917
SUB00585,7,6.192717226542762,1322.9469753586404,77.02043323137814,0.6071893835981392,0.9019998979030813,1.0,1.0,1.8562306863446278,0.19896658180739615,0.29204631512716267,41.05584061188576,16.408740965151562
SUB00585,8,6.668844208758283,1652.7944874918824,69.31544389178782,3.302751720518897,0.8950967851215472,1.0,1.0,1.4229308663296882,0.30784908594094207,0.49029607993013813,45.67403443417571,9.758076302201303
SUB00585,9,7.612880859761075,1615.2516077072305,52.79676046013272,0.6038564187970312,0.879680623790831,1.0,1.0,1.8872119276987895,0.19035989897777497,0.43498227763013614,21.1156865783745,10.494215205004913
SUB00585,10,9.299235668521764,1364.7709504035442,69.275898071512,2.912885665161119,1.373635134303397,1.0,1.0,1.622226716480373,0.1631056130388618,0.42412220003080936,23.240300933262176,8.302701335779823
SUB00585,11,12.253980056385076,1334.5778022807513,40.3422334415653,3.648701944601455,1.0424841906493414,1.0,1.0,1.219897055972859,0.5170545068092703,0.4910589398725834,29.69996324214087,12.408275199600606
SUB00585,12,4.381225265634107,1254.2907066540317,66.39987006402414,2.3273912555800784,1.0494322346008333,1.0,1.0,1.5805108993034285,0.2073033803056774,0.29977465440066997,11.020919276827781,11.94302153581702
SUB00586,1,69.30169212555701,534.7445987775122,96.06806598669655,2.7237441579580324,3.481958037846427,5.0,2.7052270117506563,3.7600150772157757,0.48886957984528634,0.2891865059487635,468.9711629736191,24.852840528751987
SUB00586,2,64.36591048288228,693.726664323313,115.46599041818598,3.118379058322116,2.4667600041382522,3.0,2.9870567939057504,3.712378469257762,0.4820049261969406,0.5793455150373722,183.6773817699095,15.951747053066025
SUB00586,3,48.050548954575454,706.352840768827,103.18457829314991,3.4958495935480185,2.273418649686606,3.0,2.7245528623855195,3.1602079648719545,0.3240738706350621,0.27389577593398207,220.71456674010537,23.253827912460906
SUB00586,4,57.40634390084462,567.7867349871866,118.11640887885446,2.3952168601300285,2.7593784678674877,5.0,3.320093844687652,3.3063893263338815,0.30719374530615995,0.41380005139879505,428.86611229670524,17.030031796186936
SUB00586,5,60.968095485446696,809.1356633382644,118.78520062002215,3.4006905400928984,2.4251461837043156,3.0,2.8502316087365234,3.830655399610687,0.5886158679255783,0.5641442838387554,202.73782629580688,22.49027380511577
SUB00586,6,61.08397936670449,635.0156426164008,101.13853621297292,4.263071793361539,2.2310885338411124,4.0,3.196317080773614,3.145407337604891,0.32801831534793063,0.5019438930161148,179.35677404752317,19.555606081641223
SUB00586,7,49.79431410658455,569.4537201464569,84.61933487885183,3.0703961332534364,2.5937850525152104,5.0,3.374206842771454,3.818692460851996,0.41425672223941623,0.5865155892296017,309.73756135012354,27.689574127924303
SUB00586,8,68.20753005069457,588.408236292973,108.86698837940263,2.270908438416342,2.722418062736066,4.0,3.248623632634092,3.0843902913440027,0.29621164330497585,0.30038662371506164,532.8354747512344,8.387051867112948
SUB00586,9,47.161451431669555,747.1704524992967,116.3804993537637,1.6620961870334077,1.6033247068422445,3.0,2.9325928697404704,3.618455773005289,0.26171760303761016,0.31492823413912735,235.79674704582231,9.21741592306638
SUB00586,10,70.97100788088756,550.1800131726757,64.03234392138509,1.9126549287849413,2.480549491985614,5.0,2.630984832859181,3.6497921961122883,0.620401898914942,0.4750981054734845,346.7279654211424,11.669495911340523
SUB00586,11,58.346200069529864,699.0145785852962,89.64520704842528,3.816031508012879,1.7444279085374437,4.0,3.246637874646904,3.603302052760529,0.5648891340585952,0.5261517382933417,418.24957719285334,9.577273169892015
SUB00586,12,42.93398471092312,501.58375371878697,87.48361933737546,3.6746028499188306,3.4405108842845626,5.0,3.0377265434547116,3.503982490704705,0.4700301926618182,0.26490947353276656,158.12544595017337,13.50734398458079
SUB00587,1,4.3587136494085685,125.16152216786244,37.64520260057678,0.24708642743856507,0.12756657241564529,2.0,0.5848344805050076,1.0,0.30397951309431037,0.3156336191581854,31.236316034151123,10.734800599666139
SUB00587,2,11.661201157690241,40.72374415985189,35.031159155265044,1.5642168919474673,0.032897320147817544,1.0,0.5049484699220799,1.0,0.4863157395046511,0.4056935692326813,84.83778999999497,19.12859942283204
SUB00587,3,8.927916584120092,45.47437887314662,24.592335297867713,0.1771875226155755,0.974168402988107,1.0,0.9634018634893053,1.0,0.5458658743192454,0.4190226694770586,37.364400317292024,23.29500672063499
SUB00587,4,8.74243615974762,148.50208508722756,18.878621241259886,1.9993325947351317,0.6869233244831494,1.0,0.554291806577853,1.0,0.44976975044556344,0.5893205089409201,67.37446638337116,10.634068831026282
SUB00587,5,5.736547555066105,106.8087663695518,20.848249071525736,2.3149870412600664,0.8736682229725908,2.0,0.8628906846577886,1.0,0.28437906596537016,0.3860809971829234,44.72503807409005,9.53343510908359
SUB00587,6,3.262799201643471,69.09085882439729,38.65430003332544,1.5955633518942227,0.4362513360486673,2.0,0.8799483733047269,1.0,0.2410999098667545,0.4037433969310684,9.889204504260377,19.219053793254485
SUB00587,7,0.895934554770899,65.05742063656163,44.55567996602404,2.031334304788423,0.32700368494056387,1.0,0.8533049547145937,1.0,0.25020694318871584,0.5942321739494797,6.551087050228284,15.885653149279033
SUB00587,8,5.326150757541759,55.101676262103155,38.664561696583384,2.3620048678148504,0.20275752756902254,1.0,0.8082637452959769,1.0,0.4812388796150564,0.5579882317475025,42.0529143618404,22.813636937959636
SUB00587,9,3.199264133542089,123.24615091612105,43.18664706797492,1.252802279257598,0.8246582793884859,2.0,0.8044780184315559,1.0,0.16048337267517856,0.367261837958259,25.181453558685313,21.144087531251525
SUB00587,10,0.0,35.454842262586524,32.33388205479402,2.1385386948509075,0.4108663936026301,2.0,0.5408566797217842,1.0,0.155673299156018,0.5085670029851908,1.0,17.71142766792546
SUB00587,11,0.0,70.19137194458682,31.597431547040447,1.2473488259325833,0.663745593358277,1.0,0.831652341116837,1.0,0.19418315920238785,0.5268206194025253,1.0,10.92877340675308
SUB00587,12,1.8006736356846194,69.61004308174729,24.183907318984126,1.7463204080828723,0.5331329395677709,2.0,0.740808271866301,1.0,0.43930225108858645,0.33182351056723325,12.870927523473169,8.064388081375437
SUB00588,1,137.7666109627535,396.4897580832575,34.09212877059112,4.978484921593813,3.012482580448946,2.0,1.1939491663265507,4.996322530964313,0.3780316272117784,0.43921852134039047,1043.6844824973318,19.203050097528028
SUB00588,2,120.16055654855617,361.4992699070813,36.10630544058172,5.844120233415918,3.520072132985883,2.0,1.7656802102603035,4.3666540799566915,0.48398403879031493,0.5544079733745676,560.4036666260967,23.64635708714308
SUB00588,3,136.4846447524795,440.01626615217964,47.09540661001158,5.412144234921483,3.043312332197335,2.0,1.2462170363580238,4.864478118985276,0.3755314637170575,0.5053322998321239,795.3997419075549,9.698548912056623
SUB00588,4,140.0260787482703,445.16112661676465,42.280881979016115,6.4739210000354355,2.938376696263309,1.0,1.0,4.507015349261842,0.38923971105693034,0.45191701169321946,1018.2674708118757,8.404783607858414
SUB00588,5,114.10335880321139,529.5735081306151,54.32209281767318,7.4041423539568765,2.9191497357034244,1.0,1.0,4.378928725155721,0.3480283158149009,0.41978834573000595,506.25582796001225,22.33027355584736
SUB00588,6,140.0879801379801,320.02040602689175,50.74368316877832,3.589408755854673,3.218995760609997,1.0,1.0,4.163032573368368,0.6217459499108473,0.4444063589485774,777.7526426745292,22.864679470089857
SUB00588,7,127.8668529476514,384.9366913554523,35.85928703763746,5.927249648056041,3.901813856139351,1.0,1.0,4.78286629668373,0.5133959238810323,0.30038675946459004,685.3803530124295,13.21250189765211
SUB00588,8,125.18653551110341,436.7071617242385,34.22243342449552,3.732648549650209,2.539906398394246,1.0,1.0,4.181830666070006,0.31923627770239393,0.41974324326814094,812.5519151445371,19.48304120072941
SUB00588,9,139.00350347506304,489.6790872168366,45.816063201679796,6.556892304982165,3.186844150525139,2.0,1.363272905111173,4.587826176196291,0.25778297776029685,0.5660816349387033,1095.3688169497727,19.76876921480276
SUB00588,10,124.69860231473322,311.41101211226464,38.899286803773094,4.540185100275749,3.498823504865283,2.0,1.9218131312604751,4.560871478186694,0.2976839102181643,0.37687053343447563,503.23786112161804,17.182921897917474
SUB00588,11,125.50706191595323,427.1641258431531,30.45353258394233,3.7672709548229726,3.1504989368405765,1.0,1.0,4.437997908979356,0.5476891102169534,0.3078273220422496,252.94632342557216,11.508715063195558
SUB00588,12,135.67263056497,321.357045413209,44.312910974172205,7.200012882809227,3.3115949252831594,2.0,1.066260715169371,4.216860035291012,0.3041160985360506,0.4984129533332896,507.16284130640577,9.381544533282089
SUB00589,1,1.8590439584512661,40.39953586769033,15.983907434893334,0.4632003592125843,0.36429963048936764,1.0,1.0,1.0,0.42117517762097056,0.3883403223838914,13.517811351579976,24.21538835568814
SUB00589,2,1.5602012155404983,48.27279500871548,17.843170459273008,0.3048086202225895,0.47383249987298537,1.0,1.0,1.0,0.3706831695647479,0.3434011114084424,5.975188783952056,24.4796700954581
SUB00589,3,0.8458353729034667,30.8721415727126,20.17948863953723,0.266769223481587,0.11915520497854754,1.0,1.0,1.0,0.3599156310297654,0.31593229096320785,3.0308154140835475,9.688371921379579
SUB00589,4,0.0,38.35656045227253,16.32461281688886,0.41163120789661145,0.08800308116099759,1.0,1.0,1.0,0.44636922168553206,0.5471676938129819,1.0,13.870552136285518
SUB00589,5,0.0,77.14454401002001,24.764981214440716,0.36760076407878794,0.16909105685220704,1.0,1.0,1.0,0.26425931610380643,0.5860026181870412,1.0,19.852131658799223
SUB00589,6,0.0,73.50316762644312,9.682220396319973,0.16794797927908753,0.3699194303031572,1.0,1.0,1.0,0.3574426663959572,0.5714964457931093,1.0,8.576769586398562
SUB00589,7,0.30683644137063526,72.09871876995304,24.275174243442038,0.37636844658221763,0.09059454529190969,1.0,1.0,1.0,0.15460593435052497,0.45658376105407406,1.9075644593357395,23.912326046632128
SUB00589,8,0.0,35.24843565537744,24.311706852811884,0.5318377553511187,0.42658608456181296,1.0,1.0,1.0,0.436355606847986,0.4906100366867865,1.0,19.28549048255045
SUB00589,9,0.0,15.680012224934611,16.90212327000861,0.530128660819388,0.289494762725395,1.0,1.0,1.0,0.5141995667395648,0.3540598243399933,1.0,26.138520644410317
SUB00589,10,0.0,36.55028225784519,13.68122555053496,0.6758785646774738,0.4683044767094429,1.0,1.0,1.0,0.35472001694630284,0.4564712634506801,1.0,10.005078688929151
SUB00589,11,0.0,46.380237857757876,8.794388827280514,0.5198356420187398,0.0026378329470855832,1.0,1.0,1.0,0.34944874328328834,0.32710525788645095,1.0,20.654802499303035
SUB00589,12,0.0,0.0,15.155165728564759,0.2761689822273464,0.07847396997438355,1.0,1.0,1.0,0.4362551358498219,0.580867837203094,1.0,26.39096243611889
SUB00590,1,117.42435673545972,188.50173473385672,35.11263563645737,0.505303571229236,0.6096854764686722,2.0,1.1605403412246142,3.5669856059565923,0.3002897437816431,0.3855646958797225,550.8093411623462,10.394122485522312
SUB00590,2,109.33914378260417,167.10614972358385,21.37380282714063,0.06008141204823812,1.2408062113770262,1.0,1.0,3.3107452639923087,0.5143005629952858,0.5878790505791466,618.3506816196881,27.89744371548333
SUB00590,3,107.24555500934233,265.09910802809964,37.90672786830744,0.39944199870785574,0.6310460631855022,2.0,1.163805442928362,3.994806647068428,0.5093801381323391,0.5254694048193784,309.94429566517283,13.864283572985606
SUB00590,4,125.18655986225484,176.8164918610133,43.5439364340196,0.4229239110373379,0.9649728350711726,2.0,1.614990127712931,3.5056152232314255,0.6362833542913223,0.5174976046688535,884.8905747527542,9.352466797042167
SUB00590,5,107.77763494823941,241.27983219140964,43.43450408977366,1.4758790017506156,0.8129239882231,2.0,1.8552722583523362,3.165907464200157,0.5069429637421884,0.4899148937708015,237.7350460250122,20.084369200603184
SUB00590,6,118.5306966385082,178.02963786773324,33.69760726842534,2.135515785095297,0.048970428909062,2.0,1.1888235541040753,3.200947083498168,0.5405707342229736,0.4693844239591359,708.574333427494,24.18808304674996
SUB00590,7,97.23120743014928,221.35745885040038,40.057284978520585,1.7556677937414833,0.20866983441716286,1.0,1.0,3.5294355507338278,0.31916851499294585,0.31951590691511533,350.42595514337205,22.158484985658983
SUB00590,8,109.7754340440447,254.0993461776749,32.21112054357343,1.9391806342111577,0.7372377850519897,1.0,1.0,3.0017333191145434,0.5106816143714062,0.5693150869456094,368.60392133705056,12.932216857411477
SUB00590,9,121.94375972191287,272.78863004213815,43.67197793489069,1.525149715979108,0.09820910199511096,2.0,1.1744077256322503,3.3243423240070618,0.6374808951224346,0.34405988260205966,846.3973228488666,14.821542940056354
SUB00590,10,97.69602279824261,295.6825184220145,23.379960818030007,1.1047450621812391,0.5859957671774705,1.0,1.0,3.3334811442277386,0.48108201216666924,0.30741107041403887,679.9966251585206,19.938163676921242
SUB00590,11,98.76164878441173,304.7169444977823,39.464449451713705,0.6089307431255386,1.2594231074502011,2.0,1.8943744686472932,3.8057893856393417,0.30448378998647696,0.534747961700374,744.1082909095359,9.055621966478865
SUB00590,12,120.1473939082277,141.70697046337523,39.50362611504491,0.0984659604496258,1.4802640832047704,2.0,1.1633566915805624,3.985389620337024,0.347446500577072,0.480995685870335,794.6288698301564,8.135923285829245
SUB00591,1,34.23503938132185,205.6580498529968,60.77049188872861,15.802954532071496,8.564916364634723,2.0,1.2561035364928086,2.9032239637137263,0.17186793538547485,0.4738893807217057,136.99238862514625,14.809256117020288
SUB00591,2,44.60943390836986,270.2218702886972,64.03163413608829,13.727575893516665,8.689281242414102,2.0,1.74966762742581,2.231806325174312,0.40811759118261215,0.5784185139241256,150.32589166959906,8.46296710832654
SUB00591,3,46.12449655549495,336.95594766575186,47.549446702911425,14.878409306127859,7.177874458810786,2.0,1.5502736643605604,2.7701303530404573,0.17235634345713077,0.3544152387206323,305.1492849078771,12.569611536282277
SUB00591,4,34.33777625048031,328.08798268624406,51.50949274265324,15.554129512191688,5.837326135549351,2.0,1.247546780000775,2.268964558575308,0.5002369644289327,0.28063126497964086,177.19456929148447,15.513237743104625
SUB00591,5,42.09776173066414,331.74896229480237,43.89903734368245,11.94805965870108,8.822577109692364,1.0,1.0,2.5850046163603464,0.2683537530835244,0.5251683308325603,298.6381987593287,14.831525380994549
SUB00591,6,49.292738539752875,243.24773413640628,57.65599291478162,15.919239937138613,8.519205930281267,1.0,1.0,2.8334805164690895,0.43068145825494497,0.5627091708565024,193.97605223068697,16.902022342113124
SUB00591,7,35.97195355887097,195.9897582904848,33.00045091999975,12.146299049155578,8.448581610039271,2.0,1.320132319503124,2.257414456359169,0.33470225650491625,0.573285711567068,214.0081691052804,25.86665108692568
SUB00591,8,44.07356293345274,212.75646436232591,49.755404557896576,12.837805131956827,8.565516236577077,2.0,1.9800997146559989,2.5004838781700256,0.3603385879350073,0.48228613460662717,287.78105129725753,26.891597257489966
SUB00591,9,31.936896758272127,290.2038477614482,30.56498407665628,16.04156227332769,7.621747377718591,2.0,1.7190413114333505,2.2423978026215874,0.24351385227541486,0.5520668732150271,102.17503646214435,25.004339485383706
SUB00591,10,39.800275943212256,225.19134727133815,52.093581805127414,14.154631364205503,8.955887491410445,1.0,1.0,2.0157423527871776,0.3679283700538786,0.3031238657143097,175.535121133995,13.729091806012272
SUB00591,11,41.46051484481456,255.3440703192762,46.099304086163585,13.689143898149437,6.319306543319733,1.0,1.0,2.5685858174055864,0.480925885332837,0.37555796577221023,98.15975453782625,22.625421132049148
SUB00591,12,37.03803651984382,197.98541771128234,37.52920687191917,13.4409949558784,5.356932236422858,2.0,1.6104463721899078,2.8512213725988094,0.29249719367146876,0.32635793306823946,295.8641252411228,22.786331227394975
SUB00592,1,4.294224421359891,1211.006873904127,73.96865812181031,2.5920345963804285,1.4648902313527903,1.0,1.0,1.023095276214101,0.4436723492165292,0.27472853789721435,9.901645435333744,20.65531607860795
SUB00592,2,9.369921759000178,1650.1235588205668,49.17315542869096,0.7505431931770403,0.27927111461717075,1.0,1.0,1.2802539967967657,0.33999809027244243,0.34975980559835157,30.91879809075249,25.509627325547875
SUB00592,3,4.466652192279344,1396.5370685787395,56.456105060800326,1.912360920849249,1.4822904179059508,1.0,1.0,1.6280985598910038,0.21890295830577408,0.43537434006155884,22.00276239838536,11.986196014465374
SUB00592,4,9.09733546995943,1258.673947073363,74.42577348919795,2.2904489871265246,0.04336826053005327,1.0,1.0,1.1212106978893648,0.33760617961616834,0.34969593348146066,21.318176424182624,22.67506598027035
SUB00592,5,9.472850962196578,1579.1708078565007,46.87213343077485,0.4535782590501034,0.14540141652035582,1.0,1.0,1.7888545047157183,0.5464640775855564,0.49840168729162965,24.83386831200005,17.01181109458463
SUB00592,6,2.966263752709347,1248.9002276022904,49.698972781709784,2.455692150930332,1.2991755915499663,1.0,1.0,1.84652836307286,0.2567711044536208,0.2513045277845886,13.754999594672334,14.682869764838541
SUB00592,7,0.0,1774.0683663633065,46.15331423274707,1.701036358227447,1.411289332535391,1.0,1.0,1.818768192133176,0.49692880518116844,0.48174702504082245,1.0,8.609546374196004
SUB00592,8,7.901944033442314,1736.3348029147467,73.3341469932239,3.396669590221426,0.5096767760732659,1.0,1.0,1.9698720079564866,0.4384069234106679,0.31559653881827976,62.31041902144223,12.375814293089071
SUB00592,9,6.852443595696067,1464.1522452866543,58.535093200182615,2.4330608392494018,1.4378964179308333,1.0,1.0,1.2013256901819418,0.2592044727207602,0.5876122650364379,16.549806816917965,23.4713712022131
SUB00592,10,8.306610161067569,1584.4298805860358,58.21413480338224,1.8535275578020376,0.009596145112778676,1.0,1.0,1.7843830111421828,0.23725746489742172,0.48410718719878454,56.62113266573416,13.904640666828733
SUB00592,11,5.8571637946534345,1505.50230726339,43.103402088283104,1.3973055529606566,0.7469497904384332,1.0,1.0,1.7420604760440965,0.19490815766843564,0.35720082646680507,32.252265442482695,14.651367269262934
SUB00592,12,1.594269744738348,1466.2145415470318,68.81602596249435,2.078926771371763,0.054796258294211087,1.0,1.0,1.7406108470004256,0.42000169571416623,0.3191362155287643,7.936018031191934,14.377342455803706
SUB00593,1,62.26049014464876,481.51959147902375,94.94751717713646,4.117364328750978,2.7997654856836807,3.0,2.8243804188052635,3.1207637360379406,0.58509975620648,0.30309010630323396,175.30145988607123,10.163278327729154
SUB00593,2,63.339671898848266,486.9747656086862,112.91445796277053,3.3500554727304293,1.7598685558775398,3.0,3.0,3.0206687769673843,0.5094920610853442,0.2827318030150726,173.31782900999175,11.81936033357951
SUB00593,3,53.94070595531601,467.99272293543936,103.65050433672836,2.981376969467668,2.157634830756599,3.0,2.531505665153801,3.987166219047905,0.6190920366131876,0.38065157460197185,165.445755420902,18.90685401345038
SUB00593,4,72.53823365746574,648.9318531085454,88.07121323045374,4.603053531526129,1.5627983310797504,4.0,3.204385461641335,3.315827610552723,0.4563698058159369,0.3654196183042919,160.72817450698804,26.544595545549686
SUB00593,5,54.76736612262944,516.1321633744362,110.97152375332485,2.879772390636721,2.156138663385936,5.0,3.015219693985241,3.64522172299166,0.5725681190416171,0.42086378642551925,198.4021682329978,24.474902400924183
SUB00593,6,67.300375830413,558.841884367241,100.94961096301594,3.6663823812245484,2.3915138263266957,5.0,3.3753999448809697,3.9033919652827263,0.3950082406455985,0.3307725869420962,175.97975718880264,27.665638283991104
SUB00593,7,66.86438947084777,711.6415816650132,95.9148955001657,4.43001486253969,2.1976948518287918,4.0,2.879689807559089,3.366872932554552,0.40437589044196676,0.5997696883644048,345.58593514844745,18.50164987252314
SUB00593,8,64.22030418029779,623.9396327604231,90.01713229619038,4.4928972407767125,2.0389859951198614,5.0,2.944597638126693,3.128173972414393,0.3157482310733982,0.5802009671107309,407.6535427862114,9.108503384406916
SUB00593,9,59.839464242466356,695.5876984182881,118.75309131037659,2.923030836514835,1.6930938596153593,3.0,2.5141241438160877,3.1955727832832532,0.30274870919623775,0.296282679654032,393.42447526603064,20.92039265491529
SUB00593,10,49.38253422427634,623.5164767950405,69.8448728519597,4.676915473115104,1.5977827275889214,3.0,2.942824411149073,3.3900346392977765,0.3981458783584354,0.3337126904337507,226.59133518323586,18.5290915805336
SUB00593,11,58.352810856685345,442.39761488914223,81.24123246431812,5.512686338927101,3.2134433924584247,4.0,3.3343292859483173,3.5900660547401078,0.47347232423910257,0.5926214629163427,197.23103361764433,23.7829877415924
SUB00593,12,48.66913450835687,759.1381188702081,89.08446646416095,4.945178919198096,2.5891779067991694,3.0,2.9731466308192047,3.1673461325887815,0.29021500394938515,0.35048546280379006,277.35266015388913,20.229174199715136
SUB00594,1,2.8079798156107985,89.43094114610926,33.395430632441006,1.8376133269183648,0.03608990162693182,2.0,0.7252528457971694,1.0,0.23381878470770867,0.37487746334087313,17.006717601885747,9.13079362176955
SUB00594,2,1.5085934053578747,99.34760668989799,44.97728451653345,0.8478808877912147,0.5604286428664734,1.0,0.8554729963210586,1.0,0.20405653227085882,0.44178016460536185,11.167984175404413,8.085578555286169
SUB00594,3,2.309645757160457,123.80969129386641,15.224455872238261,0.7655605012315635,0.1717135639858821,2.0,0.5913541779585603,1.0,0.3550579043868274,0.29056410239126207,12.41509686257536,15.296736545169406
SUB00594,4,13.37452411970117,87.27862458933767,18.478378343034457,1.6915027178735533,0.4018872994140893,2.0,0.9115258030807318,1.0,0.32898175266040197,0.4873217766753526,41.56259316949288,13.929444498724942
SUB00594,5,4.954010930619748,102.35116999710463,38.00711499380159,0.440944690332003,0.11151245829305156,2.0,0.9931702678424776,1.0,0.5118412132909232,0.37177905254885396,22.961663066239833,14.177367373263614
SUB00594,6,12.160715562700485,98.33719469400728,40.94253267733726,1.5694135581569417,0.5580574252650667,2.0,0.6303844625097883,1.0,0.2569520581280301,0.4032049184385058,94.72514234929712,27.92237496241486
SUB00594,7,9.475691510182747,99.28455690561901,18.974612013431027,1.5140554463580056,0.0875953325611264,1.0,0.637289567354016,1.0,0.2694581259344588,0.26689686388116735,47.770186781036955,20.859642596056684
SUB00594,8,7.839745576884542,149.97308073288033,24.808232823996995,2.816741591054063,0.6149381424829583,2.0,0.6828466583366939,1.0,0.3036468193268157,0.2674025915010218,55.38218648129075,16.812610537868714
SUB00594,9,13.70166166273328,154.42371872697908,40.73808802622561,0.8487003978083838,0.6595478943887828,2.0,0.6540620889195023,1.0,0.18582995696990728,0.3834200714816651,79.69077853525101,10.408771573995887
SUB00594,10,9.265936518521736,125.84891330465969,30.365734354651373,2.101779270268619,0.19976581252365744,2.0,0.6800600383103352,1.0,0.3436555855157941,0.3945480387426933,27.348545542120135,20.290388543737173
SUB00594,11,8.998340686867087,167.43772511563782,41.76827262254676,1.6414967122268047,0.2852040062660116,1.0,0.6814001070769369,1.0,0.20446096656470497,0.283268712377862,38.66344511411715,18.6823698129706
SUB00594,12,11.766325992565129,117.95563137082758,18.749263024053427,1.9656418427055018,0.060468374837281735,1.0,0.6330972548939036,1.0,0.2192330262067938,0.2717918834969923,39.93963964918082,25.37316649034411
SUB00595,1,138.17622019682628,331.6235939136892,41.114265431871104,4.164322293496031,3.1305946199939556,1.0,1.0,4.517236878013255,0.45417535593410596,0.556039808477053,877.3043223449309,13.375763918566117
SUB00595,2,131.56376067043266,539.7716228998315,32.225601259902035,6.743894048462629,2.3919685929646826,2.0,1.3729316325276752,4.592688905688924,0.6057177656879136,0.5854632062556506,526.8320106676332,8.988636804455707
SUB00595,3,137.87454372463034,371.6102122149946,53.11961993110714,4.576913622865658,2.338200514122302,1.0,1.0,4.308809412177144,0.32593814886514094,0.5692504752309221,861.9008095079008,8.807602958739924
SUB00595,4,134.42693643683234,309.0058736199976,54.8283461341191,4.767809933248396,2.1466949351763978,1.0,1.0,4.579567530690031,0.46662803388123564,0.3397618843578071,331.827231768918,12.20644751520892
SUB00595,5,127.30426049071801,334.38604376538234,30.615236130162668,5.1619900166921315,3.2720745060443344,2.0,1.049853909487147,4.548360843499944,0.5669821075543487,0.5246132336714874,302.1804058775929,8.198720899000072
SUB00595,6,113.00600244292052,357.2448124207411,43.31448696427486,7.110011481022038,2.670342456400803,1.0,1.0,4.057266862538735,0.46837773464561794,0.28662225388924045,785.0118533587794,21.741113281616077
SUB00595,7,125.6789059568991,329.4148884641285,36.49262876893271,3.909555869962353,3.9789900143308037,1.0,1.0,4.713652982952822,0.4105360290592218,0.395029987276195,522.7358968848495,9.860181122240318
SUB00595,8,111.94337299171882,431.54758256681095,43.51265234956769,3.6972600475552566,2.5257405212704005,2.0,1.7074726708098997,4.247784844666219,0.320347883221894,0.25657365047497477,339.58488551603136,23.994233809314128
SUB00595,9,135.390960515419,438.9541385115632,39.544998450623986,6.186324824170372,2.596749125045292,2.0,1.1540044604960946,4.974831468093397,0.5510109917167846,0.42911222921387304,821.8551443800934,14.690606426488191
SUB00595,10,130.78140782320406,526.7047465342074,45.44367266139966,5.470833620450636,2.5105804063291837,2.0,1.1498548568974474,4.3175157778543864,0.36867703458137113,0.290220359528567,502.9755294569555,11.666539695008106
SUB00595,11,135.37557496163706,540.0573573258766,54.61411326751222,6.819781284680745,3.5144145476527244,1.0,1.0,4.134297165586403,0.5183151507414645,0.3000734469315853,368.9284125327204,21.956799438002214
SUB00595,12,125.84492042040016,533.3120580455338,51.465387187581975,3.462602159516531,3.319230407140186,1.0,1.0,4.020486708724199,0.4024267615490653,0.2888666285104876,721.9110409099532,22.184145668720287
SUB00596,1,1.2968839173030624,23.355905573578973,15.181063908022798,0.040442680901790595,0.3095795784834338,1.0,1.0,1.0,0.5144362010026502,0.3538235697420213,4.235630661255808,17.046032995141925
SUB00596,2,2.4144145006061697,79.65846261600188,17.623658992891542,0.17452123205389733,0.2451064356757442,1.0,1.0,1.0,0.5393703875085276,0.5480852951372401,13.307767151947012,8.466204570818348
SUB00596,3,2.1853652183154195,18.65799853982068,12.751919659854313,0.44376844927202574,0.3990641947680422,1.0,1.0,1.0,0.36304803786152046,0.4006586862532074,6.212063144306369,27.60863526524036
SUB00596,4,5.049980390473066,28.40870003396961,12.189344273373898,0.5417949808486415,0.44601437492609936,1.0,1.0,1.0,0.5407460282309833,0.31265840542726236,36.43302243941431,20.51795323054989
SUB00596,5,5.66728975237217,29.73728127588636,19.999565280801733,0.8449071277043774,0.4273450461863882,1.0,1.0,1.0,0.3406048546357896,0.37222474275226813,18.210789848685863,14.365803995782535
SUB00596,6,6.451403574820637,90.31671736711661,12.261271719262332,0.965875258757997,0.16123482636629272,1.0,1.0,1.0,0.4327409715412197,0.31230788643715673,17.59999654562855,14.478471301505088
SUB00596,7,6.232208387438473,31.92108062608893,24.91307647793626,0.923414249212108,0.2749289528910602,1.0,1.0,1.0,0.3927386050181335,0.5573421661101168,24.75876072633021,16.35916148520979
SUB00596,8,7.82739276728992,48.6239107852118,8.379167039634723,1.39245481336609,0.3381286496775883,1.0,1.0,1.0,0.3813647643743776,0.37447353478324047,24.951039104531095,24.059014065296097
SUB00596,9,7.202294210306546,39.51395274624352,23.68892790395052,1.2984225763748294,0.07439108736317918,1.0,1.0,1.0,0.3450694345873798,0.49178721633664746,25.65602329441019,25.447884364052996
SUB00596,10,8.627366147138874,96.07668699236406,23.79728481172773,1.3662586581300853,0.0923445836138656,1.0,1.0,1.0,0.21701751389030988,0.4468466055086884,23.41388125256811,25.494236572590474
SUB00596,11,9.639559554487349,50.203539307978915,22.28403330500034,1.6353212927431504,0.40359073985193034,1.0,1.0,1.0,0.17207394153467798,0.2748212336833683,41.684256765824294,24.400220566192903
SUB00596,12,8.881460294229933,61.50457070258996,16.57817313097039,1.7053316330791868,0.2732167587487198,1.0,1.0,1.0,0.218992379245302,0.3941445859796001,52.38028483077067,14.005131309438882
SUB00597,1,122.24988028690287,227.3192257319395,32.579094152165396,1.4653568730591107,0.057058862272339694,1.0,1.0,3.417940175947352,0.2726666546375929,0.3569696380411801,404.04667801661304,17.072628581485535
SUB00597,2,98.60298321185034,147.4586833217438,24.276507895429674,1.7291922191796583,1.2333482806975962,2.0,1.8658732644477758,3.5361882765468984,0.2746070017234561,0.29669934620547,631.2508191458846,17.973082585753655
SUB00597,3,123.09703061025638,309.211526833458,24.583736946737947,0.8728744916706307,0.4803469337375413,1.0,1.0,3.1114285736456555,0.29920365024731443,0.5324084737213577,659.9586504824196,12.09418102250963
SUB00597,4,111.28760543491023,287.8462040189414,37.83537949731769,1.7614728913451154,1.0963341566950513,2.0,1.7894119245891758,3.6536552539718965,0.42668881347870835,0.5827202934601224,425.0350558990156,26.431509547289263
SUB00597,5,103.06971127676658,259.85394411516853,22.232641910602347,1.1650095308282113,1.266153743446695,2.0,1.8378811636821457,3.710659170892249,0.6424700950323372,0.3239234247133464,427.0169228635302,20.47245780171124
SUB00597,6,123.82629925918715,244.9138956011667,36.09573199900396,1.2268555485983008,0.6667830931616656,2.0,1.133709885606804,3.8076270377229755,0.2945263129054504,0.44560502692391024,567.7090945689591,14.142457774677919
SUB00597,7,123.02838170188235,289.60182929675057,23.04515741889495,1.844652031640806,1.4045802324343617,1.0,1.0,3.6247473277930125,0.6143156082724017,0.3549289634495191,438.9380573663085,18.93586581926065
SUB00597,8,104.5482935136019,310.6936699342035,36.89449707545218,1.4445788398764423,0.8751522865650398,1.0,1.0,3.86454960576226,0.5850616222653274,0.4862930147513055,290.82373453297043,16.164235840567784
SUB00597,9,111.85069668899642,293.0895913523241,17.037697964297898,0.406535617871044,1.3689841487670562,2.0,1.12839955926977,3.421729122822425,0.25872967533733193,0.4395232889269015,640.0291513830987,22.764767538326332
SUB00597,10,99.66439879812766,214.74783432373812,35.34411239875014,1.7785339828102391,1.1950943502663727,1.0,1.0,3.4589300930246742,0.434447377660807,0.4922188628252526,477.6871776838296,27.53643104085812
SUB00597,11,109.26179680333392,290.8798659623472,25.703183948401904,1.703806583924677,1.2026115714831973,2.0,1.5481477675385058,3.0668905141817344,0.4711606691209663,0.272063227614417,277.65721490722956,8.289561423315343
SUB00597,12,105.52987364906417,210.3929272522841,44.49524387389434,2.1435392882218394,0.16672976696395053,1.0,1.0,3.0198661183223368,0.5599552320476954,0.5285487154263744,213.189366537347,14.956300370225302
SUB00598,1,33.07224011264814,198.1993469700631,58.92760810610389,10.675527332479948,7.263352624320069,2.0,1.455862089445029,2.5300676212476074,0.4695010989171645,0.5311136003034913,190.4648223994508,11.409709501722478
SUB00598,2,32.23651436377986,303.55942067827164,52.35122842461372,13.005780549346841,7.965987877601411,1.0,1.0,2.951058092148984,0.4132266824707588,0.5923001415137941,165.22518905179166,18.92778756968929
SUB00598,3,36.38050640965871,384.00299729773036,41.17821998723285,10.366801037655433,8.885050487605948,2.0,1.2101513922935971,2.092543180616338,0.4797243188663223,0.4891888344154218,277.31378532420666,23.75688092924822
SUB00598,4,39.4829643913705,377.0657200569715,42.233695142044034,14.99338348287463,7.3378250219800485,2.0,1.002070754926731,2.65982714262264,0.35108896115646987,0.37502664113038614,249.5614678741154,21.37347814154895
SUB00598,5,42.31091686451069,241.90207549300308,63.68023039741828,14.581750962185929,6.508316111605801,2.0,1.8497642497457611,2.2539374363977327,0.2620694380548201,0.5506104039667601,261.3634301226036,24.12654451536562
SUB00598,6,29.142258726723107,360.18934417023013,56.497010955848765,10.541305653560393,5.211641073485064,2.0,1.1994626853378532,2.998832522576711,0.4029805326234467,0.5988813979199195,189.45401647514524,17.73223984345048
SUB00598,7,47.14237155597423,382.19876760377133,47.85139906054288,15.363935971412436,8.23700102185839,2.0,1.8005775062423963,2.3721985355365085,0.4284180788025933,0.2704633460650342,172.88659706872312,26.91987851648853
SUB00598,8,37.15398432978817,228.16529154202362,43.84109504017988,11.126265426318316,6.521191444087208,1.0,1.0,2.3836940199770957,0.3956644156649738,0.28013411839582025,127.1883946067426,24.42449467030486
SUB00598,9,44.16859718030875,391.36150946216435,58.2839563576002,11.770478804360387,7.195801180275639,1.0,1.0,2.3851742314183264,0.4399848081900284,0.4426792737558496,140.65226755088472,13.584624939783918
SUB00598,10,41.15756171645966,354.410328698918,60.38998005462729,15.21719959361943,8.409077923098597,2.0,1.7378286235282248,2.423857686075527,0.45632347837831666,0.5571810511810962,163.62710392352378,15.332678491028988
SUB00598,11,40.89520993787506,333.5291831934064,46.770481135304195,16.019984329259515,7.171237930347617,1.0,1.0,2.296594572046064,0.2679110210206879,0.5627572565065018,142.6908116147733,12.686810466768257
SUB00598,12,30.194558884795814,302.24331935053675,52.239136026272035,12.82102257845314,6.6183136219172845,2.0,1.1044099663908358,2.2156290438251998,0.1637206002188282,0.5798639191086576,104.65971328327838,9.155881481257923
SUB00599,1,6.594390410762952,1371.0388016698435,62.50441180770992,1.270475009615474,0.7325791721515671,1.0,1.0,1.369731733226333,0.47374451789919847,0.456918451651929,31.78377422095726,9.409924459759429
SUB00599,2,11.211119047181262,1504.827847648988,68.81102040902121,1.2069055834873839,0.957467225283078,1.0,1.0,1.5558546959257442,0.514694159838949,0.3911065622006327,57.795567624230294,11.723264390393677
SUB00599,3,7.4672574832221486,1588.5852003382604,58.66272877542753,0.9407232861955689,0.24919786179978481,1.0,1.0,1.4352586913859184,0.17960889387137594,0.37116293979542747,43.629016535150186,21.229824342700482
SUB00599,4,10.89661105856332,1656.5792325551931,41.2920052057522,1.5960227860858682,0.13009228966016373,1.0,1.0,1.905573143180724,0.3678350005102703,0.358315688870882,45.12810761663974,27.21087490026473
SUB00599,5,13.11888832499489,1770.6985302107284,48.14005550432883,3.079528299284585,1.0724941048807168,1.0,1.0,1.7336275673565125,0.4469538989866908,0.5525092084631873,95.9775820777588,11.53330478893519
SUB00599,6,12.898512164989855,1561.9927818221652,78.36214298432537,2.710942562725414,1.1720408679399885,1.0,1.0,1.1539703541704622,0.35532735817277983,0.5577886846064708,75.37265686814226,15.89498387536261
SUB00599,7,7.973510711774118,1436.7922111329506,56.03612831552592,1.698764350051639,1.301806073943424,1.0,1.0,1.5480089506964498,0.44491870991617644,0.28564972869689675,32.478228780861386,11.975466020355071
SUB00599,8,8.24189045005764,1455.1669246310885,59.46636809712245,3.199822598685856,0.3454305508650026,1.0,1.0,1.3190190861912523,0.27463371037109546,0.5900172319137661,35.293047231165424,26.601023228604728
SUB00599,9,8.51475064328025,1573.2823698397829,64.2357773753575,1.6790565915918747,1.2675872908157522,1.0,1.0,1.922675911677013,0.40785072963011504,0.3361792626002574,56.988371289468596,25.592404294423503
SUB00599,10,9.751426865518825,1457.9042619200707,59.51181371227669,3.863330073761367,1.4515768192555345,1.0,1.0,1.0178097085046116,0.4552534039512024,0.4963928967732252,41.90728700465968,16.337698952940414
SUB00599,11,11.235803695704224,1500.3329787753848,57.169305740022715,1.6051017467787014,0.36553464842075306,1.0,1.0,1.6178860418527958,0.18630997161271842,0.38214881683148305,73.32941019973268,24.328840209515977
SUB00599,12,9.745165371138635,1684.653512138491,70.29149467941335,1.1333886692716773,1.1233706499339111,1.0,1.0,1.546091254664197,0.22370936805970693,0.4371556134507013,68.06798965764166,19.716893309307473
SUB00600,1,67.42307963845106,731.2614036703256,96.39740413624384,3.3118948329795326,1.6103068742934783,4.0,3.0803401368909618,3.9952681727170622,0.35206372805968866,0.27585209677167316,474.41579465931346,13.390955294180994
SUB00600,2,65.7207943359783,574.6450126158816,89.6227720342312,2.4602335940960103,2.880967445162022,5.0,2.781215754381228,3.918054314609675,0.26601653783908,0.5770519940419532,164.64600810605526,22.165058574275772
SUB00600,3,49.35658339477818,717.9846531561211,102.12490152702908,4.419310571907467,3.3012281123173235,3.0,2.500508275144664,3.7150994448354875,0.3899578302819432,0.43810890914447315,238.9083976638294,16.243718068679314
SUB00600,4,62.5587725193362,460.0854527024956,74.36367233994868,1.9282530254784833,2.934055485452633,4.0,2.8003092231332327,3.887569907031917,0.374293503955308,0.5917386615887154,346.7012944792703,14.078726173108498
SUB00600,5,51.69762265144996,490.5095321836638,119.15279602629754,2.2689495759937253,2.3639378316678035,5.0,3.34283761045718,3.4714602622476214,0.47404861886770544,0.4322230252017869,226.37511901635287,26.62066428272922
SUB00600,6,49.43093203063401,706.2393257701169,108.12247422491114,2.392474309396751,3.335057910455906,4.0,3.4511418478579095,3.6771345321682545,0.20325063499002366,0.58612162279803,237.8990146586707,27.876701459935674
SUB00600,7,66.47827211009663,510.7837481550164,60.13184763313776,4.247816433595947,1.6293050209875968,3.0,3.0,3.0130205595771375,0.4352116245769333,0.509978001911995,256.0527468863328,15.867313579381284
SUB00600,8,57.116057056427366,452.5539592419448,108.97303300664797,3.221370932991048,1.6541508356253678,3.0,2.828435481126082,3.4636527794787844,0.3993385953966857,0.26384782370546067,406.24981934944566,23.916453196288998
SUB00600,9,49.37041764539756,564.4459432123085,74.2629069227022,2.3572753988954824,2.439735933157311,4.0,3.0432186624650233,3.808853441087539,0.4961797698116758,0.46916703140769345,235.0066311743276,12.65325276115028
SUB00600,10,50.48520890006623,752.5659996095625,85.40782882377101,2.5660426112454537,2.662862754544035,4.0,2.6208503491629087,3.619864929093606,0.3558288114643501,0.4861339055712227,330.00788046070437,12.738462992408882
SUB00600,11,56.58144406895702,646.3961877857129,64.22040340994995,4.354001429347966,2.7902444485120745,3.0,2.818808873759483,3.0755001998751372,0.34391538437743585,0.5087807747813768,238.38511542504187,26.96706423040002
SUB00600,12,70.67018741934932,753.4152701907717,108.77920625858427,4.497117886603641,1.781323381695359,5.0,2.767309303005685,3.294504718124654,0.2847020768057074,0.3865641452260099,260.27690156933295,26.072379233108016
SUB00601,1,7.7607587355692775,83.885297558121,23.57609936898035,1.153017387838905,0.7452747189771254,2.0,0.8149052830920402,1.0,0.3439677454610749,0.4938548838100487,24.875968292393686,20.909567781977252
SUB00601,2,11.599479862771503,86.60205829204561,18.470208304099373,0.16313790397933933,0.817700460287155,1.0,0.8899659079274906,1.0,0.20992338443422037,0.29308762338580796,59.93778089334004,26.880315158178913
SUB00601,3,12.251733162625314,154.20895285409136,42.53883362111527,1.3841614889516378,0.3066638983296752,1.0,0.7997714769664368,1.0,0.2256543011247678,0.4611085178118361,71.14566389825495,15.777979510462698
SUB00601,4,10.065991944218924,169.53201434018655,43.41632476408611,0.33590655374542105,0.8315910316693966,1.0,0.5026045490700521,1.0,0.2360912735176893,0.29484159414297867,66.90431250309446,20.50687486100864
SUB00601,5,10.803577665352663,95.59225389797851,25.016228695553696,2.0873363490824746,0.4428250168795108,2.0,0.6166172790442335,1.0,0.41074745092505793,0.41182948959856713,46.67261672380116,18.45887868233947
SUB00601,6,9.570937790638594,166.74479005017508,20.817290441804808,0.5692552642657839,0.19062565346105953,1.0,0.8024238357425642,1.0,0.19111093494438142,0.5820590955824421,23.603365642726033,23.17862637918458
SUB00601,7,13.314511928890493,169.26004299506914,38.25984601681406,2.1457911445240714,0.805708584066705,2.0,0.8967126213780175,1.0,0.35680568068984014,0.4312619785442823,101.47357551791758,24.71379330062823
SUB00601,8,9.068608487607799,100.82035725981025,43.21715076280255,1.3955367376101355,0.6467329682185613,1.0,0.756447577340212,1.0,0.5050379315754783,0.4141627572225214,37.076130137455856,26.567371177827017
SUB00601,9,16.067766433003108,109.4024126414877,30.315275273817154,0.38919453641473,0.051389495350505854,1.0,0.9730461623854868,1.0,0.2815353205433344,0.4833885788516941,60.71949481730804,22.786687139048063
SUB00601,10,12.97375150389086,126.56372493402993,18.332578008382256,1.0044632415725578,0.16769975015242855,2.0,0.7907661129968341,1.0,0.2616893367511196,0.4961658003341455,101.02579800576775,24.340726137771675
SUB00601,11,15.033869184088646,75.47606058485933,36.48579977643507,0.619904463068497,0.5694538433700125,1.0,0.6104287437634268,1.0,0.32751571174979055,0.5266593464530589,89.2592858046138,11.6015573840596
SUB00601,12,9.003702954902474,123.62640124515289,27.062014808711083,0.7958073167428421,0.005854718085914423,2.0,0.5440528055823874,1.0,0.4705831472343912,0.572642746072985,43.38835450318037,26.681865946506615
SUB00602,1,112.01387448187073,280.2533447515949,45.7635272298367,6.055932457605595,2.5274709521514604,1.0,1.0,4.599654466522639,0.31680393870496304,0.42175316443549693,296.52202553292807,26.571163620286274
SUB00602,2,134.40948165427477,440.63806228531297,53.11889245251809,5.136399854981539,2.8223667863417594,2.0,1.4796009434802766,4.977342997568841,0.6136813900104557,0.48690400397640027,889.7665439407896,17.89865969832561
SUB00602,3,109.64742352557026,501.7360600128416,38.476021550039434,5.606548135030017,2.055726530045131,1.0,1.0,4.019389952788412,0.5426223511739713,0.5486505480540134,363.0003264749234,12.621643124616332
SUB00602,4,122.03510934596373,435.76635981014397,47.39782397118391,4.767990965512925,2.729629490576973,2.0,1.4697112852484961,4.456876526897199,0.5119685180197169,0.3561077401794587,618.4822980394869,18.280514425060023
SUB00602,5,132.77629593061727,409.85034880562665,45.87265708254436,5.517319897320931,2.674515891574564,2.0,1.0319637185227726,4.316790962757908,0.5003633447246155,0.3278866348738328,368.06672798059765,26.197076835860422
SUB00602,6,119.39200998449752,409.5771223174149,46.59919727479807,4.5056787251507595,2.645341376625365,1.0,1.0,4.864433863888054,0.39529548129567005,0.4129535438726743,765.4450596368007,13.417657012259971
SUB00602,7,135.36090897653386,508.6130391128985,39.47803660648165,3.7693184169865006,2.18821947590085,1.0,1.0,4.996944411023048,0.4473684127348383,0.33887513417053705,659.1964154650542,27.06815599063858
SUB00602,8,123.0251062526744,306.3244403562269,51.56486951158051,5.477580287047801,2.6545878058590042,2.0,1.0426173342940448,4.374997345902943,0.3166341978684717,0.2552183308720398,505.81917685416664,10.377803686017948
SUB00602,9,114.54584702069317,433.1843768697775,38.41047420099005,6.587414269536519,2.9380720852244226,2.0,1.2848252878512176,4.931328497187154,0.4102671202981232,0.3548842270752969,241.5220219235201,21.553955383474925
SUB00602,10,109.75353334080224,382.2362963073042,40.13049214161266,6.60311577921993,3.415441025250134,1.0,1.0,4.9930243747973595,0.43624226078536765,0.5360783381557686,327.9559974796597,18.93972187693665
SUB00602,11,121.8793321444099,510.4371645798132,45.75097224586296,6.095678387933048,2.4423671717521405,2.0,1.0413615334469333,4.5822261714047485,0.26156791638972055,0.2642506383195419,325.3982027651746,22.251101199329977
SUB00602,12,117.92820399553283,542.9333415128693,50.02437938711246,4.409004796021645,2.7388579504372714,2.0,1.730895293403298,4.833585574417792,0.549132110139961,0.38062096917693966,733.0776421748532,10.939700342957627
SUB00603,1,0.0,22.08307446147872,20.25339860961527,0.481895875744125,0.053400015282020985,1.0,1.0,1.0,0.3747742169119317,0.35995475343528716,1.0,20.42912911762644
SUB00603,2,1.3031647004995324,76.57955197899938,12.080422414453727,0.0,0.409657875019144,1.0,1.0,1.0,0.21722915047644736,0.47457379975054925,10.185879143800609,14.027889601197852
SUB00603,3,0.9517014391699741,63.06725750810831,23.0166932369355,0.048846148216242835,0.12602275504551075,1.0,1.0,1.0,0.43472437447085543,0.3646825747626659,7.540231701577518,26.44496921326755
SUB00603,4,1.3518667169572873,24.80421809472563,12.879646192285536,0.0,0.2624302834892258,1.0,1.0,1.0,0.19301042409660457,0.4454336555009273,4.782718144221921,25.94910061895625
SUB00603,5,4.293002609334718,35.34227000281345,7.508721848592346,0.0,0.2810000742311482,1.0,1.0,1.0,0.3069921943289464,0.42398613945375074,30.296531309398308,9.074314825397762
SUB00603,6,3.5124727010990253,24.54068622678537,23.4401649446989,0.0,0.48220535184355573,1.0,1.0,1.0,0.48730082856821366,0.4763934314250626,14.301039589950054,10.874025386823176
SUB00603,7,3.4685633311544413,45.00250468929451,20.543811334676622,0.0,0.423410913647154,1.0,1.0,1.0,0.36262879221337585,0.29084943227167426,10.012277693103185,12.72144177146465
SUB00603,8,2.464385583536301,47.196743595089394,22.369383436777326,0.0,0.491781909021906,1.0,1.0,1.0,0.15217295570320766,0.5323044173169487,17.157663097259427,18.36755957859371
SUB00603,9,4.11572159788874,85.63309828891242,9.756882340352357,0.0,0.2555048455725175,1.0,1.0,1.0,0.48160754453457555,0.38365091985282096,30.658567835152592,22.968412200289784
SUB00603,10,4.492863702941023,83.93873720505958,5.16106170974415,0.0,0.3265357973669156,1.0,1.0,1.0,0.2803668726532652,0.3737150567653605,27.146967114789014,25.80017846763408
SUB00603,11,2.542834492097044,2.0420356860835724,8.43193014627601,0.0,0.03178582822113557,1.0,1.0,1.0,0.2602733340875098,0.5400120211895165,19.80242113604397,19.953780902559842
SUB00603,12,5.5953692260250385,15.294686232427892,14.217710661084782,0.0,0.05262058207496895,1.0,1.0,1.0,0.16929031797367125,0.36220705856704716,19.902685329653227,26.620200119736815
SUB00604,1,99.68954460965303,235.8769268246148,21.238707899112114,1.6456468081767182,1.4762504693160314,1.0,1.0,3.504973083888053,0.3126576583453159,0.3547081941423471,603.5245445981082,16.428078783327223
SUB00604,2,115.12156342557347,199.1806153107188,37.61040374614908,0.43970575583993937,1.2919828857935967,1.0,1.0,3.2323554239445587,0.39923565400743266,0.5757029597004117,258.3812379772199,27.47177318106833
SUB00604,3,104.46530059893348,152.98873679020767,21.28958432304148,1.929508586844609,0.38455379272922763,2.0,1.4193525737591282,3.520152892372102,0.3105325719297367,0.46360577257981817,512.9211891028599,27.897968758847753
SUB00604,4,105.36858941430866,213.73357539538685,31.058430162635336,0.9346237227487716,1.0934184994421352,1.0,1.0,3.6202918932258,0.5912425728494805,0.41400965798796263,597.9107094100923,16.587221944233356
SUB00604,5,114.68568310507564,263.0675231725388,21.445069080765297,1.7940722430430862,0.9970975457195855,2.0,1.623022114386257,3.3877116268697214,0.46943145699306443,0.5859320607388616,697.8309317221781,16.167813218629878
SUB00604,6,110.7167277896004,229.15941429645642,36.833352611067376,1.4303074766270396,1.2329822346076642,2.0,1.916054488108787,3.182408918021939,0.5439367081357327,0.43798527189378433,614.4856100565394,18.931322414903928
SUB00604,7,127.44660262675602,162.3474947624267,25.400528015077583,0.22526966717239222,1.2260646615507012,1.0,1.0,3.812577392439624,0.3587908875414658,0.5015126573162108,994.16459035859,11.794355375788403
SUB00604,8,127.48660091378608,202.86557010942943,15.390210150500176,1.204990181012243,0.09965449901124523,1.0,1.0,3.82091140937699,0.6486054023134189,0.5678362663321943,393.40268444506427,25.209473529125866
SUB00604,9,124.57709882534856,152.92605780111154,35.51056546330082,1.066684971314421,0.41635615578939333,2.0,1.5702573039512675,3.0300460537729497,0.43858924836655455,0.2827617412282369,326.4336092524099,23.313965982067774
SUB00604,10,111.7288373944877,284.90478501738653,26.52810811707971,1.4522969035308972,1.0643787520124535,1.0,1.0,3.677395249653669,0.6332380809159753,0.26890817230955466,461.90924306500324,12.742332005407562
SUB00604,11,107.10831109495811,277.5233447184447,35.964696115897155,1.2860264572102902,0.2486449261735751,1.0,1.0,3.543483765297327,0.5697124533732427,0.4345244021023511,533.621865629814,24.62676667595276
SUB00604,12,111.41837327957569,212.6581377408196,21.60524711422255,0.45204557450205846,0.010486950127272743,2.0,1.769659228380481,3.571715629949851,0.6325246921472671,0.5578180300873841,801.6092460307591,25.634163389480563
SUB00605,1,48.086491471582605,267.6376140935092,52.307591561248316,11.246039177170088,5.603565948930994,1.0,1.0,2.9151289003995964,0.21078534171060226,0.4459804691666039,165.06626530574073,13.108511251608721
SUB00605,2,47.541363478777924,306.07231456699924,60.17378339169086,13.828957183580044,6.77012769154117,2.0,1.7399640549083135,2.996327263216647,0.18618242474015348,0.5071712071613648,258.4934045801244,8.929488597535785
SUB00605,3,33.97422199102014,219.40125831516394,43.77985365739782,15.34063520999113,8.221350326665545,1.0,1.0,2.9146178411985817,0.3025062990086411,0.5369676674788382,79.80848050663556,14.900227447214768
SUB00605,4,32.05378286654753,345.7718092420206,63.44175195162714,12.271102663363404,8.477782317102864,1.0,1.0,2.6777520510132593,0.5096888008771462,0.5388559113857203,181.39657146543288,24.90489912212042
SUB00605,5,40.12609845707903,224.15552153828608,47.19597471556297,14.827010604735964,6.885316957137394,2.0,1.6529932277831794,2.647475912137681,0.2678752583430124,0.4515205937572858,299.5019781142253,18.711488650036245
SUB00605,6,45.181613458204524,286.5474345441884,36.30866168392507,15.131773492389486,7.884688223752155,2.0,1.6276813516504367,2.100285795689185,0.366473193545581,0.4867975911985409,351.35459189876843,20.32606781654189
SUB00605,7,36.1131619249502,305.37263123741985,51.388413783071734,15.332909315240062,7.237174984010375,1.0,1.0,2.888832293110051,0.17325490044370584,0.4953931520936661,181.14432745039846,12.691757855004614
SUB00605,8,45.964031699008004,183.92556775505489,44.41110778271744,13.749039024253134,7.905963077144921,1.0,1.0,2.203639822935273,0.45117633193781315,0.39481427015200443,210.7569162414088,27.42557315762357
SUB00605,9,43.58742749327705,346.2902837885211,33.26876967678176,12.756463821274064,7.64658214588755,2.0,1.3039939572964803,2.335100376012165,0.3274146358279487,0.3237365685203279,252.00335687713806,15.02577948215724
SUB00605,10,32.201001645336945,381.7517798090261,47.21401701289207,14.245662127904856,6.424200075815557,1.0,1.0,2.818653431367915,0.3377332479348659,0.284225126386657,109.23795418365357,19.33724557297988
SUB00605,11,44.56447067457344,280.43739719352186,37.993864178263756,13.078844965050724,8.126240374217566,2.0,1.6258531495278432,2.1276234826210936,0.41005500368581893,0.4394530133878377,96.91861624531394,10.498376900930324
SUB00605,12,38.58268441292594,356.4313015629221,31.728063540728584,13.917656254803006,8.12134075327845,2.0,1.6047069765231639,2.5021172119227817,0.1999062485374275,0.549603536126299,246.73761497740745,24.33607045064857
SUB00606,1,9.926231205770094,1752.3636801741536,54.75596916573528,1.4084683495175507,0.010878987847825095,1.0,1.0,1.1249434387760469,0.20760718166005296,0.3004934667038435,39.220938410256295,26.530931303868737
SUB00606,2,5.676544509038829,1372.0148078692655,57.84591292380162,1.2240518086492684,0.3463553484802332,1.0,1.0,1.8148027094118704,0.36508371137712137,0.5467528480105517,39.97040266924111,21.74475766062738
SUB00606,3,5.636663706354578,1475.5372492457357,57.65172393714728,2.154566315051728,1.3172394515109578,1.0,1.0,1.4855267012651652,0.2889780224061321,0.5453619267936645,34.614150160075916,16.605254182849308
SUB00606,4,8.610841231332563,1374.906141412473,55.964330590716,1.0576972285036694,0.9008607040615675,1.0,1.0,1.8178768577720976,0.2525734306026181,0.257204067656344,30.187491988029834,9.152641826569035
SUB00606,5,11.375099923388746,1505.7567562030815,49.273767444762825,0.5938949508710534,0.6182408956807071,1.0,1.0,1.3319897503389613,0.283398074182717,0.40305915684832316,83.71201055135319,25.51962827255692
SUB00606,6,13.567803853883516,1538.624312111583,48.4720348630096,1.907700927125949,0.6077237535544431,1.0,1.0,1.6713654848111057,0.23755157686256503,0.5417742436556496,78.51503779451012,22.88350066470468
SUB00606,7,7.71627034608355,1616.4708050872928,66.97192911012986,0.1910818284350877,1.3318158056565377,1.0,1.0,1.409416923115491,0.2808107555202619,0.5224397635040081,35.63547397013906,8.912276424618208
SUB00606,8,13.35701523079368,1618.2473297591766,45.83991557280487,0.3244796550448593,1.2934528578852544,1.0,1.0,1.6164620501139897,0.47336299108441804,0.5128296678310553,85.36042497476065,9.970934881779527
SUB00606,9,14.199504282573255,1231.2607106876437,76.89899656091829,0.8669699090893772,0.8911001390974229,1.0,1.0,1.0283065106764142,0.42537186145073724,0.39007225467666884,67.1529769884418,17.86299661254067
SUB00606,10,15.941604188750532,1349.0220738841574,73.59123942943049,0.7807558545536174,0.9390834183098912,1.0,1.0,1.6889541358091662,0.3576043647946046,0.5098156217902103,101.16594998908336,15.03826382349341
SUB00606,11,18.573344949026975,1435.263850250632,57.47210692884116,0.0,1.397631748347922,1.0,1.0,1.6061755275470455,0.2175271953290515,0.42567037030137367,146.58649885463456,14.08046562068106
SUB00606,12,18.379912433290073,1778.1831270458151,54.39832710847563,1.4509520032237908,0.8534753788055087,1.0,1.0,1.1022287363843382,0.4451778798133431,0.577495560049184,69.4873576448105,16.47601565275242
SUB00607,1,79.66848486605609,684.474751440504,69.68851374950223,3.4206125841567125,1.9237004531695903,3.0,3.0,3.0151432214778033,0.5551706003796542,0.277516232867682,370.9838669130743,13.23210047764065
SUB00607,2,68.99187799257666,516.0542449626458,89.61209707099775,4.437979969304052,2.441900380627583,3.0,3.0,3.9497956829488126,0.29322841781865727,0.5689448367119124,401.54059528062874,26.74477541454685
SUB00607,3,71.16675875365289,706.6330170498006,88.72459435886853,2.155995648567385,2.267515040119151,3.0,3.0,3.9833444531770246,0.585227607515448,0.4788600937914517,401.73787910215714,18.453068959173983
SUB00607,4,57.08732553363506,543.4356998165482,101.71423643041464,3.4440380945544398,2.3073132106485934,5.0,2.7560599114250643,3.7172474631067653,0.44984503732589776,0.2569281135779161,383.7468634851586,11.288894737623863
SUB00607,5,56.10448059535267,520.8748381392003,77.55645852301231,2.4420031776163156,2.0379726941719314,4.0,2.637248290878845,3.823630511873809,0.4466903603875294,0.46637995088601675,209.8829554645273,19.223038327960865
SUB00607,6,69.26982383620485,765.0924837337321,104.71132951073321,2.102573917831298,1.539313236406435,4.0,2.892822153384655,3.174279187298315,0.4818245354808157,0.3499528131213503,548.1590554598178,13.858090060107422
SUB00607,7,57.960156424389396,735.08936496662,75.78342134296705,2.5488019233121126,1.8839989410970865,5.0,2.5170951901759113,3.1309841644480776,0.30447023868867873,0.47172249368625474,422.85410332709455,13.942293103392949
SUB00607,8,60.55811252640577,507.65899843679784,112.53104822910689,4.668351840492402,2.6074957006273913,5.0,2.909477186917758,3.3830235462963385,0.47467583187509965,0.2697805733623491,450.1406228336481,19.524140419028676
SUB00607,9,64.89715176749134,758.4714128136567,91.87070281549923,2.978668275517659,3.1521039508376187,5.0,2.6685277448613425,3.713021543741055,0.3854466326613506,0.47072589913929797,336.1922494866637,13.69026952813228
SUB00607,10,59.64367321850495,635.0874357066705,89.24825066303902,4.635117873089096,3.1284232923767754,5.0,3.0799340811570173,3.303404824349337,0.6295018996158948,0.4034205557642705,207.13294098772133,19.45206354006534
SUB00607,11,65.64875163000426,480.8849300183552,76.00126407912171,3.1837009507939347,3.474320741742469,5.0,2.535612600627404,3.792558507477884,0.5525260599766042,0.5074406883595824,444.75635812403834,24.138486360864356
SUB00607,12,59.95755176078076,794.3736180572167,65.2575326554779,2.647738069134719,2.1414870156037122,3.0,2.753479639062138,3.1160988222847426,0.31049506300414087,0.29471039074414185,232.28599978388684,20.183206096270883
SUB00608,1,10.757667536871784,113.14874885575931,26.04426565257559,0.8419614594623855,0.6176455206812691,2.0,0.7395373921447743,1.0,0.30454387491948914,0.3897868702911209,62.503438528982436,15.912225340676928
SUB00608,2,8.566728414809903,98.61071034016946,23.023188838331542,0.7327174899573153,0.9049408916140511,1.0,0.5521379792845945,1.0,0.42612539968995444,0.5425880542488738,17.77065104617717,18.61343570760518
SUB00608,3,4.599905059875199,74.36506547240714,30.5968726497532,0.04631375443994268,0.57011647078122,1.0,0.9346528237003651,1.0,0.18949074960675366,0.3069184611740336,31.63875609172049,20.363073511521335
SUB00608,4,9.877060903844637,131.34906390948353,27.617155643266535,0.21644802938132685,0.008636711379611084,1.0,0.9937229412563107,1.0,0.3806143919726049,0.34906704249787174,51.78754084994505,16.595748941290278
SUB00608,5,0.2414469565295443,92.99890317334075,26.767830156611687,0.981409300371188,0.649109096751217,1.0,0.5116943465439487,1.0,0.5298372480975134,0.3506184152199944,1.8646794310858503,22.119220069825833
SUB00608,6,0.0,95.0371195535094,43.09926444170728,0.9918412339968613,0.6780605891336217,1.0,0.7366524262927083,1.0,0.244219018149596,0.25704909200643333,1.0,20.364325554227698
SUB00608,7,2.4592750194522033,148.75622294753322,18.54623678060226,0.0,0.18414036429749203,1.0,0.5571871507785433,1.0,0.20735061036408156,0.4908640364176415,13.546337292470907,8.356106145851584
SUB00608,8,2.142042973476726,151.73972021374604,27.621113728725078,0.0,0.37042958457524244,2.0,0.8480679153359354,1.0,0.1516984428293058,0.418641387047047,11.234473034205791,18.849583330708207
SUB00608,9,0.0,53.96936894347738,33.05784168383332,0.14745557616032134,0.30033252997678184,1.0,0.5728303503090706,1.0,0.22186988860731605,0.5773618155287409,1.0,10.038634952742434
SUB00608,10,0.0,100.47316074912521,26.815005719661997,0.0,0.9563559731818785,2.0,0.5336470917631859,1.0,0.1678973224141063,0.4915580188092461,1.0,8.212326271974405
SUB00608,11,0.0,134.69287010081797,26.89497217691332,0.33892628319332463,0.6421524564173815,2.0,0.7749481001514502,1.0,0.35175091978758266,0.5475065208584206,1.0,18.624545749331304
SUB00608,12,1.1898054592803264,169.85266510763597,40.11786524798844,0.18165737027962958,0.15365320862063991,1.0,0.8896827850466071,1.0,0.28653140490905055,0.3998809079561507,4.409371599425795,17.8796201202805
SUB00609,1,121.40755858719365,460.28813772975286,53.030338973718536,3.9584643359026317,3.5188015419062437,1.0,1.0,4.759737140821113,0.2786442564812377,0.5226605367817231,747.8318557816227,11.257514223769242
SUB00609,2,123.42572738351939,377.751306110945,49.478104370541146,5.089830054167307,3.4636516300642315,1.0,1.0,4.424257007782051,0.41008684082164093,0.5258922871640282,958.5272877914078,16.842848368076375
SUB00609,3,109.0503034137588,438.53368296517243,42.45075894272305,6.255835263752015,3.477516790801161,2.0,1.4561623765734941,4.8793423522377735,0.6420803020489982,0.46496388864342486,715.8193938541388,15.324702927755268
SUB00609,4,130.346504892401,387.1570307565908,49.89773007564587,3.6758068239847894,3.6215746251609158,1.0,1.0,4.222681474947438,0.5946711570721368,0.43619350524975276,958.6649300355219,8.260773811458613
SUB00609,5,128.2380701588737,306.6130322883409,38.62824579132706,3.810139267535489,3.5392500074916144,2.0,1.2431079970429795,4.322176974081926,0.3943920734950014,0.4676012162204555,816.1868885346323,26.61685424160688
SUB00609,6,132.8294974456779,504.54085511306585,41.065106076302214,4.434807954962283,2.792121469695127,2.0,1.0421203090333893,4.485368932769973,0.5787682982240717,0.4796689710704657,954.4749087261047,27.247812773272223
SUB00609,7,128.21045933469375,341.03770903712683,30.14494165999976,3.850075160943335,3.758962938522318,2.0,1.9842587479530396,4.837428058362419,0.6002101107738568,0.3167131448031387,772.1300888582208,17.012368383938327
SUB00609,8,105.28546890439367,383.842259647677,40.66827157716499,4.202856929861759,3.561112108154261,2.0,1.5919530598083342,4.677400787999034,0.44791356465583476,0.5410235619259152,712.9029298770986,12.110409158922181
SUB00609,9,113.09258733823268,345.84134206350683,44.1236036512246,4.082222747755311,2.074298019620164,1.0,1.0,4.878299650137821,0.6308218899803255,0.4248647053250326,732.4548534218767,22.131951583926437
SUB00609,10,113.16090414513688,521.1271143022492,34.10173135438336,4.723100052514597,3.196677241010669,1.0,1.0,4.780668648662763,0.5567134924470507,0.39000095908420157,736.0955522016413,22.110337644064508
SUB00609,11,129.0351035412422,403.78017105787404,52.364182858604295,6.151400324741493,3.0844179967744605,2.0,1.1057158956588231,4.520058339653107,0.4217991810962649,0.48163814550332884,423.95814482987504,22.006717106950035
SUB00609,12,129.18272881985027,403.95626929116173,47.46262366536437,8.150389731868215,2.253753485185127,1.0,1.0,4.003471165808057,0.5507394731641034,0.3876946622833888,439.2034559932284,20.460272010634128
SUB00610,1,1.215126475683491,39.3621359971375,15.155409514486514,0.0,0.06289340883635786,1.0,1.0,1.0,0.2003034663904045,0.3921748843200865,7.618024413366375,25.72280759788313
SUB00610,2,0.8872080858173043,43.58936067287172,16.356925016677458,0.3590060264162332,0.13279247486240503,1.0,1.0,1.0,0.510657681722642,0.38752979940604637,6.749170445047795,27.437572345995875
SUB00610,3,0.5800778976169976,6.034769181631155,13.14934625944165,0.0,0.05795681905372335,1.0,1.0,1.0,0.28436930239618136,0.3867161305429202,2.132938286950229,12.30188887940792
SUB00610,4,2.6900690559703477,48.60547157300804,12.099587246238311,0.0,0.10103619781019396,1.0,1.0,1.0,0.50048264509132,0.47712561643324414,6.536469864993177,23.534518711578027
SUB00610,5,2.6762755715805397,50.909347941037026,11.710867000477943,0.0,0.3782711152253237,1.0,1.0,1.0,0.2588262416883917,0.4360858067686597,12.898368604491624,21.22530983254574
SUB00610,6,5.51654979081728,32.70862669614338,23.013426406671304,0.0,0.3280565400181166,1.0,1.0,1.0,0.2091116757981196,0.4831873732495283,34.195111107281114,17.938029808488913
SUB00610,7,5.273786900370971,51.38915181043453,16.280342151256967,0.0,0.0029257330747225474,1.0,1.0,1.0,0.4457186238876071,0.5308081734156602,26.319517405011645,23.8146492622937
SUB00610,8,5.562158773835464,40.33361211055019,6.399533487534632,0.0,0.29339744366422604,1.0,1.0,1.0,0.2685587554451516,0.3180063507769524,11.586246395919064,12.634720026988223
SUB00610,9,7.5624999473802745,77.42380549008823,15.718905561054179,0.0,0.08065600897832048,1.0,1.0,1.0,0.3625462786768747,0.37357820837620814,52.20762220754102,21.053407603979615
SUB00610,10,7.114357315863378,14.048632410627008,6.36841774582628,0.0,0.2831519077854499,1.0,1.0,1.0,0.357042948588525,0.5417098690283113,44.07902632013624,26.96306764126708
SUB00610,11,8.910061550881043,2.2070909934147807,18.905690138325397,0.0,0.23516934370523163,1.0,1.0,1.0,0.4626651052830473,0.44506947043947764,21.820620593060738,23.430437684246627
SUB00610,12,7.4845423649873615,42.98458167270856,9.449073566010853,0.0,0.10900491932526152,1.0,1.0,1.0,0.252107966582517,0.551311733942268,38.20022332339889,19.953736317715908
SUB00611,1,108.06420176180056,133.94281418709076,27.084204952048005,0.8426615051305016,0.09174693685473262,2.0,1.903222162520461,3.731659886052448,0.5405042802211731,0.3857951296768328,384.8036611365116,16.425465734166583
SUB00611,2,106.33846916692337,194.10937165310776,31.175843903834448,1.429089070518648,0.8625134883065941,2.0,1.7472372207407076,3.7433232342391842,0.4948718585990377,0.3972871714987877,245.7472103716098,27.012650268207636
SUB00611,3,114.65711283326235,162.8243809761861,17.164919996282624,0.0,0.9750932572954891,1.0,1.0,3.292237345081783,0.3102318256470631,0.5307489003557541,461.1118628821858,10.851803596219787
SUB00611,4,119.06191303954218,302.56737596507685,31.229634408622466,0.9475162633313877,0.520456303247611,2.0,1.1346664631334429,3.1736553611705984,0.25931198980763365,0.26382801276251305,314.0633202403992,24.936596577453994
SUB00611,5,103.9349877808392,160.38983357640765,42.15525405846782,1.2261261574134088,0.5025256404629126,1.0,1.0,3.858705449767639,0.3077116362635297,0.34621858307139175,748.4663469782438,24.292421336046438
SUB00611,6,116.21746640041319,142.81607684646391,18.033745629850564,0.1956788701427432,0.923183290870603,1.0,1.0,3.7717918327998934,0.41364715208587943,0.35721428195459476,591.0823552383922,14.762633526848553
SUB00611,7,119.81624215657584,192.1903959629407,44.27888541034332,0.5091478004305029,0.8097680253526311,2.0,1.8474361572816096,3.7664560724952194,0.5656442187731157,0.37843533583983063,497.09151498683656,18.28406621630767
SUB00611,8,123.61540521151018,267.2676650130102,20.156997749599196,1.0716443821892567,0.7924727949810707,2.0,1.5106724421111761,3.4171324402368652,0.3654814484019069,0.3519248046243093,863.4176312997097,17.320146345756715
SUB00611,9,105.47060427883336,244.25237891355462,24.036627666155816,0.0,0.9714473770045228,1.0,1.0,3.220316113221354,0.37559227964938013,0.5384148823744977,467.65320147065336,23.097622651078787
SUB00611,10,122.4539643880721,242.34085356571572,40.127034973226365,0.0,0.175185091510644,2.0,1.2729824320657233,3.0597516585764337,0.33985924679848567,0.3355597931575832,533.287142871339,15.448924637117475
SUB00611,11,107.18716254667217,265.57642291772356,24.154190829697015,0.5996715731489621,1.1149424471571685,1.0,1.0,3.0718644836835196,0.3986607685712711,0.3712742734581146,757.441681913339,21.45826519434911
SUB00611,12,124.59121759944671,152.2258594741075,22.584781426795697,0.8567028651001429,0.6217809616234825,2.0,1.337344366838255,3.5586562053890582,0.43715191633462147,0.4564661353185913,954.3560244542781,26.6659632755159
SUB00612,1,31.57532970398541,315.49528518085486,32.889914918469714,13.53805154156936,6.6184960069803385,1.0,1.0,2.830809179282066,0.15335197030187095,0.34254770530071343,181.24609238009683,17.87759033946883
SUB00612,2,49.85604015265166,303.643457077829,49.22440686413071,10.417901710123498,6.389277197710891,1.0,1.0,2.742656253001814,0.5494532007990558,0.5494514558815373,390.8401581468339,13.88031452984489
SUB00612,3,44.66377003085928,246.05386611597532,35.065198076044965,15.545919514461623,5.62551480357876,2.0,1.0732969060132813,2.7888840295766864,0.3517689750893347,0.368075030518549,183.70675219391558,15.238993342744466
SUB00612,4,33.543102112316255,325.8792011572782,54.82104353322228,12.084484507157834,7.931451730957699,2.0,1.4798508496130816,2.153524433418748,0.17062173216406698,0.4969458433723879,87.21601288452018,10.16654509697402
SUB00612,5,36.717795686969225,371.152875633551,56.64172490600217,14.448526671261662,5.338301699331851,2.0,1.4699122609465027,2.8997946870560893,0.36643167656090014,0.49287201218159105,191.04988756751095,26.757060837785207
SUB00612,6,33.128317390472645,367.37283558107515,61.64341535455054,9.585109155020755,5.564168974015604,2.0,1.2095851143121235,2.802247965286983,0.29661330551415455,0.4065711257623259,135.15384061236264,15.624998565360606
SUB00612,7,38.75968744088224,319.9971724461967,50.00730307754098,9.406397541000423,5.84627835064315,1.0,1.0,2.2898702717443324,0.16284622291276624,0.5382920068087346,202.7956587358445,11.37537675812795
SUB00612,8,47.789354113995095,300.1104913462263,43.19029012083033,14.658899748688023,8.81996159951506,1.0,1.0,2.966902180932802,0.43797296781805173,0.314310607691693,348.89072104976043,19.497226981781267
SUB00612,9,48.7021007033761,226.08813555415114,49.57392759777299,9.783482910456996,6.717346965261891,1.0,1.0,2.9660407421264576,0.48493216290185626,0.34626184520509584,372.8750055708159,24.374607821253115
SUB00612,10,34.24605427531305,352.3499150738317,61.51150116477926,12.830944239815594,7.452104077510472,1.0,1.0,2.725328008911084,0.25000147445041476,0.5418159895503969,125.18205180364994,26.82095428634409
SUB00612,11,45.03813612951001,277.07949803297873,57.56960937944455,11.295315644868536,7.089400140684989,1.0,1.0,2.4629961925239776,0.423366070283547,0.5336887875421847,171.26217346900447,11.76016659112047
SUB00612,12,36.126537882889494,229.28567572954358,41.88951168034736,14.704064932359389,5.54208035377945,2.0,1.4681654967078894,2.707063776462787,0.3949533053110533,0.46141952741828884,225.6348414442058,15.356956384884793
SUB00613,1,7.0205151571540725,1737.5894868261958,40.4891839194652,2.9389177123345114,0.6999736091621467,1.0,1.0,1.4669736712454893,0.30266501491743525,0.565851448689454,34.301389409671515,11.446557209403885
SUB00613,2,5.747264952586395,1307.534553701617,71.52434956829737,2.620284378714539,1.022419317179635,1.0,1.0,1.4578915153513003,0.21135222963469324,0.25953713523200633,34.70123432862129,15.384045881043201
SUB00613,3,5.561611880000211,1295.3963002888088,75.94482208901118,1.6352337244892137,0.5510887232897563,1.0,1.0,1.280598273633199,0.2811089590027128,0.3131487546744578,37.450951223367426,19.076120498812028
SUB00613,4,3.3699854741134008,1812.4030252028238,40.292680302052005,0.4364985368015427,1.2990801828082148,1.0,1.0,1.042717375619782,0.18640869757123602,0.30886279130693717,13.342015656984355,25.210841101731052
SUB00613,5,10.380298759925052,1373.57539450346,51.43641638952187,2.1127113123425127,1.3216633233336283,1.0,1.0,1.6202267282443266,0.47064454680305623,0.3743594156441946,44.50113019417644,22.605255352496993
SUB00613,6,3.1836567300174883,1308.1276580851497,68.68599892926689,0.0,1.3336448543252888,1.0,1.0,1.544128398646643,0.5145491787425268,0.33472880614638817,11.393550997744848,20.868771082821606
SUB00613,7,5.304464444333329,1665.4669181475592,57.43727019348242,0.0,0.7550941231061822,1.0,1.0,1.8449048597104638,0.19686841331396848,0.5755913389953848,24.344383237345287,11.790441435422602
SUB00613,8,5.870920147929343,1585.8222714453088,51.7199953596189,1.695397628438917,0.7668649650589705,1.0,1.0,1.3500237049860973,0.5361349961748255,0.34022640920830993,19.673145559578902,21.705487551144167
SUB00613,9,6.306758025697556,1322.4815241091096,74.2425804182198,1.7373114654475852,0.2986899441929307,1.0,1.0,1.1590579525581988,0.21758448465173463,0.30596070915361706,15.024499795751955,15.781407321237772
SUB00613,10,5.209942170946415,1747.9450627735366,60.52942997234697,0.20732349099172542,0.6474374369065037,1.0,1.0,1.5083831820582017,0.3445372607824253,0.5745754348620831,37.07454893373185,15.670472231947256
SUB00613,11,7.473346450235378,1552.0391409351932,62.305861452449676,1.3890459700703912,0.44909593508553447,1.0,1.0,1.100849121888555,0.2649855590383833,0.4078244995425414,52.38896091918176,26.43059653608755
SUB00613,12,7.270422350358533,1758.3617113748194,74.68675724368697,0.0,0.031282180627164424,1.0,1.0,1.6451629526149305,0.3617587480226093,0.4622752348433605,47.79941809123278,24.03953316831457
SUB00614,1,64.011647675027,609.1830512860263,95.8920505305644,3.1499895380996614,2.394648726702945,3.0,3.0,3.850402883532515,0.4451920076284446,0.5772856327593427,182.45626806043322,8.088884385619448
SUB00614,2,65.24332454482727,567.2778118239823,71.71954990719236,2.3481465099988137,2.4529228614537133,3.0,3.0,3.595677546859713,0.2876661319180639,0.4645435759085438,375.6483949831849,9.490562897131891
SUB00614,3,70.49470839698131,800.5203999349095,66.89660667436277,3.8633603238643355,2.041969361640086,3.0,2.671600978028117,3.6129287390293725,0.2941893092743648,0.5271530035248801,359.274003613202,11.053277388663085
SUB00614,4,58.08759123237052,581.1026639230364,90.22854658546592,3.450856444581269,3.272040095658226,5.0,2.617821161547583,3.165911432235701,0.45913273107100694,0.5225238932772583,374.63148341369055,9.519272208812406
SUB00614,5,68.15983836400315,667.0496263195582,97.75363218008381,3.335319264132701,2.61786618605289,3.0,2.9759481545346356,3.687535599043649,0.5937949160451501,0.2515306151724793,497.4434310784045,18.454568264227028
SUB00614,6,59.368748124030574,783.0729457509767,107.79521732852709,4.4630731971002415,3.2449946734615236,4.0,3.101157014229046,3.1966301288098524,0.2864709799098737,0.4608640794268475,189.46647251838138,11.877425161065345
SUB00614,7,62.66284668510129,567.8672183567043,86.41862197515258,3.3818536115873905,3.2725332538623606,4.0,2.6407155628267516,3.6688108292294723,0.26707143669592176,0.25600939368313314,196.7656589736783,19.90552822868119
SUB00614,8,48.56606414922571,789.9683115179507,82.94318508824145,1.8923689868243527,2.63191614743282,5.0,2.636085013729823,3.2320195360117667,0.5359981894754665,0.5868189782757562,251.18701845524947,19.288900174182626
SUB00614,9,64.65608977019048,563.8118078799165,77.34196684310406,3.0354072412168027,2.146978760845614,5.0,2.5860045218971965,3.303551849478983,0.5976958560849088,0.4320700790303721,231.82866800588621,21.99729867593689
SUB00614,10,60.70581326011978,644.792592480347,66.90209175590684,4.033812373849256,2.2794767712153616,5.0,2.5289399769762024,3.7363682663138413,0.5287033518379952,0.517123288397162,160.76226529442562,9.018674855892543
SUB00614,11,53.08955584259473,480.93676635135023,98.51244015055019,4.051850484059399,2.7622532559271527,4.0,3.245470818661347,3.390220443083441,0.3022795864353298,0.37106658192413144,327.5887754168068,9.844758101289464
SUB00614,12,59.397380994269746,740.3329159464469,85.53977338026422,2.928019852040009,3.251775088648818,4.0,3.3878595131762186,3.5102801443256104,0.30855738716250003,0.598563312293404,437.798107896482,24.284503616443494
SUB00615,1,5.905225585898069,152.91556371327314,23.607047948606585,0.6118605072195673,0.6804192282055841,1.0,0.9207433403098942,1.0,0.2771700601461749,0.5492887354601053,13.723470708615807,27.82352964417698
SUB00615,2,10.43829441649411,82.93874889345176,17.436538146506482,1.9767519188562352,0.6466664536854106,1.0,0.9062188571738978,1.0,0.3817700237890913,0.4222793740262182,47.56372793925019,25.177452968732617
SUB00615,3,13.209988825225807,167.18410744012613,32.88764268989077,1.2236211674088873,0.42131923177587494,1.0,0.7982600594103546,1.0,0.39062368974392825,0.5684032638230238,27.55605466171858,18.819670850609704
SUB00615,4,12.159369922609681,103.00754044415164,21.69108198394368,1.2658074573544407,0.5489596724103909,2.0,0.7137845099227214,1.0,0.538296838552417,0.4520940605320884,94.13084229315066,24.40486157164044
SUB00615,5,4.914240787512886,130.99692704664955,21.94725291606694,1.4223993578298666,0.287483208242146,1.0,0.9564976443309755,1.0,0.24817415389250858,0.3506928976414753,34.82738707310257,9.996108322808057
SUB00615,6,9.741727989785945,60.06069051692741,15.59925519242499,1.7503624362030314,0.683565088271602,1.0,0.5930288358370739,1.0,0.31686580246827645,0.4373807226149692,37.338188221929876,21.330226254624705
SUB00615,7,5.436006359586078,54.856131329955275,16.126578460632555,1.5348877424918328,0.3020710890310583,1.0,0.5030797582620068,1.0,0.4737220894080145,0.3292893316774473,15.752017947231987,9.690546151025377
SUB00615,8,10.849020894321932,89.18555629912792,37.91058383326008,1.2187476974044735,0.072556325948682,2.0,0.8837802028021977,1.0,0.5499814736687192,0.404116382633175,42.98804355074145,16.404093664285064
SUB00615,9,5.712818292519105,93.60309904164326,15.057433186799848,1.4352879529289129,0.418401262634727,2.0,0.5881952535743299,1.0,0.42199728997515296,0.45340520295421527,32.99110340931091,15.835473317788647
SUB00615,10,8.293321548822256,73.37656043345488,29.04198808518474,2.3933498852608173,0.829764666469082,1.0,0.8397740406396026,1.0,0.2736783285154799,0.49291085014415187,17.66186512019686,27.938282577119875
SUB00615,11,8.331227450275465,158.26058733158666,28.33392213626253,2.044825379700158,0.7690036561406149,2.0,0.8828625595356481,1.0,0.1555639135339874,0.3171830775045409,17.666648672028153,25.558891850268793
SUB00615,12,13.92016034027334,75.85910964688247,17.54410716696062,3.077173043225936,0.08540238268435296,2.0,0.7809754781298477,1.0,0.40479626910392996,0.5339461955890477,34.60319384797633,18.765874108237462
SUB00616,1,124.00239161636348,547.3769162688964,32.52596417216078,4.6943707128267365,3.5634070415819257,1.0,1.0,4.982679289634203,0.32224075442588895,0.3077013219099305,256.3073433473921,13.880036329257678
SUB00616,2,112.01188358352695,384.24692978189455,36.39505923028716,3.657723959637965,2.9301501943556847,2.0,1.5552687670782543,4.9076261014923,0.63925124303154,0.5738216103813223,427.53539241758233,9.210167695363351
SUB00616,3,125.29420371047411,345.53722644752014,31.315391623384222,3.8015699276477846,3.506965027813056,2.0,1.3312127606149518,4.613169103433197,0.5188799195048431,0.477654873287443,402.1537179905671,9.155912080852753
SUB00616,4,120.79566285569635,436.4150406161451,39.2880738511763,5.068091505367253,2.5863016768734006,2.0,1.9963273348619799,4.543439263005951,0.4495429314401407,0.4806015108294075,791.309847231384,15.563990574352495
SUB00616,5,134.4652210416318,322.77688031232873,44.90027018880717,3.750963251904565,2.937799414865563,2.0,1.635504253471883,4.837451925564406,0.5254085287164368,0.3293220126787595,937.9447339272779,12.633339624811494
SUB00616,6,126.55456006179418,431.02498337648916,42.95688210901146,4.283619533843758,3.5680543828721345,2.0,1.4204139792787744,4.851665537236474,0.3958693163389502,0.4519790087577369,338.32103171918305,24.80483766898682
SUB00616,7,112.93962438649666,565.0643863257536,35.28564493929596,4.3522129082419525,3.7787609241371465,2.0,1.5850870263822747,4.642741717035994,0.34957403306980384,0.37495816749236693,300.2852249553696,22.952690364116663
SUB00616,8,116.62718031080892,519.6803194731285,34.14905993011324,2.4431143087698795,2.8658713713038013,2.0,1.0575142735560679,4.182629205933089,0.46415347120733097,0.580967300265984,391.38250591178075,8.743211794850328
SUB00616,9,113.41455985938114,348.16540515062474,51.065724202246706,4.257181096081713,3.5145352638002367,1.0,1.0,4.019204042873699,0.42434548291752916,0.5892201235368812,769.532257199516,8.157068254290536
SUB00616,10,116.34044169318592,503.5836199318521,40.06679221579893,4.9088505796448025,2.647382567150852,2.0,1.6292255257517718,4.417804735616197,0.4791146812883331,0.35279036086399185,647.5729866223327,11.095548489023688
SUB00616,11,108.78768187626248,305.8143259777904,40.32684780419008,3.7316324691508296,2.7701474017086025,2.0,1.6528434321235919,4.975176601066891,0.6146663544773555,0.5720227885815833,740.0485978214101,20.736299994035683
SUB00616,12,123.84148060825163,336.5482073399742,47.31359166734108,4.163367239520535,3.424175085178014,1.0,1.0,4.198238245269603,0.5032977948711964,0.42492875701479355,407.6002901086557,26.213310411940483
SUB00617,1,2.6203288251902235,91.29514079025844,21.918331077839202,0.39251568919028473,0.16417289192932277,1.0,1.0,1.0,0.3839193486792669,0.3884947081543274,7.382850505713495,14.073989359143306
SUB00617,2,1.0165803231706225,10.297720915519822,5.609436190496757,0.2750288477387338,0.29402453474967216,1.0,1.0,1.0,0.22061802935375957,0.43444959844717934,3.9592259430875436,17.43320805480524
SUB00617,3,0.0424942200020304,43.50393473692488,15.132252573816995,0.3920253359372222,0.3557259262291991,1.0,1.0,1.0,0.47609285162910175,0.549005068722779,1.0,16.208221727482474
SUB00617,4,1.7092174494180596,92.13210501884348,8.652389134421698,0.34969681777427214,0.07672147969213855,1.0,1.0,1.0,0.19183847480099553,0.5874913966279424,8.098887472695441,14.081579254632654
SUB00617,5,0.931208109468559,62.11003047857387,16.994466606394333,0.11203643725267712,0.061387130538475776,1.0,1.0,1.0,0.18790458996165862,0.5661850716310994,5.7323401513934025,14.070599036807195
SUB00617,6,2.6866188955340613,73.22852032031875,9.304296292709104,0.007037083587644627,0.23514917145463365,1.0,1.0,1.0,0.30550410160182473,0.48235321066691267,14.791712291542737,26.255915787679058
SUB00617,7,1.088518826586668,61.36863152290226,11.949574826819816,0.10248791510145128,0.1759677198452872,1.0,1.0,1.0,0.48275527991003764,0.4832613858171251,4.9466075541841095,11.228134992268588
SUB00617,8,2.989976638439617,71.52225195208676,20.594812394016937,0.11399052302321211,0.11498602363624771,1.0,1.0,1.0,0.20728962932217326,0.44335588683411753,19.989357965742922,11.714254766209763
SUB00617,9,0.5484540046238533,53.71889331609623,13.062332594182882,0.0,0.3540168503422376,1.0,1.0,1.0,0.1855370904634072,0.3261904686352396,1.2409065930073517,20.465877536905943
SUB00617,10,0.0,114.98230550663455,8.165689848985906,0.0,0.03249079526361115,1.0,1.0,1.0,0.4708613610281108,0.5306345044056515,1.0,17.73015966789033
SUB00617,11,1.3339233148456988,88.53254946102479,17.310344317975925,0.03467534465025779,0.4199733112464993,1.0,1.0,1.0,0.23943243341496884,0.5285108991881133,7.775957926804167,20.51919901849955
SUB00617,12,0.0,42.89388501504538,11.727743167200533,0.0,0.4624498264595052,1.0,1.0,1.0,0.3037388313723598,0.3523835105626261,1.0,24.829210909763905
SUB00618,1,121.83599852340937,182.53944234702382,17.51296038418505,0.7748630942784219,1.1395929397435056,1.0,1.0,3.7940498108768184,0.489185777367829,0.250741316725601,971.3311447121299,26.21577254905566
SUB00618,2,111.79418350956735,223.44889829532679,25.37767757469421,1.5353376330035362,1.3579330000503789,1.0,1.0,3.3886922308280694,0.5671298127971692,0.5896667848078561,770.96676469711,11.181984282601302
SUB00618,3,105.90831438522946,153.27540627924895,32.09191052082363,1.0588391421081889,0.1688027724038509,1.0,1.0,3.808507884476761,0.29273238612863584,0.32615342151021054,801.699175360643,25.077851696498566
SUB00618,4,111.57589373057799,317.175203838116,21.587163557772755,0.37328007677685193,0.25954882223186104,2.0,1.4159709701323333,3.263948882982438,0.39365100621781624,0.5694119825242203,668.1549253192719,21.050923552345047
SUB00618,5,122.62787108071949,255.24799627395606,44.98270081747855,1.1134452616284114,0.5056451773609159,2.0,1.4300326667709413,3.61309741003009,0.29704026020478413,0.546955564773401,811.7466705353708,23.684953534556215
SUB00618,6,120.33132625944538,150.60041768219932,31.224599914565747,0.43159846821297354,0.9154042442759711,2.0,1.7551977833818513,3.865809808551397,0.31971876219025985,0.4491576975775307,619.7748561651325,19.97984206607103
SUB00618,7,103.5571364021207,240.57432292115487,24.555058738039797,0.003971678395894296,0.7980410768387941,2.0,1.530658605612581,3.3153125631118585,0.3782943982474287,0.32651587007069904,461.2753739322955,25.17557441396459
SUB00618,8,113.86181329675297,306.11525455452744,16.9868720580912,0.2732663461438616,0.5295186816024873,2.0,1.1633595351343367,3.410004485430636,0.5155902821836588,0.41208629393880286,678.3532227049859,27.857956740176327
SUB00618,9,110.7400637891629,231.06534477432345,40.6503342224528,0.7907840020034571,0.5684268370097891,2.0,1.3557938753144572,3.9308501935985833,0.2516337119424203,0.5353249911834076,726.8464102323363,18.252192388023325
SUB00618,10,127.0275500770657,231.88218302583476,22.177572304908562,0.6757132377560082,0.5711540679794715,2.0,1.6881191007815168,3.6270422530042885,0.5876454087976218,0.4710444319277629,960.5897176465411,24.560586312609153
SUB00618,11,107.87133640961423,155.48796026599214,26.2026632290229,0.6864666925819958,1.2644928366374857,2.0,1.9285894215741681,3.789683956662563,0.3181738000633997,0.32817265412572283,551.9687578690518,17.713270944721245
SUB00618,12,123.29832591616781,284.93213907855454,37.392272798042235,0.11700422346649719,1.2590199247580367,2.0,1.476316512341115,3.163574936756083,0.6384228672985492,0.3492850004530295,308.5937887800937,21.727481628541256
SUB00619,1,33.24308032581325,256.40587977970466,64.59492520766827,10.58331778875136,7.899943206428139,2.0,1.6197351396749653,2.8572037209480454,0.16998310376073095,0.5042141105211949,254.94218094690459,25.386353506558816
SUB00619,2,35.97870762953619,234.8083736865036,48.51060896746545,13.901470342549704,8.139180607705867,1.0,1.0,2.711535472022036,0.21234754745493553,0.39013965666273187,245.29718414431642,23.90400018366433
SUB00619,3,47.36885778512535,399.0982609069131,37.08051183633368,9.76983243657972,5.112334948023353,2.0,1.5717589779654557,2.647706887849788,0.42884492852457956,0.5576309888885678,233.46074817669185,15.063261048849016
SUB00619,4,42.364680338926206,181.00053081454354,50.54684308307554,14.312703936678222,5.410073636223988,2.0,1.404826177707778,2.2278034029965808,0.2994548942072102,0.48942387208859295,228.98806210911934,13.946593652347996
SUB00619,5,46.89675888600511,196.20511772294125,49.88181738329986,10.284188711940422,5.014966191614148,1.0,1.0,2.5158137407930505,0.515243518111728,0.3264222686791593,270.18049647184426,10.296015174096013
SUB00619,6,45.424949685160556,316.37073264358224,35.89077111613158,13.458039074947358,5.1699351601113985,2.0,1.3330124446325204,2.161059814698201,0.18465606647042487,0.49080354144894517,205.21144492957595,27.230330402522107
SUB00619,7,47.988496557945055,213.14283884835882,36.47378629026393,12.548304855611464,6.778819876109861,1.0,1.0,2.1507113468894046,0.21300952079178134,0.3758153674844066,145.15035051938582,16.93013559533395
SUB00619,8,36.45537234962688,336.92458537797165,62.582130443451405,12.00946617423034,8.259627071226173,2.0,1.8289373045149477,2.975097605767463,0.32651155089135375,0.5555555366605887,161.57168958970706,18.068657901962094
SUB00619,9,44.748181732902474,218.13506005909048,54.838443042385265,12.55479521743007,6.440118664265972,2.0,1.4516459717911725,2.889236202861072,0.17999303064339842,0.49096063369890874,154.87557220736417,12.051845969000208
SUB00619,10,37.26309490096827,278.41510382306757,46.94983144671887,12.428886659016541,6.841839320519057,2.0,1.9234906340302118,2.6307244589870775,0.4314244802946131,0.3359084603810002,185.3172806651081,13.024680963415229
SUB00619,11,36.84891960813184,377.56778690277304,41.02104993560008,11.150431500633951,5.3705105856179,2.0,1.5469065391363106,2.5896700601645186,0.22862174671425387,0.5925314988418627,270.5636253079055,12.084274610118971
SUB00619,12,46.92757831229345,334.6042295144196,31.03034551700162,13.617097021331977,8.558093278700747,1.0,1.0,2.740740066612818,0.44174787966739126,0.38033306814858336,239.94723754953122,20.475658078679583
SUB00620,1,7.404359713889627,1316.625255654453,77.45375948206103,0.9585859710087229,0.05878017832058602,1.0,1.0,1.9671732053126119,0.28784417923381966,0.3091734285901666,46.16207878469335,15.693582652608708
SUB00620,2,8.035881386201225,1430.486589664837,41.61819194835797,0.9707550877388057,0.8025583697888243,1.0,1.0,1.4954587420597212,0.32584409497763717,0.5648751510525175,46.10420767874152,23.084696055369747
SUB00620,3,6.0821422995423235,1393.8219338548442,61.45126312786409,1.0400396519699289,0.4519543950589571,1.0,1.0,1.639017515959588,0.5173561372116778,0.4485407650621366,44.41593239224273,27.665031773902122
SUB00620,4,0.617985537445736,1749.387473676549,47.5940724851945,0.24126785159536884,0.7705168138761034,1.0,1.0,1.0153482911112583,0.4895561202073435,0.32391630310290237,2.0613647362122753,21.779342616614507
SUB00620,5,3.58426627787969,1309.6771293421618,53.25500244445131,2.888578353411549,1.432136880654269,1.0,1.0,1.2479117690646246,0.19518785238695274,0.441628054298301,22.712959000739158,20.97353844633966
SUB00620,6,8.163425948587154,1311.6923306304002,41.5119563340103,1.5172073773781918,0.6571649207673412,1.0,1.0,1.425218845569022,0.4600530605179022,0.39131319581807616,64.34518110882138,17.624049533677717
SUB00620,7,1.4494858942269957,1385.1113560293336,50.86850189791768,2.309176416179348,0.4725073908526433,1.0,1.0,1.3863293922707072,0.2781108007143809,0.5228065294657169,9.31485727215656,23.020265295397536
SUB00620,8,0.0,1344.310326048495,61.55155859201655,2.517004878467246,0.46820692926562135,1.0,1.0,1.0055337736138583,0.3029228198018755,0.5825733324944856,1.0,11.258785031791898
SUB00620,9,0.0,1679.271162811087,73.07005201949039,0.31124857219988356,1.1097035402669226,1.0,1.0,1.2376215822991457,0.5461547982943245,0.5340029091444405,1.0,20.61547433330697
SUB00620,10,2.619012134174011,1418.7372004556744,71.46896127429424,0.30159293713517743,1.2482911938016357,1.0,1.0,1.9756062542271295,0.4999483786184864,0.4891763859830415,11.09567132520572,25.80586956451019
SUB00620,11,0.0,1187.3246920677414,64.18198760056447,0.7728035240741599,0.04335013638059754,1.0,1.0,1.6349314207717287,0.27745144911988023,0.3035059281840716,1.0,8.020832386950513
SUB00620,12,2.0630826673210527,1787.7983578038313,75.43786550547311,0.46862873546420775,0.7446214847983486,1.0,1.0,1.2273488486235056,0.307759257097855,0.4590141301670175,7.86939802595747,11.224716344914754
SUB00621,1,60.73773070584104,620.8069609657902,73.8386643662491,4.657797511832043,3.424991488834476,4.0,3.17875257091621,3.7824009534345984,0.3287212631173614,0.36614118082555436,240.92658703804267,14.058298101618249
SUB00621,2,59.03198497758458,574.9333957945345,103.73768723580342,4.306389434688851,2.454108578207741,4.0,3.08170999038752,3.4329622500308052,0.48271354801655075,0.5241722466444749,263.11915660309313,17.963928398130243
SUB00621,3,59.77098512477116,496.5159312258162,89.3274049193823,3.846247658993352,2.4056116328673154,4.0,3.3038151233626163,3.472460824138026,0.4332750457459884,0.443501429149784,250.59607952048484,9.99287293113925
SUB00621,4,63.33736618300252,811.8417935091454,75.60378815340783,2.1434593612044743,2.8396948068308507,3.0,2.731952122225696,3.254059056316078,0.4501126998632642,0.3648040481579632,267.54706602028136,27.85557760117457
SUB00621,5,60.32605328453792,733.3416136234262,116.75086786495163,3.026787747288236,1.867496589205443,3.0,2.944605773847753,3.85686821447477,0.5650651322358972,0.2873921394067703,393.09907848590365,20.80582297857389
SUB00621,6,71.72037994339554,628.8346508822173,101.63866033012296,1.6911307787696217,1.8177597508572674,3.0,2.982320727994899,3.6118294271602305,0.3995732514292675,0.4801730733549042,314.9977879831586,17.66680274784259
SUB00621,7,76.82270140992703,678.8982748086406,106.29579343904507,1.762057543250344,1.5849569590484305,5.0,2.5947636073186158,3.917513355057493,0.4505123120376383,0.3972513531902706,412.541555525361,25.595088048701633
SUB00621,8,56.26043716427413,511.24414858063716,119.33623296454645,2.382594276234052,2.913682401669289,5.0,3.403012518112278,3.497683675235101,0.5873199611261667,0.43634837053455616,352.95288147317723,15.220017207044382
SUB00621,9,68.44936767515821,668.6274064416766,102.16094231656385,3.623481625936357,2.7257897257381956,4.0,2.8388722196154985,3.499717687968127,0.34585376981239585,0.36838676704524764,464.5827368230536,19.091169519066927
SUB00621,10,67.87602203867137,589.818312618274,69.06292396073276,2.019252782023332,1.9989736826232634,4.0,2.7759880163639274,3.9063044701367033,0.40249692947721716,0.44645946230986105,245.48968894128552,18.105581583120195
SUB00621,11,51.3737786947241,593.4539975375046,114.0063504848216,3.4552605254886344,2.6718768086268856,3.0,2.5379974674405235,3.03309746652437,0.5947380088157747,0.5584707831321378,177.1227552842356,17.628091376422613
SUB00621,12,57.69687808987823,645.40640911554,62.94351129172205,2.857821548404281,3.4981925017781457,5.0,3.0632452650555857,3.629076764837025,0.6183516786415975,0.3078486548014736,287.7796611216581,16.409093588123635
SUB00622,1,8.478064069566715,125.87205451651732,29.080067496367178,1.9019683847517344,0.44801811316211193,2.0,0.6812933413742706,1.0,0.30117151003104026,0.5500761191627623,47.871377028496795,8.541152560440597
SUB00622,2,6.6428035742158364,104.40091442497176,44.17652093942889,1.963711144431814,0.7575317059105876,2.0,0.8218928846506842,1.0,0.3509062024842505,0.5603941401405432,31.14951855007414,12.093682419108093
SUB00622,3,7.8456461782729745,93.89387444115957,36.87764381258362,0.6928594662182962,0.30622180105445573,2.0,0.9695328977620907,1.0,0.18783616443153295,0.28284908219757793,22.89827559127423,17.863306680795787
SUB00622,4,8.573217903146984,109.98957315888782,24.890242238874087,1.7970576309397286,0.22477127547695286,1.0,0.9142183731911009,1.0,0.4087115381538673,0.4286782049132962,63.73327526763752,15.58076938278987
SUB00622,5,7.5182533512288305,81.71214207596246,25.667966484296013,2.3722184356461486,0.7185212976627245,2.0,0.7191115242420475,1.0,0.2964915271719616,0.5959296702871263,43.42657042988195,22.231299990338186
SUB00622,6,13.155395964106669,110.98180128073601,36.98929186013859,0.8818378175104019,0.5231022256198842,1.0,0.5668651792293424,1.0,0.15853983085599407,0.3943780354250666,33.81400643590364,12.646654504982134
SUB00622,7,6.458111176510611,143.77428518890775,30.539865506922656,0.5587084947732496,0.6441745487437702,1.0,0.574532626956195,1.0,0.4554737760103713,0.3521922795594415,37.51744901587307,27.27496172206872
SUB00622,8,16.161287707578637,118.687970273199,32.0722830431687,1.4827628690357737,0.1020778205931474,1.0,0.7825671247988248,1.0,0.36619938292279064,0.5738153227559823,122.28380516558322,12.751737599372003
SUB00622,9,16.024784089868565,138.11840240677327,28.008541959740413,0.6249581010415954,0.21059028572802052,2.0,0.780109044202038,1.0,0.4642908169213752,0.4565041836408846,53.67859640006742,10.413634201461862
SUB00622,10,18.20587415911254,131.97753706589253,22.85417334721607,0.8741022287901059,0.6997266144195862,2.0,0.759209888901464,1.0,0.3763257502352021,0.34956322129468975,73.40065816592121,18.033923641721124
SUB00622,11,17.944110483318795,33.98487294091176,21.0235074512166,1.5125824433021091,0.6124633717761302,1.0,0.6561600843324311,1.0,0.23791295535101192,0.4901517328735725,100.5278103884619,16.205486728835005
SUB00622,12,11.064398263484268,114.8780160156152,23.328193787045127,2.0642451810666764,0.1354317346733961,1.0,0.6823113371900236,1.0,0.34766561609604657,0.5497855083497221,74.1515543573417,23.345440997909485
SUB00623,1,126.56706675641982,438.633617932721,46.911794345249305,4.845697939966628,3.868745727265684,1.0,1.0,4.994110671650936,0.2735290732996807,0.2616098142898426,298.86922082535034,23.4051428717967
SUB00623,2,128.58298165161372,480.90186742400886,48.122982170597695,4.170261611079306,2.449414596637566,1.0,1.0,4.576008453419672,0.34675985930987185,0.4396358695022105,275.3328129469243,13.371109357363608
SUB00623,3,110.5356283868888,398.023768084696,34.533949795566784,6.373383901740292,3.6621571639757295,1.0,1.0,4.337222457488052,0.5672438973648667,0.4454085433764926,720.9219306698208,16.530630713574816
SUB00623,4,139.74983153978286,512.7334582005376,32.92388593256957,6.169054549967081,2.1694366920309323,2.0,1.4859024213709526,4.753886607280363,0.25447873145120387,0.38478878193920074,504.21924425636377,17.898435776603264
SUB00623,5,139.02474837812727,439.3836397170131,47.97479484228503,5.972457988958208,3.0230954078232823,1.0,1.0,4.079527807539411,0.4826452129048945,0.4278449194309889,1008.8411609371639,17.474071273527017
SUB00623,6,128.1218034219793,499.3577972094836,34.86665703940092,4.11558647655459,3.0926477992022656,1.0,1.0,4.325928091074175,0.6268132984601194,0.44513249572784996,838.3718221033558,13.550324735336815
SUB00623,7,125.78855405826629,444.9678592715666,50.88571056134484,3.0439584582796675,2.139889556837294,2.0,1.6965606877501533,4.668978518960401,0.40667609152951323,0.5985665737925547,254.79312554022755,8.948970221427954
SUB00623,8,131.3585792948678,362.7449628399962,44.970290664370445,4.333356949277469,2.071207720810583,2.0,1.4743991094352744,4.668356679373314,0.6437161079292353,0.27740233527167174,483.38694438914143,19.641653044114204
SUB00623,9,121.4734985690259,395.6176489266188,45.41446078225637,5.33401490704565,2.2652938277994314,1.0,1.0,4.612724711302473,0.2848872573773996,0.5089436297086299,344.15062353570147,15.995074534958672
SUB00623,10,117.37155568874772,532.2331343307376,34.41098116229571,3.0431387621138635,3.5658241414106184,2.0,1.9518829368833077,4.287098013374893,0.3498692676097524,0.5379036297619575,657.9262284138381,17.1364188466498
SUB00623,11,118.76124069918541,474.58468000125424,54.08045346560067,4.884976344892566,3.794677371959516,2.0,1.1784244642818402,4.461743671706241,0.3115712153167478,0.5966982008929155,358.2794747935973,20.015304241952247
SUB00623,12,121.11270572408817,502.45397881265785,45.154138163371854,3.810383052722345,2.170456098451142,2.0,1.486184933218513,4.383955696643163,0.5962055184729016,0.5006405123428362,906.1603532237984,9.62350500890302
SUB00624,1,1.727908625681628,51.66872632289065,16.580148952572493,0.016697072596046407,0.18579041021392023,1.0,1.0,1.0,0.3967380559666329,0.5095823805686981,12.781320405746735,19.671442301590552
SUB00624,2,1.8224606744710354,24.195515561986888,9.993897702650905,0.02831298282934297,0.06962248115192998,1.0,1.0,1.0,0.5493399632048088,0.5182206648786318,8.03546172397072,22.85140118216031
SUB00624,3,4.830823057238028,42.10166449108785,23.1032635941075,0.2673899891608134,0.44466800780629884,1.0,1.0,1.0,0.27744430977585527,0.32075386661143973,26.053798950802683,20.32178080657909
SUB00624,4,4.64848912510908,20.030936507451525,14.30017907812516,0.012422939429985569,0.24262601434835918,1.0,1.0,1.0,0.4363326735275914,0.33025042435265467,13.60221886699328,18.85161682141414
SUB00624,5,2.435512069481174,27.10798572174449,21.568388413152494,0.0,0.10924078123238712,1.0,1.0,1.0,0.3145682631880241,0.492676154555392,9.732289761483164,14.430358901335618
SUB00624,6,2.06254734939239,72.43125452406306,24.797380029160788,0.0,0.2530979950654641,1.0,1.0,1.0,0.2116072280723103,0.5931961928728826,6.192797432425362,9.423114330033986
SUB00624,7,4.597799517664134,18.68358232928793,12.40515699835509,0.0,0.2533080629230225,1.0,1.0,1.0,0.36197163852363406,0.3552636167585113,36.77112163577641,21.336135861842493
SUB00624,8,4.885785741513262,0.4932053532730887,24.816441043578152,0.0,0.10656593553884258,1.0,1.0,1.0,0.25831342537196267,0.33047346285852813,33.451522516679184,14.676982324503493
SUB00624,9,4.136243839146278,55.45544502960084,21.45078035851803,0.0,0.0487202669897735,1.0,1.0,1.0,0.5166282207895155,0.34127259844397795,11.910576088536848,27.81188601404331
SUB00624,10,2.8099531215913145,61.92572322160853,6.3240411828042165,0.0,0.06314810300252272,1.0,1.0,1.0,0.4123776534045741,0.2760486675973905,19.057883995438335,15.97468192133896
SUB00624,11,4.838177548331833,29.196672724910314,8.885023619221128,0.0,0.43099460897182945,1.0,1.0,1.0,0.15094419514052054,0.2811827730582594,26.25926145606073,12.961189112200923
SUB00624,12,3.5804177458378836,22.91983748944474,9.191299784925587,0.0,0.3017785156815875,1.0,1.0,1.0,0.49649692458290395,0.3688513072817143,20.068681383804204,22.259656792485345
SUB00625,1,122.75107597036504,193.75229678616665,37.283153450504216,1.7591884129135391,0.8602771544490337,2.0,1.0413417788156527,3.5374323842267237,0.6212052634635703,0.5223117948507842,530.3335905683767,23.762811661744475
SUB00625,2,104.17259325692932,184.71050754349292,22.129237714631948,0.5882878397851286,1.3069290368569892,2.0,1.7139377607763824,3.2222772129099146,0.46028813221814247,0.5321976098082206,572.9231503970685,12.9315471508661
SUB00625,3,103.9401069908392,254.59649467753488,19.253284012777456,0.07204536483570839,0.08194531366079594,1.0,1.0,3.2862251370480595,0.5563971720842177,0.507649353890284,645.8051274070347,24.446027520446126
SUB00625,4,121.66716597679658,265.4343900691788,19.329699695505838,0.0,0.34761689360714404,2.0,1.2824783265813553,3.1038901884168864,0.40455402308313904,0.41147321426654226,860.6242110662956,18.28992298131376
SUB00625,5,101.77656447078748,297.60185807289895,31.509513820479825,0.5894175968092628,0.4928442791041125,1.0,1.0,3.187569036610459,0.5633460254410984,0.47133242410942255,543.6401921920251,11.683391654478188
SUB00625,6,98.46734788574601,237.73251127593042,18.285530815511333,0.0,1.363739033597443,1.0,1.0,3.1454846993054733,0.38235322781050907,0.29102370198440053,353.39144167734463,21.198354949771492
SUB00625,7,101.91179663277254,176.89989355004278,26.960537662019426,0.29290670140680897,0.6015181773426568,2.0,1.6711322656858894,3.4820700447644333,0.6083113085498673,0.5119314596168147,214.576378982147,20.32615204260464
SUB00625,8,100.45995382717767,225.576511666145,24.74117460622727,0.637211007112588,0.12006440344525493,1.0,1.0,3.6701485244024803,0.39944176210903803,0.2507730522193731,412.33767819040895,26.729001346861285
SUB00625,9,116.85597785124972,260.3316662262774,30.788479970978194,0.7117216941651598,1.1558808016510156,1.0,1.0,3.0349089566724294,0.33669862994996524,0.5693382045507375,300.7405656275545,9.992883173129576
SUB00625,10,122.88636941022018,294.5157667677517,36.297301023748304,0.0,1.3581067894741479,1.0,1.0,3.200943178508096,0.325029450642182,0.5699616071189819,362.48305728241985,19.6486491152585
SUB00625,11,103.29878757298762,260.45741727608464,24.954659750471883,0.0,1.4701214642979614,1.0,1.0,3.053487053885288,0.33518264483697413,0.3971169254806465,301.59493472242934,8.139238503867997
SUB00625,12,117.02177722651734,269.8817651005204,29.06442488615364,0.26956844292915316,0.8117378798893278,1.0,1.0,3.348194139629636,0.5238389829637549,0.5901098711631727,657.2191123216588,8.746109363053426
SUB00626,1,49.23058393067041,264.6765348468184,31.815522850641365,15.3208030987905,8.701787317162088,2.0,1.8512429889420932,2.5901723258834704,0.2411227130468256,0.48942568923894836,153.67502963896007,12.333307212239088
SUB00626,2,31.77595720248545,278.5495079823544,55.40484806042298,13.317744877345657,6.116636764676185,2.0,1.7537711679675716,2.715427662477293,0.2819583423253423,0.5706763079885246,218.93119729252078,13.316510012418295
SUB00626,3,39.242541626439504,258.5982032907238,51.62243322402911,10.764746288298866,6.540111598503193,2.0,1.8139289834267691,2.9851157686801764,0.5228852729547907,0.5185764637705963,218.05710152754438,15.822285654509207
SUB00626,4,47.164134913283014,354.43371899561845,56.59089362659171,12.628248885142966,8.61836872473274,2.0,1.0792496040062771,2.4903153280112544,0.19912419453418956,0.40093078887004013,97.87670994975778,19.554310916958975
SUB00626,5,40.1704617731852,274.42162432544814,59.365498294309205,12.095063645984824,5.645165515117542,2.0,1.897135006823922,2.3668220231863812,0.29903399434566735,0.48791181477436,85.1216873206088,14.002935162878346
SUB00626,6,44.06161930351595,295.36960480224303,60.99350711324247,15.292576671654578,6.641058740154488,1.0,1.0,2.253024647002982,0.3924468716313205,0.3709847890775666,116.8100673110847,8.351759346613814
SUB00626,7,40.55181394895072,220.50208840713563,36.507728210126615,12.484143104035454,6.16552057039083,1.0,1.0,2.3943381176490326,0.47527858554788915,0.543838173934072,91.45605322695319,22.639116745939354
SUB00626,8,42.792502806587315,357.3809605084905,35.09763409313722,11.437100809666997,8.163939110911558,2.0,1.3255573114568677,2.9680029979232256,0.5206132214592814,0.305037060439987,184.240190955126,17.1530427510218
SUB00626,9,34.33507332527363,230.5142496162656,56.872956657603886,12.862353318155263,5.591671730106469,2.0,1.5840463748874551,2.0539157533418306,0.5174886224416559,0.50738538479657,85.60099809256681,19.748431479204122
SUB00626,10,31.078796858509588,304.94453250253304,51.372879894358334,11.079329161572263,6.470615557539393,2.0,1.862073623373535,2.796485489388594,0.307892355444056,0.5200612190612823,222.96793279396576,17.967254216587303
SUB00626,11,44.19385329086263,213.45107023428142,60.4356167619231,9.973580686296152,6.985329895295964,1.0,1.0,2.4338843712391993,0.17115098851102312,0.28682297889537667,351.3061863385057,22.840484985849997
SUB00626,12,29.981158837003765,372.62404546870243,46.29721779195014,9.771440570232544,6.6749401518715334,1.0,1.0,2.0123577004537623,0.35294862847703046,0.2944613947122386,186.52475029838632,10.079782236992564
SUB00627,1,2.481073103585965,1428.6742798677965,72.51571077407094,1.7658798729844016,0.2811640522505252,1.0,1.0,1.9907843086702504,0.24382454205775161,0.3074557329969307,16.434791751561534,21.434959076316122
SUB00627,2,1.2395157364402947,1722.6132307280159,71.70169350496118,0.49433305042350156,0.6955785607126888,1.0,1.0,1.768968834387409,0.2593369128531482,0.2571430516699077,9.567046165972945,17.229962107058657
SUB00627,3,0.2242790606935956,1705.6902710375339,74.05960101439719,1.9513371018550836,0.14577518807608447,1.0,1.0,1.558213469861277,0.3331411112461542,0.3201929183627762,1.0,16.453772945736088
SUB00627,4,5.461416715010257,1735.092929068314,45.841217660169356,1.6416249570748975,1.4617780466919796,1.0,1.0,1.4833850339581929,0.4029016748686489,0.42256889689596,38.788474007767384,14.263314263200554
SUB00627,5,0.0,1402.4259525217406,60.482948131671556,0.0,0.23694601089818235,1.0,1.0,1.442397131489463,0.5278953223754013,0.42553886253782186,1.0,20.38658370675731
SUB00627,6,4.604428022223791,1277.4103507625075,65.54979573609302,1.4192865345416477,0.886505243522566,1.0,1.0,1.8049539879114342,0.38362977090560924,0.25689908649254567,34.269046144871304,8.69622224881792
SUB00627,7,3.725082146901978,1241.7965040615752,79.51958515312428,0.8056059863417677,0.31596898022602987,1.0,1.0,1.2862725542326416,0.41926384376161807,0.4807361628996779,23.613861266665253,22.04696541799087
SUB00627,8,0.35332834474214625,1239.4798909265205,73.96655125572128,0.1318681555184381,1.054170547955993,1.0,1.0,1.307670563857549,0.15478340482587075,0.5242214240131389,1.218793162241745,14.475095908805951
SUB00627,9,0.0,1752.7621303366118,72.81685780599997,0.1772317526501881,1.3766063140053892,1.0,1.0,1.7671733817578499,0.2382611265486601,0.34922572849637346,1.0,8.406535311036873
SUB00627,10,0.0,1692.4439452972376,43.096416396888905,0.0,0.00363961457998363,1.0,1.0,1.919574050309099,0.29770575146260686,0.3196489345842385,1.0,26.833981778905176
SUB00627,11,0.0,1327.3128829149377,43.369888509719715,0.0,0.9096159842052345,1.0,1.0,1.1017267084976208,0.17908708458287034,0.34925108407937044,1.0,11.955196923738473
SUB00627,12,0.0,1691.4992530801646,65.10103783747604,0.0,0.3742208768166763,1.0,1.0,1.5092457731170155,0.32548339042712515,0.27623948448108177,1.0,18.595331895654873
SUB00628,1,52.15292754385994,601.4616071598424,70.5659912343767,3.136772079751844,2.4141383213105216,4.0,3.3694715966610382,3.4010727957363356,0.2863052634961754,0.28606182404871444,204.6179041979305,11.776472221746804
SUB00628,2,64.70843525692341,757.6176923104913,83.61028250217912,2.99184265145269,3.3064941107970647,3.0,3.0,3.1303599784907865,0.5470755743251846,0.5377356752385389,224.01562906282913,27.451277861408972
SUB00628,3,76.57783007958551,486.3813581342962,88.60580724676076,4.300931910978747,1.5279732459959467,5.0,3.1667071635557615,3.2444090631193747,0.3113711515269021,0.39428423976740323,431.5972841125622,13.541461487128323
SUB00628,4,64.69471756852296,666.6339839758891,63.78126917992034,3.0733818534745345,3.129144069024346,4.0,2.5422090456285877,3.5381148437502032,0.3962267724015046,0.2630798002891336,464.6712454615886,9.976399644610918
SUB00628,5,78.54980002486121,642.9127501641909,108.51444646381051,3.1077603520133,3.0539805712325343,3.0,2.8051725621341306,3.896877309065502,0.2517803107848342,0.2839923664435594,439.27967648864166,12.538948241367669
SUB00628,6,58.45590799247031,524.3673268208211,94.95683950485713,2.994279430375761,3.1550250497398813,3.0,2.9524331767742065,3.2563767214517076,0.37371950831738177,0.5369815676482796,350.2955011463726,26.82362291570145
SUB00628,7,53.42061385810622,759.3725890021464,78.81373087196967,3.3576704297811517,1.6805133287019725,3.0,2.9968750115454954,3.901093804608257,0.3803296182409617,0.5924976554884638,129.98343276670926,20.629944996527033
SUB00628,8,51.693907328986214,758.7739173377406,112.12178504152605,4.407737027391642,2.056167451462276,5.0,3.437582796827044,3.3577277136679893,0.30829774489738015,0.5150226278867908,412.48567294273,8.223685781836359
SUB00628,9,65.7916497326995,643.3863463873588,101.64891336973767,2.236348037251638,3.086084218867996,5.0,2.744811134359084,3.3306256701311407,0.5611373455888691,0.4217924308263382,430.838328105468,26.035025507319887
SUB00628,10,70.94275385137456,682.4894125242117,68.61993631333104,2.9015750244831433,2.9889324068580736,5.0,2.6033277698966693,3.563757578655468,0.5510203019868134,0.48744202870116793,483.26530739266747,13.051120221330832
SUB00628,11,68.72129807955909,508.9598344521688,92.38690314958349,4.563120391864738,1.5575409830428766,4.0,3.328405347634024,3.9260461790236802,0.26900954394315946,0.5939867602766424,379.8970942892177,12.641917309440517
SUB00628,12,76.78519075822474,720.4479535644226,117.6767975244906,1.7643422759607774,2.016752134766735,4.0,3.4297950844200766,3.563227697564737,0.283463529420074,0.5274967545059841,300.12724737764205,23.72819940759523
SUB00629,1,3.7310799749332144,159.94292478044204,25.55207576750615,0.5750797931809821,0.9355263385927636,2.0,0.9113603087700859,1.0,0.5162045463497571,0.4449924021472482,17.30544533245477,11.398242422257203
SUB00629,2,1.4894769096148224,91.7740601707153,21.399450361592177,0.5345751368613813,0.7819756193112047,2.0,0.9518168447392065,1.0,0.47513964568230393,0.5080774801046803,3.6745684018062064,16.203184658384696
SUB00629,3,7.117036116576902,166.55848620576583,32.92353593144112,2.0677072625114405,0.21380975511468658,1.0,0.8998707498269197,1.0,0.5461311531160946,0.40565330485995865,18.31328850999187,17.426231571374068
SUB00629,4,7.1118728020379605,117.13973630382452,43.564647246759954,0.6000037286474857,0.4866164356804076,1.0,0.7209194025281438,1.0,0.2520501598147638,0.3117465400950111,50.88015838343899,16.23304753563827
SUB00629,5,7.774562417912927,104.45862388768245,38.88800362690357,1.0776991288302624,0.538814089450219,2.0,0.70958399330315,1.0,0.4494664697698162,0.3656830848538454,56.063319433268916,15.525146866404576
SUB00629,6,6.989473025510628,79.59023032263647,27.857597919508798,2.454346290953109,0.7360243318860652,2.0,0.9984889380183194,1.0,0.3146836455421004,0.4647339420835724,29.506194036104883,20.092716510059496
SUB00629,7,0.0,124.33110759921344,22.306496849707347,1.1369935312570054,0.72634911080764,1.0,0.7260193085281087,1.0,0.32540051599401,0.2698423632333641,1.0,14.265362936069154
SUB00629,8,4.951671693824531,82.83515830441202,29.587181381853384,1.3030954308361962,0.07957721623507563,1.0,0.6297875982775001,1.0,0.29169876630371144,0.42758439332199266,11.22752771140549,22.465343773964555
SUB00629,9,2.5351624517788407,53.96829076550741,36.25334968266711,1.859714503401062,0.9190790420512733,1.0,0.5333431833589283,1.0,0.43915897589131336,0.3007056738901956,17.436681693761003,23.694953783649275
SUB00629,10,0.5087546018663947,102.09412354059637,29.424339510013393,2.3261718499602817,0.79517164787221,1.0,0.5105657300530756,1.0,0.5085369351225555,0.55805425789894,1.2540562442674341,24.04402999301751
SUB00629,11,0.0,171.7948866960988,29.484194393777212,1.6562638322684449,0.09843882156937656,1.0,0.91806750399243,1.0,0.30331613213947994,0.5866095202726436,1.0,15.987396875399844
SUB00629,12,2.662287117074057,139.66784916579823,38.61312382210318,2.476713863196539,0.8384370728759201,2.0,0.7321506821868111,1.0,0.26154763328582564,0.5697179859573187,15.601392960640013,10.559882071288058
SUB00630,1,115.99880915847284,283.7255590739278,38.74942907672854,6.5541335334858735,2.3582689025678363,2.0,1.5948548382173802,4.057161341315349,0.5858762663923004,0.5480495714533747,569.3898040111793,17.040697392543855
SUB00630,2,135.06969307247354,474.5426536498591,36.41973716444037,4.425895709029047,3.6062743019677583,1.0,1.0,4.97419363161907,0.4135298397168087,0.5047370089931014,756.218028642371,23.24712482566424
SUB00630,3,114.05585840303915,521.4725435040265,42.17765979182069,6.628610020178189,2.4371622648142557,1.0,1.0,4.737804895612688,0.48624597806048286,0.4292091921933645,484.1043150966466,9.578662960519088
SUB00630,4,138.12412011348806,437.79009835064824,32.672782360542186,4.785317725296873,3.4511354658076208,1.0,1.0,4.788513361915299,0.6387021749595475,0.4981481410031783,1083.0462595972438,16.77374191484543
SUB00630,5,122.3757701055855,504.3538856057373,39.147540693308336,4.6791060646129115,3.6987326517713797,2.0,1.4293683258524172,4.47659626134063,0.5680702441472433,0.5032428885737303,856.5617118837395,22.708354862953293
SUB00630,6,115.0497278099915,499.36611236056905,45.73806413478467,5.353355693367817,2.5705079700797935,1.0,1.0,4.89282548738225,0.3495061078095381,0.5991714921320689,781.4483201874218,24.425009099195258
SUB00630,7,115.85008077471805,317.80844946380404,54.73832956731627,4.838674852077544,3.0978674052319084,1.0,1.0,4.8174690839866825,0.6350149412220809,0.3950048760969779,479.2367262700024,24.438688994904243
SUB00630,8,127.54393270157883,307.82345924252405,32.10346435907261,7.548692862248986,3.750129822878546,2.0,1.785732062261058,4.308927018504152,0.37360207165656856,0.5304959546234465,283.57716925417617,12.121503205562052
SUB00630,9,119.16988363911976,429.96670637370556,40.16486435707029,7.126192208826568,2.9671269221254666,1.0,1.0,4.353539350801128,0.5151485898770289,0.41195415362488697,790.2895903199445,27.05444009852714
SUB00630,10,122.58830072672419,507.0255146612465,31.047964026890995,5.377111994426961,3.809485734577664,2.0,1.1904187314083359,4.49187748541456,0.5096811602173822,0.38268899244400956,352.30191089166755,16.208204713474704
SUB00630,11,119.71048003084006,452.96016058707096,46.287913110153255,5.511935092726242,2.395564259650658,2.0,1.9027417711698544,4.3610999179106855,0.5402419451362241,0.2601172794378396,639.6350797603485,22.883344903721145
SUB00630,12,143.29997942539816,354.2035193880761,33.963291108279165,5.956718302897474,3.073375220585435,1.0,1.0,4.764070234774402,0.30300958892517693,0.5785146420437184,986.4452693026341,23.304058299086975
SUB00631,1,0.4151942637542869,60.83054802817533,15.316938612275148,0.43278741067416127,0.0019185245810838247,1.0,1.0,1.0,0.2939667932317277,0.43323424008552824,1.7202386174401634,26.53859680762583
SUB00631,2,2.4621167286258436,63.01185951924084,10.52059669993897,0.29305665363727373,0.13686557252193143,1.0,1.0,1.0,0.2630502540257578,0.5419271246411701,13.860427232957127,16.59160805171708
SUB00631,3,0.38065643375348013,40.72603901002633,24.420873941229814,0.2538755389874168,0.05867329514411679,1.0,1.0,1.0,0.18367171952918177,0.4144512695125363,2.3385762832592736,14.634668840271164
SUB00631,4,0.0,19.24884123878162,9.146485572136886,0.4348896589274357,0.4224168290375636,1.0,1.0,1.0,0.4662891146632917,0.5722967441451248,1.0,13.825514082965439
SUB00631,5,0.0,67.3869659100311,17.4186096894013,0.19832861693203654,0.3639766372964189,1.0,1.0,1.0,0.5087092206066169,0.42201497340087574,1.0,16.59350327421565
SUB00631,6,0.0,29.30551139421952,8.690003125189738,0.5582335592132068,0.4303382981699322,1.0,1.0,1.0,0.19050900846355714,0.3101157652230472,1.0,8.530149336904808
SUB00631,7,0.0,62.24576717738488,16.596304192006954,0.0,0.36016914015458473,1.0,1.0,1.0,0.16346732141711615,0.2519596935123437,1.0,10.459329118846407
SUB00631,8,0.27601329331384883,12.664426390110503,16.763777553615718,0.16785180282154186,0.29629456655996667,1.0,1.0,1.0,0.15584216901640863,0.47925236888579004,1.0266870629639455,9.42819155195699
SUB00631,9,0.0,64.17732009753063,22.588158372538764,0.5314170536231192,0.2997027923483671,1.0,1.0,1.0,0.18627229041662688,0.41262884289944873,1.0,27.906545000551738
SUB00631,10,0.0,70.30665231246897,19.465421793623594,0.26789171147350543,0.09637042470232399,1.0,1.0,1.0,0.33748745101727373,0.38515409111583937,1.0,16.25558418558552
SUB00631,11,0.0,67.70462178632356,12.488765026929778,0.5090941265739971,0.300485262573918,1.0,1.0,1.0,0.5285214460803289,0.4956301862460085,1.0,14.324227311213447
SUB00631,12,0.0,55.88020033831688,23.68897290984397,0.5265103794416585,0.4192596044893853,1.0,1.0,1.0,0.524041462793971,0.424611268433182,1.0,10.496763784391758
SUB00632,1,94.14705602183955,285.2318526144948,43.412987958382814,0.43445166751367337,1.0300911711697118,2.0,1.4811101252198617,3.589472867321992,0.5803743144119323,0.3636442766203515,443.8625575549662,11.99279625050326
SUB00632,2,113.00755387303707,252.31600366769047,31.685274353985122,1.8342015014650808,0.30525359495571147,1.0,1.0,3.787241160636369,0.39223013686911967,0.4003920005832887,577.773871476663,16.400251750216672
SUB00632,3,96.33408593376191,286.5327472410208,38.5695383882627,1.903751886445258,0.8531842067258433,1.0,1.0,3.294635233313643,0.5205198919351292,0.4283097916472385,595.5935801357348,23.650686301905985
SUB00632,4,115.12116500273423,248.2339045741173,31.308685817921,0.485303687797144,0.8764754603786494,1.0,1.0,3.5586915082863535,0.6293356767277409,0.2530929731485976,464.28348112638525,15.595385226344732
SUB00632,5,114.05818931810927,293.0251088826771,21.911222996786513,0.8546267108317764,0.4555582479460151,1.0,1.0,3.1123965878090276,0.6068178752347574,0.4285843059535722,906.4875448238222,17.69343292166164
SUB00632,6,105.52133135809581,251.21134234253424,42.57746504487375,1.0628338896769356,0.6724024494563806,1.0,1.0,3.3264830418156333,0.41670540485641117,0.25334126537714313,242.02930451658858,19.633884095212146
SUB00632,7,125.47874166528388,298.0425729380495,41.774708749953845,2.2033871603402093,0.15063228206057927,2.0,1.9844132592280201,3.0712933223443244,0.3125799921682413,0.3790268278677228,987.0210874035847,10.631622107349552
SUB00632,8,127.09738448546881,241.9553765521437,36.30032026989549,0.9863074344669897,0.7419381995060301,2.0,1.262899064352189,3.1079468383562,0.47622191982637463,0.5747142394670659,441.4260394036423,26.55096486383526
SUB00632,9,107.4175355170796,296.06287794249545,25.499817658805135,2.621000791782121,0.10195843249182024,2.0,1.4994230739230672,3.558410207285315,0.25947171035713085,0.34565392117267824,340.04215240669794,24.292075686373863
SUB00632,10,106.26170021941701,250.10412907827245,37.32573274917741,1.9388226336043417,1.2370475506955527,2.0,1.8235850595052123,3.48718337748105,0.5376648531924407,0.5872558899784903,339.0609547431204,21.754978709328118
SUB00632,11,129.592203631932,198.38637210443517,35.64693133249898,1.505820856236948,0.29055936829859036,1.0,1.0,3.5994807862322586,0.5921868460999213,0.3276655933250052,787.4009012832718,26.145589097110733
SUB00632,12,106.624568082631,297.80948430028354,31.715722153643533,2.7732970229215246,0.5739705051250616,2.0,1.5859609987812027,3.8392131490308494,0.4018387695044364,0.4785840792718644,339.57974955707977,9.682047573836504
SUB00633,1,50.413354935293086,383.20301664558986,45.803268995164046,15.339169466075736,5.69046342649374,2.0,1.7395905719431684,2.5983807253549633,0.47969798937895036,0.40079082392267623,237.2429220437019,13.3403553482878
SUB00633,2,43.45654037881363,421.69591276240027,46.70103359506696,13.314694035074162,7.335112945274796,2.0,1.2256623351220992,2.995246732166709,0.3462696582094596,0.25123690531111104,141.4244882228898,18.669676267737188
SUB00633,3,34.656585453851434,381.91196899647775,64.00244871705584,12.374545997761032,6.938323195089666,1.0,1.0,2.8770705280151883,0.26441119795192275,0.39349647749018873,89.86373189313677,10.995563517572556
SUB00633,4,34.62021118191312,370.9478290022106,61.06920991564597,12.127198828529524,5.476009582010441,1.0,1.0,2.5188308387869505,0.33338666818764595,0.43110784166243743,135.32647725318836,11.163807814672285
SUB00633,5,40.734751371895264,199.6254115897322,34.60599537117235,15.122487569231245,8.535998788660308,2.0,1.6269641285414793,2.508361802822011,0.4894238564480169,0.403704864127233,218.34890343911383,23.92751327269675
SUB00633,6,45.162400300475795,388.55971091659376,44.177186901022964,16.262797830305416,6.350963295358636,2.0,1.9271114632479773,2.3318026629002078,0.3758031055039248,0.34598942407511135,276.82196508866343,18.671816639376743
SUB00633,7,34.823825266312696,260.73308768427637,32.400622559637014,11.639582026471695,6.896164757237633,1.0,1.0,2.63603503695129,0.38231046426688986,0.33259168498377056,187.6721578496477,27.83131123394355
SUB00633,8,29.774949901612224,267.9433511497081,46.52406677173595,15.540083035659396,7.821873946672213,2.0,1.1180726420849343,2.210230675067577,0.4514441506145984,0.4618915004768781,62.152175443471265,20.54725778444333
SUB00633,9,34.88177566752442,284.78741263830267,51.7490492659598,14.956525343920676,6.873737340701774,2.0,1.796422199274208,2.0452379951771835,0.3330306512620903,0.5094396538821073,163.44275513893757,19.261818606611698
SUB00633,10,43.05783499304832,393.52011945338967,33.31292331417908,15.414552255541501,7.698451732770247,2.0,1.686895066247534,2.788388702085504,0.5149690698620054,0.4864580008780347,211.56020457158306,20.158724725840624
SUB00633,11,36.782767352307495,305.2450551213982,35.8897388411948,12.353260374117001,8.886417113061084,2.0,1.7406228319721702,2.8251080623133116,0.20260511835695333,0.4021792556891117,243.3270956873012,19.931489370983492
SUB00633,12,41.828464658316186,374.31344667875516,39.43274352807108,15.916292506480207,6.484453259728475,1.0,1.0,2.9492016491728745,0.3891402602870127,0.32761721809746025,332.5216987866608,25.442079909330207
SUB00634,1,0.8275680074533838,1778.6986181363068,65.83495780890769,1.1221295269513976,0.6255784052779072,1.0,1.0,1.2183954701874673,0.5448622991813922,0.4811942743263369,3.87518187340397,10.765224277422163
SUB00634,2,7.4601680470346325,1730.6054247548968,57.825431677561426,2.719267000050505,0.4917622875062548,1.0,1.0,1.4745991580540445,0.31938127319955856,0.39553611620637097,45.049302332895294,19.063541651564478
SUB00634,3,1.7669570725128694,1742.7545126897742,79.6746967344391,2.3885878576250756,1.1810992344990499,1.0,1.0,1.071736071714808,0.4444826375227393,0.5026051520913134,4.861014352020726,14.62209088242035
SUB00634,4,6.685174355039472,1509.4630468820665,51.741224450150916,1.0768181167130786,1.1180518628567875,1.0,1.0,1.5660423213257677,0.42795936007546764,0.2887976410185993,38.83111947422506,23.20203548781536
SUB00634,5,4.649425529337883,1389.0311822692022,71.34036164810311,1.2650407524104719,0.4296892293969327,1.0,1.0,1.9464671369947824,0.2863280151544326,0.2730176321575119,17.418631721695295,12.296706533897838
SUB00634,6,0.9674674699091454,1198.3559670807936,47.03218445632149,3.3542982901381455,1.3345096890380201,1.0,1.0,1.0749907754464754,0.41803534420535016,0.39466787765962835,5.49341050147188,12.700905454735906
SUB00634,7,0.6163671430684703,1515.2448587122924,46.043704249314025,2.315852883721282,1.3323030413378012,1.0,1.0,1.4610291829711781,0.4417913860168702,0.4178068376909707,3.990322832070375,15.30269217099207
SUB00634,8,7.244257557353028,1587.6841394433204,79.5923833247694,2.0067165272549468,0.12062844452089422,1.0,1.0,1.7225539090090196,0.3923460951110359,0.3557951784416947,22.785204914742963,22.215400201417353
SUB00634,9,7.916765576124613,1664.225677617959,54.281167296329315,3.5207584048375207,0.48837359959002835,1.0,1.0,1.664948284376478,0.42456508348348687,0.5831905915934986,16.397216928426932,13.212357299770732
SUB00634,10,2.2798453138347194,1688.0414008593334,60.939629666145976,3.342349185802865,0.6485244743031855,1.0,1.0,1.2792321324406561,0.1883258386011411,0.292429217131084,17.24047277475805,23.60360022710761
SUB00634,11,0.0,1643.1286570642435,42.844494762766296,2.5931252171802477,0.4314166271155102,1.0,1.0,1.1557713605355446,0.4503286528514254,0.33537728123829635,1.0,26.03542191003727
SUB00634,12,3.029963083658149,1533.6226638430487,58.7414122321205,3.619019852353266,1.0679962898274822,1.0,1.0,1.6502805447517581,0.3699628111917486,0.3719006524327273,12.69005059506192,27.5469425877807
SUB00635,1,78.53981578340078,516.1008068899288,107.8954718869947,4.550371053485564,1.7962038836377523,4.0,2.8212016752861633,3.1546984243090845,0.406306817656918,0.5051241742475783,456.75800329461623,24.031668254860612
SUB00635,2,52.40495732550671,760.9274301809695,71.08789797885866,2.753064759998408,2.8774383189228816,3.0,3.0,3.0519015855286873,0.5163371926781335,0.3685547854187304,222.7493925313581,20.605216348451954
SUB00635,3,65.86692998066582,606.2686003369568,82.40309424237634,5.290754664043323,1.6647073115754265,3.0,3.0,3.6291740465982407,0.3932914070306258,0.31113639056832726,403.63731791311545,27.78341776023171
SUB00635,4,63.06929680000049,756.4239405450503,86.3470265995052,2.846495686994168,2.9014985804648816,5.0,2.586364042197023,3.235324054597186,0.6145048490715989,0.4278465567125712,141.20227229287414,16.500363011403955
SUB00635,5,75.50533396903027,669.1483431469898,68.34694184372998,3.580450524982955,1.6764187880818988,3.0,2.527096919248079,3.409409112078669,0.39516668081148454,0.360776207919982,232.85060885410658,25.883430186511738
SUB00635,6,68.00441397735162,450.2950000097536,64.70166587919088,4.554967468369151,1.701759063799959,5.0,3.048729448259334,3.604090078381179,0.3468808510254592,0.338123170215914,539.3057597245463,20.63314076591051
SUB00635,7,63.87043315247744,664.1396501601923,100.99449610958561,2.7990401678811003,2.4165917384901143,4.0,2.8501855864882955,3.302052698083452,0.48037733351004885,0.31427911010530146,416.79516158784526,24.36756527559229
SUB00635,8,77.26982128676813,533.5956202200076,63.217674567289286,3.670955848536418,2.712914168409381,5.0,2.531018399172283,3.3337100260147015,0.5767895929299602,0.4273248422710352,343.953529515493,14.670792617386452
SUB00635,9,56.106383777133956,624.9519793138243,82.43192756454063,5.065602006793572,1.9876376415307138,5.0,2.9215195842949226,3.427185394021817,0.633208383674758,0.2928114568542526,201.21400211275085,11.603874159825844
SUB00635,10,82.06018782790312,646.4147231776611,115.1562562335393,4.059397150985407,2.8838883388938394,3.0,2.7022213539068005,3.9456631579314707,0.40702879146550297,0.32371472214567065,368.9920242196192,22.302421387677732
SUB00635,11,69.56484263985853,491.46442583983423,85.77152314180012,3.243071692605638,1.6977449010631027,5.0,2.9252972812062166,3.3095000858225188,0.2979076897132158,0.5018140351741065,378.78693534650745,8.043738766547074
SUB00635,12,83.86153479449312,775.9950133710712,99.3308983147925,4.524181206784459,3.458201739234565,4.0,3.154441497493822,3.300382863374113,0.6267059666216135,0.36974824999177525,223.33498762665505,21.856987427574147
SUB00636,1,3.045896836852834,109.1553259857129,44.87479758604222,0.8356472640927052,0.3797344854199397,2.0,0.9342835679919077,1.0,0.3464475083163552,0.38897896945164523,15.79983994556475,19.167002656341555
SUB00636,2,4.867229064880162,145.68698830143805,23.956696186776945,0.36534331954418475,0.3025605202273983,2.0,0.6556989875717536,1.0,0.42783750042581603,0.5519161989689153,17.877860708130683,23.509998549579944
SUB00636,3,7.203611769962055,98.80922492550104,16.682620413938434,1.4154870942822817,0.22361736542253574,2.0,0.5117026022957686,1.0,0.4077579604177842,0.3492415585159751,48.08026820049594,16.338772178438028
SUB00636,4,12.162062827289112,106.4752180284424,37.117069757965055,0.5370363508599549,0.39729323206084954,1.0,0.6199071718464128,1.0,0.3061027472988059,0.5751094158801389,57.24513305204493,18.64645163207056
SUB00636,5,15.353947424833537,111.92453960954268,18.180764758468595,0.6549288025269582,0.0727330883261591,2.0,0.7709904608962697,1.0,0.1624770951789285,0.4342657946395698,84.45799328202781,25.35071166635066
SUB00636,6,8.644121024137455,134.31199586607968,40.128925948354876,1.0033048885663303,0.01439305028381821,2.0,0.5148522117641914,1.0,0.33112115132365627,0.3681826933202606,48.87857509593625,9.118704227474812
SUB00636,7,13.726621724678312,99.0816619050148,17.984000439271668,0.7535963493842299,0.7007216821715851,1.0,0.5537808809347007,1.0,0.2700584360285725,0.47556250685068396,46.8427299764672,19.789907148290716
SUB00636,8,12.719755839611159,153.47582640322847,27.844835756405864,0.7523983835800799,0.3697671366119708,2.0,0.7985360862474558,1.0,0.41556871916737204,0.4124384151369476,79.63782965462836,23.22114861919142
SUB00636,9,15.685693161368697,164.04946102937973,31.944155010775773,0.4847214963212917,0.6460121602283313,2.0,0.8582900482082261,1.0,0.3532277596694997,0.29012050882217905,67.9716378575335,27.95646003692766
SUB00636,10,11.702729137211449,117.3980798221608,31.31888377611769,0.135969871186977,0.49034413511536745,1.0,0.9711310024565412,1.0,0.31866980789011723,0.33640359978418505,44.20036117237322,12.087019498016886
SUB00636,11,10.343433813370257,155.52498601590335,34.8756483994657,0.8513958241037953,0.6518457122134836,2.0,0.5464221069921869,1.0,0.5401023588398064,0.3895479830038234,24.698088773301045,11.967299654717609
SUB00636,12,15.42273338975513,158.78440654817794,27.220694885601272,0.14727058917657687,0.5937458804869701,1.0,0.5633815146792656,1.0,0.289756327847361,0.3631198725835896,109.08400446971821,27.64910562776379
SUB00637,1,123.1455345962943,391.16393768646896,49.13131622376021,6.625751254508823,3.0112626553484985,1.0,1.0,4.724774463245985,0.4235900146038658,0.5810858109879685,869.5359636153453,12.256400132749148
SUB00637,2,130.52536828782297,490.05900576676896,43.406716219711946,4.9894317787822855,3.54907763584705,2.0,1.0803321829844033,4.7126584310505155,0.617247738203256,0.27633843547792075,685.9959142047229,20.230119524095223
SUB00637,3,123.85141131709501,395.2299040779996,52.76046140965165,3.395224720698318,2.921191511068211,2.0,1.8290565993297028,4.900215732645793,0.44022060267290597,0.5391449207487364,604.835407691986,27.608685133201956
SUB00637,4,120.3697202583175,505.34171752711546,51.922280522828,6.42281034421332,2.733837954157888,2.0,1.9749378736939112,4.134514310998634,0.3710841659796037,0.5569355204210944,730.3092533502787,10.302449991729059
SUB00637,5,126.84719298941548,536.507599739781,42.87439905291937,5.048290631253427,3.8811919970000597,1.0,1.0,4.971005309456255,0.34460212987325956,0.35005831743826604,1000.6693909165008,19.667873534840584
SUB00637,6,134.76753740449206,312.14915387290176,50.332424738087205,3.2643261082405637,3.1035208101520535,1.0,1.0,4.2404592416192655,0.5882106949453204,0.2640486586435462,893.9566373791707,12.61311660008094
SUB00637,7,131.2061210966099,505.3234135408402,32.54419279747183,6.582526026031273,3.8214171523345906,1.0,1.0,4.529139542391518,0.4997652887320271,0.5016169720530168,645.7662967090866,26.466813979164133
SUB00637,8,127.01880887648976,505.97733734190786,53.532073460501266,3.7425730305525797,3.0017852851428346,1.0,1.0,4.348813964180705,0.400457034828704,0.3315899590823259,574.2848054717347,20.57005597419841
SUB00637,9,116.65226820856012,505.7571005593138,35.072551342813256,7.446289042797622,2.693101095681584,1.0,1.0,4.949030956207848,0.27792324418327474,0.2826163924951394,629.1670541611504,13.419326042089148
SUB00637,10,121.16465918325154,395.657719308446,31.506489773939883,5.311255532677691,3.4146175411083752,2.0,1.4250027620909984,4.506980534354417,0.6373670703713128,0.4151195013327115,865.4190899361018,27.33043891204252
SUB00637,11,116.95024967344918,491.17689318724865,35.766983890974515,6.657935052039029,3.8211266520409515,1.0,1.0,4.360176534636558,0.591259551494798,0.5978456202854414,695.4473936413518,25.41858171648243
SUB00637,12,118.7471632012772,313.78223998439944,39.869385371404164,4.401962075268927,3.8220852007247927,1.0,1.0,4.0942259688490825,0.39623116202863584,0.2916305847534992,255.32708329532687,24.305290836613647
SUB00638,1,1.68608258929147,75.04006177305658,8.957556007774055,0.6153978518805593,0.4546087145962889,1.0,1.0,1.0,0.22544088774383217,0.3380550860416429,8.87275489188149,23.19989727830395
SUB00638,2,1.016628769996781,8.815718657107372,9.542986765004137,0.5161890733583888,0.14349390761053699,1.0,1.0,1.0,0.3075158304534522,0.3285717772973044,2.3380135122848147,23.56509011985309
SUB00638,3,3.021902052902897,69.46067846959873,15.91421036001099,0.42785604338095823,0.22638316544628362,1.0,1.0,1.0,0.5444171521341159,0.441051287213024,19.34362991103145,20.85120186741728
SUB00638,4,3.559765375492406,27.193688549687714,22.718900407974576,0.29993168685967947,0.4718000164289395,1.0,1.0,1.0,0.2438438713977508,0.30590470068336884,22.517624561309038,19.59558499377955
SUB00638,5,4.045336468652675,26.5671630974498,11.988905360690872,0.6758439609664686,0.14489136520330054,1.0,1.0,1.0,0.20608034895857918,0.49044544323284844,12.171041438033457,22.297218827688624
SUB00638,6,4.178634402523858,42.07141875473295,6.536943546148879,0.9118852333926372,0.3693683112438188,1.0,1.0,1.0,0.48076719008142177,0.3905248653284165,20.21344923689547,14.851745003757275
SUB00638,7,7.335626552793626,81.36913344923397,10.851620969945092,0.7705231790791371,0.19704580767169722,1.0,1.0,1.0,0.48727858846834227,0.4390601805654653,38.13716247605884,25.039394825976345
SUB00638,8,6.812355307708644,51.603390451263124,22.540758778568556,0.669458012901624,0.20047335142860617,1.0,1.0,1.0,0.4961307814611763,0.4055570355049568,26.062867882494,26.161777171872437
SUB00638,9,6.346199752539074,52.63246518669763,22.658981991915166,1.3617983295524294,0.44227525429234504,1.0,1.0,1.0,0.24397365067345386,0.3826146871019731,22.428511880498633,20.721719994648815
SUB00638,10,7.0417131469119685,63.05183401174635,9.64740570590559,1.5146129789554235,0.2789149343981477,1.0,1.0,1.0,0.3861150949328279,0.3967731413158431,35.34592582222127,17.725453669434536
SUB00638,11,9.031377568984272,61.69014855513747,15.232906905079165,1.5469768809926785,0.46167582284558534,1.0,1.0,1.0,0.5118120806811155,0.3606726274653477,21.681437770642383,20.109020773713816
SUB00638,12,10.012298428714987,13.700629254069746,20.994921802505274,1.6335932381536444,0.031177797726571976,1.0,1.0,1.0,0.23480190750573798,0.5471012796889074,34.10199864853208,9.160030862878605
SUB00639,1,117.05186386983549,195.9580698063972,33.31163570795661,2.028775991352571,0.19522470931891578,1.0,1.0,3.962281113634977,0.5468242711395896,0.5730483734431788,251.5209693810741,26.84168590759128
SUB00639,2,101.33259597306015,289.0651132804949,28.423895947834733,1.6805869434070198,0.013820361775748302,2.0,1.5856363451479942,3.0422639213925513,0.5058020374751308,0.37043854518188074,508.66363587901947,26.339672976298743
SUB00639,3,117.07021642614404,331.59735020194836,26.42134283340906,1.7723007749394704,0.8246606333521964,1.0,1.0,3.819089207318722,0.3995061264294024,0.5195739510062896,237.48523737381473,8.497748683316166
SUB00639,4,101.93427706892724,326.014333484853,20.310801417339682,0.2514429377632546,1.1125795723485503,2.0,1.0485662300847136,3.147420099527603,0.4782127551172364,0.5457786963516982,600.0246362476795,17.892010967281532
SUB00639,5,123.15972321898234,153.5239273981507,15.275063245895257,0.7469664193833888,0.20816909694265162,1.0,1.0,3.720150236393855,0.30702548299491045,0.5093707297760874,371.0071727561313,19.514752097208394
SUB00639,6,104.98163588750062,303.8783841158539,29.46070944016184,0.5035609385382713,0.5634561472709089,1.0,1.0,3.992603760426034,0.28512030414603695,0.5786022361783867,827.4063133821721,27.43856526909903
SUB00639,7,124.36910251790455,183.5253140547589,40.500693474932774,0.36799839573057547,0.20302851935313587,2.0,1.9328651029677877,3.5924073355038195,0.4216703546620121,0.34408464267913885,501.93257375257963,14.614901962678172
SUB00639,8,105.64051760818829,188.4395796448861,35.94040485694184,0.033473810796387005,0.432027847823163,1.0,1.0,3.7252069990803047,0.4719113393464075,0.36059612878134245,806.8054051588373,13.884455822002536
SUB00639,9,111.24576087726713,268.2217306170236,22.382389731810516,1.8180716418566756,1.0516667257867862,2.0,1.2011330873399146,3.2777722495023425,0.2962977155747003,0.4754491375578082,817.8513660043126,20.43732711134296
SUB00639,10,120.87435087315266,200.25510485896316,33.816707055912126,0.0,1.175041831733584,1.0,1.0,3.2493014126630015,0.42748988623354156,0.2983639150821988,683.7557101908475,18.745574405909423
SUB00639,11,124.49122319991206,192.2473098538846,29.327172230060025,1.1049228999526657,1.4919486433853968,1.0,1.0,3.5257563344147895,0.6116653794559984,0.42208708502025843,845.3148098895805,18.63565290415297
SUB00639,12,124.45270627472769,206.12137945328087,38.202529792078735,1.6285542017195391,1.2831971410334604,2.0,1.8972517348951312,3.9416434195786247,0.5734161551158736,0.2934171697254599,627.8039159156247,26.614216163339993
SUB00640,1,47.96258720829596,367.22419609750267,51.976225749958004,15.865530682350627,7.1023044932142945,1.0,1.0,2.863469852953463,0.4990978743479313,0.5246931559118218,342.7135307867362,17.32256412790443
SUB00640,2,45.65472090896836,322.7765607676031,39.59030620845874,13.03130176774862,5.327195043717683,1.0,1.0,2.1407298078470287,0.32878098012131096,0.5115438099697572,364.0545925570975,24.389732910440618
SUB00640,3,46.63903335434561,354.42062557559655,41.52243838363739,12.5356070198748,5.830281771643016,1.0,1.0,2.418932468572211,0.4038392630366636,0.43779884280666803,94.98512032180122,24.40663500307972
SUB00640,4,45.11188872167318,321.0269109921836,37.525536451346106,13.645902975940023,7.5449661417781915,2.0,1.0880383076885338,2.9371072375553866,0.21478779953580113,0.4140455338020189,176.53469146293565,10.904170218362403
SUB00640,5,37.99175537685581,400.01489162827346,40.29828534014787,10.542854400220333,8.798014481698974,2.0,1.055640870288755,2.4582727156061717,0.45529944749656714,0.5931969951538102,95.07381863824352,25.15095272957577
SUB00640,6,37.74613014544832,416.03621680238007,62.66979866443306,13.433624293294388,6.536880737623511,2.0,1.6486178420259874,2.4186417120930024,0.35780763229977564,0.5932516631032676,206.4229746959925,15.506317254197656
SUB00640,7,41.10821123759998,313.1356124335585,39.252493552373494,13.897418281538872,5.360381970575265,2.0,1.6080667108898299,2.7864624445729236,0.41289510261818974,0.3252470290374471,237.88473691314096,23.33593603228374
SUB00640,8,37.99747317211886,206.91100669721783,52.91999901633963,13.30237611140342,6.633248596437381,1.0,1.0,2.418186663902265,0.19833958489374798,0.5906597576265948,105.81367911043895,18.219913845640207
SUB00640,9,33.203779062632705,195.24074608888938,41.72856252968417,15.55655246498034,5.034152194218908,2.0,1.600031482887565,2.408750660374927,0.3814882065639432,0.286312167093836,92.5532906009611,22.446647247177076
SUB00640,10,41.313588644653606,291.15113928207364,38.34383418449414,15.189995402906447,5.052115561090195,2.0,1.8711866063969262,2.789254684481306,0.2849747732442773,0.38698747452763316,154.19804312348634,24.57635389697969
SUB00640,11,37.57980682975527,353.7827411364155,40.10441365177548,12.553681131795688,8.659084397126554,2.0,1.558120532859536,2.5840084619808077,0.3449251734335508,0.3317879127876762,237.87211301769378,22.01843109719163
SUB00640,12,32.11558336646188,317.0457324588335,61.02195196070121,11.90922476150238,6.243070815313452,1.0,1.0,2.5822251954110946,0.17656409956688912,0.49291997754427036,136.2400917665625,20.70869690990029
SUB00641,1,9.489650794551668,1362.6779590126919,59.18829522325552,2.4567163027669947,0.30481464450416423,1.0,1.0,1.5233771631712,0.2697992856601851,0.41373933928592843,27.12424127362098,17.58363777512166
SUB00641,2,4.725524274738258,1407.60311163596,78.38029517033698,0.07108926549186881,0.31705727159342745,1.0,1.0,1.861845442191001,0.15973318670104356,0.2907594744229226,19.90224181089792,18.001274650422474
SUB00641,3,7.905662089050624,1501.383751357655,61.3707740347114,0.4417894561582044,0.731206304768176,1.0,1.0,1.4200507715838373,0.26929958963227213,0.42828464670718425,59.43180450035893,17.09198102858419
SUB00641,4,0.11075311733254312,1595.6631260497334,65.61709981318172,1.5981032092453207,0.8341622996949672,1.0,1.0,1.7346097299124823,0.4393074009158584,0.5018988091556424,1.0,10.403104094136436
SUB00641,5,4.846063337365439,1744.5774075392687,74.63290968468453,0.2620997127329163,0.14899757887877024,1.0,1.0,1.3025694213872987,0.28166111920761894,0.5140511035702322,15.26231267455498,19.725316201058256
SUB00641,6,2.7540555304526206,1474.056688698671,64.78612551082648,1.3645862565327738,1.3337795619164112,1.0,1.0,1.475876505658701,0.3396809137834616,0.4111996824647053,16.088304849389278,23.680493590389602
SUB00641,7,0.0,1597.3663581590838,44.49863536044388,1.1789286884885264,1.444876292033728,1.0,1.0,1.7185156231553547,0.37999270938023094,0.4528129660804191,1.0,23.557046218157794
SUB00641,8,2.2973404230382144,1613.45013660292,60.115601597861655,0.0,0.12458588148205585,1.0,1.0,1.554138904530436,0.3098497675593717,0.4610643623074687,16.35662673605105,20.517089438289553
SUB00641,9,1.8062656627929572,1238.8327633076776,66.06306405682163,0.13061938050554378,1.1977031600749615,1.0,1.0,1.6240003206429683,0.5014750145188358,0.5423917462439654,11.91196108469128,11.70641092644217
SUB00641,10,0.0,1448.3934911164781,72.39489638809283,0.0,0.5138677293250321,1.0,1.0,1.3846113951612375,0.16644561835132746,0.353595238042352,1.0,15.830869332927126
SUB00641,11,0.0,1467.831370580018,64.11028050173022,1.8569367021639316,0.6070602395300058,1.0,1.0,1.1613502571155423,0.34321150018864555,0.3181431859269195,1.0,16.639164314882777
SUB00641,12,0.8846039951062021,1517.5936395126485,52.633846769338035,1.6792877588815818,1.332966809088844,1.0,1.0,1.919290954809345,0.5020847578928278,0.4693684532412774,4.741523957293744,8.264032421177676
SUB00642,1,71.84374890639003,431.36660482566487,104.42316912057984,3.7508512279921233,1.6897152966066213,3.0,2.5624198093497945,3.613401608527917,0.2563130453631038,0.48649686906663686,236.69563181854167,18.970950555399476
SUB00642,2,58.84386318222653,747.12933589003,100.94772401608031,3.236754477777012,3.3612424352381263,3.0,2.569800837136438,3.9203168948719314,0.5662615623798065,0.4944312833115808,340.7149243674143,17.175569755958414
SUB00642,3,78.41527785302756,725.9718298066422,95.88108358287207,3.2826491324260725,2.845524636689902,4.0,3.4384155917825505,3.270919427937391,0.47820598039467566,0.32329330928823385,469.2338035245907,27.398020546330564
SUB00642,4,54.13900604558215,674.2739853862474,97.14629137772931,4.729083795209918,1.7916128443415753,5.0,2.6631899663977867,3.885532822419311,0.4742894995174881,0.504711166592759,289.0518789030434,27.434186320800954
SUB00642,5,80.16829427910332,456.61126655440916,100.90749832204412,3.451137710190896,3.1579781158787075,4.0,3.10443269802358,3.4703145667279305,0.5849224327741939,0.5439214164973247,226.47327782480752,19.26633408953895
SUB00642,6,54.66398007891233,544.719583466046,95.11396263931444,4.027022533039054,1.8778574878438345,3.0,2.5360246264457045,3.7510478987120113,0.4008459685382435,0.29794249349775015,208.9796081944626,25.666532904299437
SUB00642,7,57.36933937440237,674.1940875503207,91.0266493571224,1.696357699211372,2.5897808116015515,3.0,2.507043713803964,3.9949732514024854,0.4119732889121668,0.28655630151490796,261.9281135550255,16.597867706441846
SUB00642,8,60.04012605668358,690.1131424097275,110.40454053042126,4.263682235410604,1.8957591759569619,5.0,2.5473754292381545,3.9330765234245386,0.49367487963031476,0.5597044077705582,181.5503284274258,10.996078935780664
SUB00642,9,55.09592026317052,708.9122887355684,85.08686445858953,3.1508656041483123,2.020771817788641,4.0,2.778934172469105,3.009386761979978,0.45166309464670573,0.4343633031173816,144.27352355769304,15.328522049147441
SUB00642,10,62.554721654123355,750.0531872626682,105.99595540820957,3.8991116037309874,2.503323634645506,5.0,3.2069510977291653,3.8137238625054293,0.33368556952400175,0.5744411832525325,461.5244026283633,23.941503131527774
SUB00642,11,83.15834854610533,560.3417932797479,119.80335578694464,2.5916157288381743,2.657012769485384,3.0,2.611625541854067,3.1231006874675997,0.5497538293032032,0.4003117802573214,302.07126323653847,22.458483288422663
SUB00642,12,63.34281769035687,440.2300033958793,77.2820788595374,4.155557440820148,2.7303819251207977,3.0,3.0,3.4063781621544456,0.42192780283675846,0.5644871561639184,404.89679801670354,9.889000498929809
SUB00643,1,7.404521454425164,114.44311163279497,41.91378653760956,2.068853682399071,0.21975844332631522,2.0,0.726381130329051,1.0,0.4110770329297947,0.34863285278152223,15.359157099661632,13.946289710994277
SUB00643,2,2.60263670457074,170.52663746102832,24.730091614419518,1.588568539864716,0.707239473218161,1.0,0.9908738052165,1.0,0.18046594172709737,0.296785576468621,13.10286358018608,19.691839077982745
SUB00643,3,5.960140546544998,133.35845203006983,27.570367681537444,0.6013900455576695,0.6770667691392713,1.0,0.5894410742715108,1.0,0.2207190503053152,0.5074995264954665,41.1354501141673,14.273030329172386
SUB00643,4,9.647151492283443,129.22688336732563,18.18786834117891,2.134192816287885,0.0019203494410477973,1.0,0.7155747687044374,1.0,0.283774320443169,0.5205700916274548,76.72010029002166,13.200655550774796
SUB00643,5,3.08544131280796,110.8761399040713,33.29159133812095,1.115682797707,0.8250427940331138,2.0,0.895749570890652,1.0,0.19986277625297416,0.36630842138941844,13.694503692381772,24.379202169090075
SUB00643,6,7.121210217691315,134.6218768425913,24.4798906365155,0.6828153647666533,0.33331002185827685,1.0,0.5989738520733339,1.0,0.2840090393519411,0.3128435029334725,44.14272000962215,21.93771830217328
SUB00643,7,4.322341498839757,131.059257034337,20.481706348691056,1.5151592071817859,0.008521931021449047,2.0,0.7995323038711635,1.0,0.22025721453813113,0.3287011500726006,33.89050135621899,10.324887839524166
SUB00643,8,7.9397021915306025,112.60184904204218,24.025482217052588,0.774326518886433,0.19859733464327012,1.0,0.860767237519823,1.0,0.5250660334402247,0.35361937522693554,38.77439862503508,11.016158140733145
SUB00643,9,6.516414058094835,110.60380889663428,41.89081206702295,0.9740172769518314,0.4260559538969284,2.0,0.8455112648827016,1.0,0.2934827813422972,0.346431712734842,51.1527271439951,21.26877361623273
SUB00643,10,11.300065335400378,85.11228151586269,22.24563148641681,2.685556473950814,0.37905508266695787,1.0,0.9336339817623868,1.0,0.5423940773518567,0.2704364932060838,40.47275967286548,18.52022062416132
SUB00643,11,7.574210319635432,91.6589468055325,17.4511418250169,2.647719929541485,0.8320652065676641,1.0,0.6007632345745225,1.0,0.3248682046953804,0.3107046394272822,18.26272787232195,9.808538134812505
SUB00643,12,6.1238741412875655,129.72531696277636,26.943933790974,2.0048682534891977,0.39878211208656134,1.0,0.7261764141415641,1.0,0.30844811391697347,0.5812827597141754,36.9210240930106,13.64132011556822
SUB00644,1,118.60071701582757,442.9334169402313,45.085928295379,3.8102798019452564,3.2008856788647124,2.0,1.375778847425559,4.968679224321465,0.3309873034987778,0.29378370175964275,326.21757198680496,19.8429989347977
SUB00644,2,136.92172721447253,327.8581554199324,44.88031096441665,6.8678693154829675,3.5711179965252478,2.0,1.71074926331441,4.605498792599736,0.2742150500221266,0.42612315554191343,525.9799855919706,9.953591146808813
SUB00644,3,117.49138952881336,319.9440628089703,46.017936005847275,4.727004306155261,2.3724221296962735,2.0,1.480529707340866,4.911740086563417,0.26681527375160774,0.3156849989234048,389.2386227228142,10.53079777778648
SUB00644,4,131.43332819583583,490.5424034722887,42.28371713417789,6.139726488779073,2.1374033687289256,1.0,1.0,4.50769267120338,0.4669863894983366,0.4662256289894904,711.440406806748,12.81526504518235
SUB00644,5,136.12022158503953,481.6177399197368,42.84619949153128,5.322296311364801,2.8678677477390337,2.0,1.6950482982254278,4.119126834106089,0.4182904185152111,0.5160534565539296,312.8223236348183,10.406804177198023
SUB00644,6,122.223647831569,387.6148061503024,38.20788348334121,5.796500067364157,3.459622787569734,2.0,1.7517144079555114,4.874548039003914,0.2697885756261026,0.3870207962846781,378.2560920275449,17.477752374685906
SUB00644,7,135.4719862231628,386.7699654785294,49.50262352421416,3.582235329701529,2.0911676212172496,1.0,1.0,4.839766707600644,0.30819064587739375,0.47453347904372944,510.6175485411264,26.175496789437872
SUB00644,8,130.71339102095803,360.3635873888673,51.79509134754874,5.633726060231728,3.5483514303118247,1.0,1.0,4.959306579132287,0.4646524620850484,0.46239264938381586,329.56912207316816,19.355435211013372
SUB00644,9,126.87371715870094,496.3241496163997,38.73312151970975,4.855116431217533,3.709027817790991,1.0,1.0,4.674636615235343,0.57861985990333,0.27046490167293064,532.8300509332748,14.286101489658662
SUB00644,10,117.82526775745974,537.1068078651498,43.810024899265805,4.338812863742294,2.132401289907739,1.0,1.0,4.818029496667522,0.5093514646755873,0.5819591731371917,351.29295761241326,12.246504920958564
SUB00644,11,126.31413934406629,486.27585025816904,49.78647815756335,7.734027039486556,2.5433563417909717,2.0,1.2288879835428217,4.545907528808007,0.26323956665581033,0.2986651387886049,609.590157067689,17.283109609194597
SUB00644,12,133.86046843990354,529.8700247839513,34.46545357224617,5.88917052055508,3.7850407634100725,1.0,1.0,4.156705785370633,0.4502434342585565,0.519621096752497,956.1141367116621,11.742686533937455
SUB00645,1,1.3460843456928733,27.246047719174136,24.90283278720501,0.4294665670560521,0.07473045791271077,1.0,1.0,1.0,0.4798006921080892,0.4141779844673451,3.9714498431770044,27.109798886618993
SUB00645,2,0.0,10.49507109231579,7.04297906443438,0.0,0.15491461329877448,1.0,1.0,1.0,0.24483738090560028,0.26998690807963827,1.0,18.568387092428786
SUB00645,3,0.4428154841387104,48.53244599696111,8.302040111520611,0.855238432390575,0.36136989220474,1.0,1.0,1.0,0.31295048012243765,0.4224057038731293,1.3707596355330869,15.942624905148662
SUB00645,4,0.7640117202853113,48.89900413007399,16.09418400455433,0.3149250498708055,0.07467340591517413,1.0,1.0,1.0,0.17621757666437315,0.4469622875961382,2.29831461872816,24.633370281765735
SUB00645,5,0.0,92.45132530854141,15.49010954356072,0.7856708373789323,0.2600679549701145,1.0,1.0,1.0,0.35003115412852925,0.5438027369641151,1.0,11.169876183720673
SUB00645,6,0.0,88.66426595963117,13.195260550017686,0.6119646134899697,0.42396154054223206,1.0,1.0,1.0,0.3764524626969866,0.3879974848760016,1.0,27.543504105629882
SUB00645,7,0.0,37.805455845962456,24.228192627857304,1.0839365613482617,0.1486056531402995,1.0,1.0,1.0,0.20508600443712832,0.39418098692490783,1.0,25.71148419909126
SUB00645,8,0.0,5.530368421343077,12.17312174452967,1.0243544819204211,0.44196943594766136,1.0,1.0,1.0,0.3934191674427968,0.569396618389274,1.0,15.187691444614483
SUB00645,9,0.0,63.49474630313984,9.418403826315904,1.2567439270295924,0.4883289320768006,1.0,1.0,1.0,0.2635772022457119,0.5674247095453753,1.0,27.477809772915183
SUB00645,10,0.0,14.13920110173516,14.286647460396,0.5895540417037507,0.3166884702166301,1.0,1.0,1.0,0.43988231956947177,0.532086197490524,1.0,26.68913897388285
SUB00645,11,0.0,47.33086475896198,19.7183954110103,0.8580359525248258,0.17954066748639325,1.0,1.0,1.0,0.29168245214898303,0.39919605009485304,1.0,9.45025173518863
SUB00645,12,0.0,75.06311677430013,23.549643072147457,1.6975232108807339,0.47141692011504777,1.0,1.0,1.0,0.39328108945061946,0.5294061447708528,1.0,17.76448169219703
SUB00646,1,123.44423093999181,269.47098393185775,26.425891554771432,0.9863893994303411,0.8483535236402759,2.0,1.5046087240304051,3.5090976146739616,0.26796623978924794,0.46728124080138445,626.9569710690604,22.519807952845298
SUB00646,2,102.16391639618269,277.0029093995993,43.19441885819556,1.0760473773071189,0.1578762194709818,2.0,1.2837310261476214,3.110088300774117,0.5670468459776405,0.5509713739881186,717.3044402181149,14.333910587740723
SUB00646,3,97.36671645461865,271.1106764803995,36.219565379068385,1.4287635078078083,0.9985093187701938,1.0,1.0,3.5931368136071873,0.46666317639764876,0.40105022946951124,409.2998211154202,23.21540646373146
SUB00646,4,116.35592807610887,309.84040250941644,30.059214785370767,1.4929786621064756,0.13699961288653395,1.0,1.0,3.183870714095823,0.25618074004282076,0.3462294820675627,478.81309908597115,15.794727787054992
SUB00646,5,112.21636789209343,226.16852707991183,40.34754251870896,0.18578323888701342,0.030339277673499143,1.0,1.0,3.3025431357220025,0.4119649660421355,0.5966969205298165,725.4650226399345,25.061018361200723
SUB00646,6,123.73651539124543,178.60179866149642,43.3733200228143,2.0573810945654687,1.461997668250695,1.0,1.0,3.5230933779660862,0.583847942095875,0.5511665359126425,330.8341548330812,16.503207894350908
SUB00646,7,107.09109841764653,213.28636017078912,26.504645103491182,1.121916884933531,0.7189485423803799,2.0,1.4826540319285102,3.8774625041859685,0.3444741082236602,0.3604873722979576,523.8971089523782,16.998720845753567
SUB00646,8,115.55336266679558,192.33240605025026,43.53391289500635,2.0201237190558654,0.64775895737304,2.0,1.6724070224695997,3.7834059318826987,0.36377960108219365,0.2784116932877228,897.5533490116486,26.18528922984394
SUB00646,9,121.87526143656444,201.72457860746118,35.84288581855779,2.4002415758671103,0.9179504155379462,1.0,1.0,3.8491010616446726,0.35673856236148493,0.5957505273807082,824.0586901376549,13.233573382594251
SUB00646,10,102.41356917863725,259.2004493646323,24.350413315137786,1.1031463422565295,0.7081433062369293,1.0,1.0,3.88101951185272,0.4276082357990433,0.45545527478755343,498.71850735662167,8.80252257972983
SUB00646,11,100.24309010263204,127.4594297802748,36.34424203173029,1.9659072026643205,1.1129834811145063,2.0,1.533539627970641,3.3937842165825307,0.6424542028360146,0.531526337362217,453.8023852564941,25.75953757579889
SUB00646,12,108.25705760869586,192.92198335341877,21.932179022952592,1.3134075944175754,0.10347124300596389,2.0,1.3974031854360147,3.3523316364955287,0.3193620535970626,0.5789007939817413,258.4744939433648,23.54705298525511
SUB00647,1,46.04118106864928,316.52850793615585,52.21990719441815,13.641461084196793,7.658995243324932,2.0,1.7198687123083614,2.865599154505794,0.511191370824125,0.5948121480604698,235.42918740133908,22.902017060496394
SUB00647,2,49.31791094823235,313.0425693913867,39.41083149258856,13.947864752957207,7.7312543194644885,2.0,1.7885165727232621,2.66176588882437,0.26773908930686374,0.2569076236924383,109.82400519244716,13.73181396189507
SUB00647,3,34.56999984737882,231.61958861510902,64.02989661980334,11.86539759387391,6.305680900800569,2.0,1.8957138731566774,2.3687219050684627,0.4213879050053495,0.3980576118426875,162.5667086404315,17.3305431676961
SUB00647,4,33.57930224376981,295.7366932025505,58.278815422360985,11.528614022650551,8.670732088893395,1.0,1.0,2.689349781176806,0.44662318248866373,0.2686999154870939,265.47305407150355,16.964920500548587
SUB00647,5,33.7250317248879,267.911164710199,37.12146119396306,10.02762018088265,6.597299457668042,2.0,1.1824283575583059,2.131043466535773,0.2545191576520483,0.5612112794874331,206.7644151314163,12.664694069378204
SUB00647,6,40.80339522157521,243.11559071448585,44.44037318318275,10.272746570639907,7.449358158583947,2.0,1.1886305551364829,2.8697673936350663,0.20349557115020903,0.5165881721230952,278.32505173704044,11.31786607521961
SUB00647,7,43.70629897212742,204.68073087545847,58.39458835710377,11.52423213840019,6.417879483971527,2.0,1.70987996750014,2.695438117778517,0.1612268410233633,0.3220815592401411,87.51414112378207,25.3127177542288
SUB00647,8,51.50922238039085,270.3962378917883,30.70795886119898,11.565139397060387,5.33953760575989,1.0,1.0,2.399211454430261,0.5800206006705004,0.5455419136879182,355.2483818941476,20.727016995425693
SUB00647,9,52.15243548430282,315.68491636133825,32.58083387227687,14.292549105511139,7.945628688810724,1.0,1.0,2.5395614486014138,0.3450322644217101,0.25768743634705316,217.73345194762456,14.66043585358472
SUB00647,10,51.99864920260157,226.30343538471143,44.545026324861986,11.820350197468644,8.772901572035371,2.0,1.2353914920455322,2.610230039326768,0.5222682385658802,0.2789354243225856,396.6918263857297,12.280170021918504
SUB00647,11,50.590967723669515,379.11071745197205,58.69756695130914,10.291504962866007,6.1723669497663645,1.0,1.0,2.1658666790336154,0.6340120578382396,0.4720652268283575,236.80989789838162,26.98842205309846
SUB00647,12,43.88765283439205,335.3064567515123,60.868679390537686,10.611290868157694,6.7052411590877234,1.0,1.0,2.2848355934717515,0.4324823568509182,0.3862278960981075,105.49000672738504,22.675128782128155
SUB00648,1,1.417183252949048,1194.395110641092,63.6910776958517,1.6738636331526184,0.12120426982598126,1.0,1.0,1.130854984155396,0.4549617457284548,0.5841589201837647,3.032547236734976,14.561492253214446
SUB00648,2,10.237522510805979,1295.0617069712303,48.30308447265264,0.9983053739212405,0.6952785353767827,1.0,1.0,1.1673645553344736,0.20874320408396793,0.5902326273263059,74.6622759332321,10.535522867261824
SUB00648,3,6.314189415220447,1778.2622679250915,71.96290837907769,2.446815160841503,0.6277666927864598,1.0,1.0,1.3819692756554034,0.3624617622469155,0.26745133850330965,14.176323168548018,23.64912898606753
SUB00648,4,6.512662344164221,1558.8558668284752,63.106562559037194,1.3084509784413323,0.14143785087962568,1.0,1.0,1.5746581343481214,0.31075183524436084,0.27889451708076846,18.01600647049165,11.068404681443164
SUB00648,5,3.3327533425701024,1699.9197313272616,46.35156679379182,1.324667957798519,0.09123393507522215,1.0,1.0,1.4658798158104296,0.19370797665330824,0.3648853279991148,10.13728425531016,25.050666870683468
SUB00648,6,10.032698161980745,1707.5368536621581,67.06156026923318,2.021380485400799,0.6873469769811883,1.0,1.0,1.9965768642207649,0.3918113136886388,0.30940558696970877,26.789874186665585,15.03622369531985
SUB00648,7,11.496690643499935,1348.6741470671486,55.91315297377365,1.2018390240576158,1.1727942456916063,1.0,1.0,1.8544180264415475,0.19140701300363244,0.4868334598656122,69.80671886036843,12.913093220658016
SUB00648,8,7.211220495828056,1756.3348687598639,74.59701170366495,0.3285511973150487,0.49457840989436785,1.0,1.0,1.8503428432163795,0.5223434634497343,0.29015865458240664,27.172994652670656,9.919662002426008
SUB00648,9,12.609603330231396,1675.871470366602,63.92140775245717,0.948595424726439,0.805849340547611,1.0,1.0,1.7826425422208545,0.5260273127230864,0.5845006371283916,79.96497513785269,14.162649960340143
SUB00648,10,10.582899135332802,1754.2427809039868,56.59935185949544,0.35346433388833576,1.168178663499657,1.0,1.0,1.2211055099226775,0.5403613598725587,0.5296455811170583,40.23662340971731,12.411792756943855
SUB00648,11,15.111127739790046,1493.500513207315,68.00561083419683,1.7658137281236053,1.1605478295018847,1.0,1.0,1.423137299334258,0.36837287159433973,0.5693620194183224,69.31703970898815,26.25144600985184
SUB00648,12,13.324611797176601,1475.1210452300752,69.35042482443797,0.0,0.8405163946592449,1.0,1.0,1.8783625205052927,0.5283702977705101,0.5919396581677605,67.76490329610986,20.217671132332207
SUB00649,1,66.34374427167836,586.9811340426689,85.07953167672538,3.6601050445017784,2.733739294404563,4.0,2.5745283191947874,3.730262094902522,0.2860702876174238,0.31765076585864155,269.8648187792038,14.778751456957226
SUB00649,2,60.53642884193788,492.05293935376085,103.92694029941816,2.479014753299021,1.7832091053522943,3.0,3.0,3.3436692135536763,0.5867092522919901,0.3159073668047123,293.4432933901882,11.657800341898913
SUB00649,3,75.01498416385864,677.3008605505769,92.1478121933886,4.520411483836666,2.698569094959356,4.0,3.2236275092916666,3.156232914991343,0.27906033901672567,0.3700847352530085,263.24722646638827,19.237328339626725
SUB00649,4,69.56708833338506,708.2772490139961,86.68197586233293,4.67176604664226,2.7857852843983024,5.0,3.2403433831528274,3.89813743804174,0.5696510865863679,0.3200392471538304,154.28889578160332,24.25048605074494
SUB00649,5,66.14224078361742,665.5809860049271,112.00206619951993,3.664465168619614,2.7318953030629904,5.0,3.123205154974948,3.9174369879198063,0.26882885412236346,0.3881463890658974,258.76655207885034,14.383404883276832
SUB00649,6,52.17803536298884,575.6733917644375,119.54998675176975,4.171248152371216,1.8115425775748497,3.0,3.0,3.399210573224413,0.5858090555323601,0.50518171362674,111.48365480517403,20.89464546085798
SUB00649,7,74.7800743223413,656.3746983508748,72.6449186582348,3.708463621178761,1.996604740144448,3.0,2.9611971468620464,3.6955833449250632,0.4103457577747175,0.42275400635216887,264.34226584303536,23.29188298349858
SUB00649,8,51.240431877138484,586.3541729040763,90.65375254662663,2.0455994335958976,3.071631748115492,4.0,2.5820776186816747,3.3379166547630565,0.47293881543870764,0.3799620213769346,174.09072574702637,13.406651693901916
SUB00649,9,55.24121427418022,470.5793128971289,77.78097304089692,4.701454112503869,3.2580826710756177,3.0,3.0,3.662780040584378,0.39157806046205956,0.26023739854291067,290.2633557755393,16.584224344226804
SUB00649,10,59.5763335712646,751.8182355706011,110.45231828291263,1.6317543852202196,2.236929161438787,5.0,2.7584194191329776,3.5904815507211376,0.5671238190396554,0.4906902271987592,263.6255339462938,23.621504130031262
SUB00649,11,57.54295655310313,649.4719495114862,105.30487849684982,3.5660971397591275,1.9272114409646852,4.0,2.819323046032009,3.821994648047653,0.27766122455698505,0.27593757616545783,266.2503693275463,18.527385568770114
SUB00649,12,61.399495324380226,632.9297799180626,94.68081044133757,1.8418060898088267,3.3867525381660846,3.0,2.51163824653061,3.664004675907969,0.4604177475065444,0.5051423794438503,205.67548842565265,10.858451738973002
SUB00650,1,5.733100208987178,147.12516090377048,29.52407142544904,1.2639577857999937,0.13622159473607254,1.0,0.9892347687048024,1.0,0.3270534154942717,0.3228277108969846,28.45005454184376,15.43321647407062
SUB00650,2,4.235120942553406,139.2861416317582,16.474268559679174,1.2068032106717617,0.8139400964541806,1.0,0.5549862049481288,1.0,0.4648041726344385,0.48854689248746397,24.9914207413965,26.904525899956703
SUB00650,3,8.98711533331469,56.937138455469686,28.673227131740504,0.11725099253550458,0.38275946487838053,1.0,0.5679289546844708,1.0,0.21958578930603345,0.5660746885528913,36.458563415055295,23.40703659030821
SUB00650,4,9.848454766414267,108.84809621198175,40.46650418854596,0.6925909870436986,0.5342587631121894,1.0,0.5752850893646835,1.0,0.36245513607934465,0.44343327895104806,76.34183364331275,27.024287530743507
SUB00650,5,7.053605226359642,60.37766070617225,20.53022052743322,0.0,0.965965377148276,2.0,0.5857592360006028,1.0,0.17776064512706585,0.4220432063307071,54.615497648932745,25.915807225567836
SUB00650,6,12.612949487205867,150.19246786955267,43.326021492636386,1.553293605572126,0.04313188158892922,2.0,0.9792681408114292,1.0,0.22962084597134652,0.47581807943894483,31.875165180073424,25.546846328884087
SUB00650,7,7.026438421661549,99.99856339923834,31.05041911410606,0.4460078384302997,0.8285235231969579,2.0,0.7290999596528394,1.0,0.5440768928753575,0.3801463623064619,41.14571772528858,22.1799852942194
SUB00650,8,6.5053075714986655,145.44418982002662,22.905632997043604,0.38986884958236956,0.7993904285855317,1.0,0.8270832550748364,1.0,0.28346654156221945,0.4286852247639741,44.99068386817256,19.07271565186969
SUB00650,9,6.399307921119216,62.41851188024073,43.459050791446465,0.30902996622434464,0.4724136244199286,2.0,0.810005658478103,1.0,0.26062469809828925,0.29027394493211045,31.068658489286054,20.797859553258284
SUB00650,10,8.19685376856893,155.25788468551693,35.32699452361133,0.0,0.9096201434275019,2.0,0.5739688079726737,1.0,0.21562290114728067,0.34158922401997843,56.430939355880035,23.000973407444725
SUB00650,11,15.782423010273572,60.61968160639185,27.952090663869495,0.01860248990527369,0.5785233964516544,2.0,0.7605357239479222,1.0,0.3533621104163996,0.5419420466559817,114.8762615853435,16.268291643999227
SUB00650,12,14.845709115739734,113.79840328867364,36.202573445726074,0.14407547301357937,0.6268745981664403,1.0,0.5832154354670411,1.0,0.3131922717793665,0.314169674686827,113.27805529450413,27.94101916632793
SUB00651,1,116.01528605009214,489.30618296594196,37.55302049729313,5.953097911096425,2.135243979656464,1.0,1.0,4.942066646566702,0.47410822723884694,0.5210415817652084,397.11579949151314,10.874461486748903
SUB00651,2,112.61944820697346,468.51902566188903,48.67829469775513,6.431837520405357,2.0692709577397546,2.0,1.0807786919282978,4.731935398942422,0.6135289244726102,0.41641381065155525,618.8368489255724,22.88212674424969
SUB00651,3,111.4682486549008,327.3008804154053,33.0226105752308,6.896277985505321,3.784026943640955,1.0,1.0,4.2753651419263505,0.26551111720584364,0.5990260126899083,249.174648066547,8.10096164515608
SUB00651,4,125.2295778607321,462.54004603657984,40.423826559698796,4.816922297997471,2.8118272143404317,2.0,1.2831968540025667,4.8474737268002,0.46988390518235135,0.2737939544829872,804.8652005494296,26.37938824902916
SUB00651,5,136.19903051897825,370.48490148005493,36.69186597546779,6.157780273859332,3.6693676542413503,1.0,1.0,4.166626810599215,0.5833499709274175,0.38697947496198526,392.3756307463322,22.53883264347337
SUB00651,6,128.27983652356548,321.7510836209806,35.99636714385126,3.7778074153062002,2.836846167508535,2.0,1.8991322329670173,4.030765454100631,0.5849080878209872,0.2843401451242579,888.060510954981,13.024195181389677
SUB00651,7,113.6170018220445,408.8717673071508,53.07449508678456,4.565707647555918,3.6393122735082346,2.0,1.8367121858298237,4.338662536418077,0.5844112681892993,0.40840776260044287,378.3716275675484,12.236538647116072
SUB00651,8,120.16189290302769,487.99969747811707,41.76969162557245,7.06226339049066,2.339913778190131,2.0,1.878117650955171,4.007924600193439,0.6436832361796225,0.5998816312006083,419.16025883103157,25.128692177108412
SUB00651,9,121.66123814065821,401.4272935852469,48.55693489639131,6.034033548197188,2.7914554813340944,1.0,1.0,4.974054711464294,0.4198935991863121,0.3916280433594015,878.5000239410193,17.738409497970153
SUB00651,10,127.24607197513689,365.2132638151548,50.607393541458585,6.986290222217519,2.9472660830133,2.0,1.0683603004897981,4.719961852084743,0.39149905146581254,0.3877772332064049,739.2433839757607,20.43759369989455
SUB00651,11,133.39333766268305,419.88319065754365,45.73059978131836,4.696695417098556,2.2106646107457113,2.0,1.6473832608816183,4.473745703647301,0.6173376991053632,0.29927728713845897,337.1568218622587,26.736356275910907
SUB00651,12,113.05290652077511,383.08860241041316,35.72634911096534,7.802042519733501,3.542134190833675,1.0,1.0,4.345437921064407,0.4647767910553584,0.42549036928349027,758.3147402304788,22.85897331460344
SUB00652,1,1.8546757758364034,41.558866663123624,18.18552360405107,0.33328733761637486,0.043568720798431104,1.0,1.0,1.0,0.1902036290294717,0.4741636504880308,8.232360121683529,9.340578253483613
SUB00652,2,0.1601798106394442,54.14064323204342,18.88727838177285,0.6578685309403542,0.39929153098047887,1.0,1.0,1.0,0.22899886562508978,0.3043467017703498,1.0,9.935924504765262
SUB00652,3,2.3998611685914715,38.312223330666555,15.03107436863949,0.6180770193546687,0.21322256264832945,1.0,1.0,1.0,0.2010775521143759,0.47035875321822107,19.054266052804547,17.673700424931855
SUB00652,4,2.146109113206899,39.56356983160528,18.353232600748996,0.6165312288561648,0.3280375010301987,1.0,1.0,1.0,0.3577760574824469,0.4740254418244041,16.882994322709568,20.12499753241897
SUB00652,5,1.0988021567785107,49.75874880882151,8.975336133043738,0.9016268536116576,0.3767089462637176,1.0,1.0,1.0,0.5463313301776136,0.47224115645113474,7.050443956324289,15.336195232394846
SUB00652,6,2.814419646295821,35.174975535787006,15.424721893697498,1.0301424545400248,0.0021794694142258653,1.0,1.0,1.0,0.32660991331462724,0.5190146529805557,13.65749171272816,24.607489395705453
SUB00652,7,3.5929036383346586,102.4369562740482,5.743098990294575,1.001906838519778,0.38717817884019773,1.0,1.0,1.0,0.16291221891864052,0.3023644045830853,12.151116114964086,8.897618504221057
SUB00652,8,2.255684971607769,80.74707885419559,22.69534401482375,1.144055093868029,0.1021743418418628,1.0,1.0,1.0,0.4543351450147487,0.44867828840012103,10.179091475814554,26.775619951576083
SUB00652,9,2.5568627549390763,77.80306069597083,12.295747995290238,1.367355982708993,0.08712350410185071,1.0,1.0,1.0,0.19209362376399786,0.34703631841298266,9.795039324418344,8.59127750245256
SUB00652,10,2.9501927786098925,70.99157408189242,9.669344554118997,1.426899254150209,0.4860394091207685,1.0,1.0,1.0,0.2937066982091094,0.3493865183243468,15.532180860269117,12.284824724597861
SUB00652,11,2.2352211454387483,62.213390015329296,17.714754788480654,1.6517692412773441,0.23110905649910646,1.0,1.0,1.0,0.21856210353414607,0.46746745879579565,10.00906988437817,12.520992070332788
SUB00652,12,5.759438715794772,87.20395170192684,11.621167896270597,1.4578072693623585,0.10349468305865661,1.0,1.0,1.0,0.33414596022075727,0.250690280645927,19.281230663204322,13.271002562492944
SUB00653,1,95.53815310967782,197.7654471009518,20.348364350161667,1.024729263398954,1.3806560721723573,1.0,1.0,3.1604337799949596,0.44302461746738175,0.5620704336209903,323.76609542651255,18.432650601779
SUB00653,2,120.91465315505802,252.87458648230663,16.662668985141448,1.720971738239351,1.2914960323614229,2.0,1.1691486694673172,3.250949733078103,0.2604601890980015,0.4583511474562778,508.2258987707583,10.432222982423134
SUB00653,3,101.65484710358162,199.07201890227793,16.923771741859998,0.4875224242445364,0.7715616467246655,1.0,1.0,3.768116201763119,0.2507940304663962,0.412549177684971,308.84438965110667,22.088663761002877
SUB00653,4,96.55316813804238,166.39874339446195,18.661853446860132,2.012939201368143,0.5777505801590697,2.0,1.319482789973762,3.535384267313124,0.4725478751753348,0.45763673678998096,356.46379494531027,11.53642031349903
SUB00653,5,117.75153233063807,302.9434756095171,21.308027537842243,1.8331836086380824,1.278927139205423,2.0,1.743478276801803,3.344074995785517,0.541774853460719,0.46595087678212066,381.3261317485767,21.90628589630952
SUB00653,6,101.33402303559137,197.9259031143166,27.21367720002276,0.45854764731222764,1.3584492625314262,1.0,1.0,3.554852005569649,0.46952667211415855,0.5323911519634494,537.8781220418431,19.29104394019803
SUB00653,7,106.97001007833317,231.65149386446336,24.129248543475445,2.7464989613944826,0.5476834096096497,1.0,1.0,3.7850533325502345,0.5065910306627865,0.2915169520946777,310.36696379365077,22.827803094643944
SUB00653,8,108.32198784673328,193.73305664978233,20.777152439666708,2.759267602885885,0.4400839584951692,2.0,1.677951853115534,3.3531932317028788,0.5187901892785748,0.4098770378669099,356.87134824258044,25.767179877519823
SUB00653,9,97.9609319268031,247.57069843296398,18.176236900441467,1.968195826077721,1.2254691249891267,2.0,1.6351649480101675,3.1874204856748127,0.55027262016844,0.49811378021538366,227.2022857647525,8.796611799693025
SUB00653,10,119.33526067724303,183.11944084691348,30.679478220414552,1.7682934402503923,1.0361511782434945,1.0,1.0,3.8323583040680633,0.445812849874219,0.5086638030303119,431.1746162989656,10.448008440704827
SUB00653,11,96.87003604302957,184.0057858496387,31.285770373740142,1.447125675230047,1.4104427442829133,1.0,1.0,3.026601481973102,0.3965726643304064,0.449335460488811,571.7873362221685,26.54365878612652
SUB00653,12,101.7116429727037,262.7721501730007,35.222293199825714,1.770709835320801,0.34788843635663913,1.0,1.0,3.656758894738132,0.5769681962475626,0.3500761582261114,504.9096057901083,19.66529783166426
SUB00654,1,48.702933760004896,225.83380106852508,57.928331988878,15.112530982013915,6.012408194545792,2.0,1.256886378862301,2.850971339071084,0.5337603035490778,0.36709665974224004,147.39603366054217,10.067898635548035
SUB00654,2,36.155597968367154,279.59899077335507,34.050423714752085,12.767444327942886,6.589941421616548,1.0,1.0,2.7716793568191673,0.26003297740166,0.5544185842634868,110.6689809209826,12.74005116471118
SUB00654,3,34.628821666483546,288.5484108334726,54.37789493703414,15.69515390553959,7.035290063093346,2.0,1.9146391551747926,2.9980277535385813,0.4264872832397639,0.3609110835440657,249.47742057338445,21.345668956919344
SUB00654,4,35.71266916197348,269.4619738629135,30.077399564204296,10.433601780836675,8.370114179918065,1.0,1.0,2.3089505092930422,0.24702135079024207,0.5674166959017768,279.60385278025814,15.20745050577645
SUB00654,5,41.78385423625305,410.4524107033715,62.91586662585426,11.176367039936085,5.164370157877304,1.0,1.0,2.3758267374318094,0.5231703896390218,0.3234661705140315,100.74378031830517,23.08548704267777
SUB00654,6,42.95187351721198,383.2620061519553,56.07965610302575,15.709557567455105,7.219690279673846,1.0,1.0,2.729749287824239,0.33114644613709543,0.5673429221490003,324.9512292199214,15.575970648308417
SUB00654,7,41.91036171870727,315.18094197609923,53.7823055549286,16.318073026483372,5.373267157942556,2.0,1.791655629789607,2.0934257253158917,0.3546799603462508,0.462329066599168,274.08123530520487,21.579945021177537
SUB00654,8,47.15830976708623,247.47933091561617,32.27094103687739,15.920109938004687,8.853569479672519,2.0,1.4095443261352367,2.9913190129552647,0.3782410296322672,0.5026388091384684,350.1422325614464,14.699055321183877
SUB00654,9,37.06210601091626,346.01879926069233,32.760177650543355,14.43202251627629,5.273930183172532,2.0,1.7138203659647628,2.966316159862836,0.23661778505716882,0.31659200666518406,100.59984355544597,25.89926024910761
SUB00654,10,42.71517328618565,312.85141281615967,62.55125900919787,14.3902135152797,5.311118984378452,1.0,1.0,2.018713976532373,0.46768205228009163,0.5000127460277219,263.03601248792063,15.826708938271645
SUB00654,11,41.623318548624,203.24079861716066,60.26860210092733,11.07529744082417,5.335797219737961,1.0,1.0,2.6829522194243562,0.37886978745106215,0.5130559463151074,228.60044420653384,9.757989642245356
SUB00654,12,42.16192444516808,371.2350072863047,36.654247703264545,11.006508161298003,7.124302301135142,1.0,1.0,2.495185967573084,0.4991408603749268,0.5444677025912518,199.63667812702465,10.066477681531653
SUB00655,1,1.9564891703859093,1319.1223642443867,60.32157739456076,2.860232671980461,0.533625313476521,1.0,1.0,1.571549821780665,0.4743271406836588,0.5085471961717286,11.87078951013886,12.096345798804643
SUB00655,2,6.811068311588253,1440.3295809962976,62.62727846375812,2.072309327961805,0.27560354022391564,1.0,1.0,1.0621181980399121,0.5287864639530478,0.2635943873580963,37.8949801903557,18.68458201743121
SUB00655,3,6.330200062008009,1270.6765669304352,64.76439333380462,1.8398860096378666,0.7049880838719849,1.0,1.0,1.6525281504914022,0.3481045907657886,0.25186208476878724,48.437614633686614,8.148478249948665
SUB00655,4,2.7265480872844408,1256.0017437091744,62.94227230029265,0.0,0.7393531572341313,1.0,1.0,1.3479786294018883,0.4556689740491616,0.5075571517258726,14.361689583623889,26.131192510559455
SUB00655,5,9.966373261914999,1307.6811054673194,79.80522188670326,0.0,0.06403244734111907,1.0,1.0,1.7040670775284616,0.5079452608871311,0.4231997889931587,57.47521459204023,25.33904704367682
SUB00655,6,2.4028232183486833,1210.2077386958097,44.63788167557088,1.078718106055538,0.15471054771328008,1.0,1.0,1.3813971241443714,0.18375409423704445,0.4097859370176634,6.5046640404769835,17.412585887184086
SUB00655,7,8.457166514952304,1555.8118956294068,41.14411222134769,1.6815867998685685,0.5125780979366289,1.0,1.0,1.3342001046725545,0.22872931869982155,0.2873155093151064,62.52169142407259,8.640707454453395
SUB00655,8,10.130279851879417,1377.3680952553264,67.49759996226334,0.0,1.0911032471289335,1.0,1.0,1.0175310464607548,0.33217519625641123,0.36545881238310046,44.25850129749469,27.18608304499593
SUB00655,9,8.279551577408691,1340.109457639063,68.88138999045793,1.9038780215878013,0.029841337668416013,1.0,1.0,1.5793031766276124,0.2765456719769476,0.4859782582699105,51.600451542362926,27.537161946047444
SUB00655,10,5.378418518497126,1529.7964954893305,78.11251358802627,0.0,0.30772739238017205,1.0,1.0,1.894147831026498,0.4667968114351576,0.488866616532346,18.575050477489388,22.74336940121788
SUB00655,11,4.063203382820691,1677.092589595089,66.60649792491547,1.761945307048268,0.30833462989472216,1.0,1.0,1.65851844753006,0.5392249123805404,0.5816031763019965,14.153685265893508,17.467008484060088
SUB00655,12,6.989047788940871,1318.5698803499695,70.4196330650185,1.921125854794945,0.023478692725362738,1.0,1.0,1.460822391003822,0.3755908769428261,0.42529045956005423,43.53083974980956,21.70828219603233
SUB00656,1,61.22480478477191,559.2786770786445,80.11750329376397,4.599761529511577,2.036477016454983,4.0,2.76096242743628,3.7650656426770546,0.2636740633859975,0.5835098538285244,146.5580681823999,25.69233038305541
SUB00656,2,66.47806350966802,795.4590980446039,104.07711395352788,3.8694797572778894,2.76281435861804,5.0,2.7190399690661446,3.1166664684668994,0.4629206945994089,0.5643765833215425,372.6313877917344,20.227898013880427
SUB00656,3,72.35356686389858,534.3456012638503,80.69616809603141,4.673627976548542,2.916946077943077,4.0,3.164049207782476,3.7766584957494778,0.6353843414385759,0.5582959492070454,431.1907768916505,19.55046850746122
SUB00656,4,76.30036387151733,618.1790105207093,104.92763809642037,3.519898791159435,1.958521123164421,4.0,3.1161288099256854,3.700308732116671,0.6121958392421714,0.3917548813321672,293.2385926978445,23.011560567821114
SUB00656,5,59.71971100820332,721.7827414423285,70.55355517795648,3.8929870623545737,1.9865764054169879,4.0,2.505665137778139,3.386860184278556,0.4248226784678981,0.4311996232268337,475.8570163464595,11.052625173440752
SUB00656,6,67.67227585982225,768.1199221858084,85.52225087572974,3.1301985312034364,1.8818484772623234,3.0,2.944878557739036,3.6090177694765386,0.5295165518389984,0.411178934663584,420.0062761693136,8.980179647752381
SUB00656,7,62.50016529771235,458.8100916370273,102.85220249962259,3.510102804676258,3.3058727510674757,5.0,3.4628381149100385,3.8816182636571104,0.4795574941748981,0.5246191106912563,419.8382632590549,24.019104794455398
SUB00656,8,64.55600833000382,674.8345318846143,109.90400306892514,2.816070641743485,3.267916878902354,3.0,2.526242441237489,3.101208454094115,0.4340161789934587,0.2870722715064126,514.7267639726585,23.766827007209187
SUB00656,9,52.40754701276747,581.2544972465113,73.72183978303939,1.2604069138967824,1.5982008543876995,3.0,2.962672550078758,3.5673720695140805,0.5280167206452223,0.5997785481268707,185.7822167205871,16.68853532702091
SUB00656,10,63.637104557118526,452.3838804371363,99.925861637016,1.5753893929522675,2.844288155351112,5.0,2.9741831687339957,3.82214364748131,0.40633271969138063,0.5729309514753529,161.66389041845366,18.392659191178268
SUB00656,11,69.69491292225308,723.5409128261679,84.27698492732245,3.070689656247918,3.2990034570672013,3.0,2.9935335126695897,3.422185283888968,0.624806541993209,0.5153816795424194,250.7360359787065,26.10968170434635
SUB00656,12,45.794204108083484,708.150078553424,88.64815369128434,3.3355032843968098,2.950395599571886,4.0,2.5081741571759713,3.5073078681408467,0.18179308586685564,0.4224765401041187,172.86932804186796,18.442535072742928
SUB00657,1,10.090145694621135,107.66242953748974,34.42386666922245,0.40749977451857006,0.6535949790321849,2.0,0.7919330935449884,1.0,0.21737689451782027,0.40070057926203223,30.488628947364408,25.58772623381718
SUB00657,2,12.220792303626302,137.5662972772542,23.627454673085133,0.7532859621587298,0.6356381570063606,2.0,0.7789813444649476,1.0,0.23795297796349035,0.5659302125373802,59.16165885557518,24.136523123035566
SUB00657,3,6.144625680780184,141.6235478393066,19.097521267920584,1.7364919392920086,0.33595166351746353,2.0,0.8629581463214725,1.0,0.27719271729801265,0.4158316908770632,16.05164865647849,23.94309407335151
SUB00657,4,5.655940114326054,139.57101511110685,15.131339907020765,1.6242093866590421,0.7668560529183394,2.0,0.6284740878968154,1.0,0.29440744969175026,0.5797175406988334,39.976995449773995,16.087386213385543
SUB00657,5,8.345016230819198,80.06706484015582,30.0273530328322,0.46615490051358416,0.32146501839383423,2.0,0.5270615248070649,1.0,0.4653692137440504,0.46456354625801927,19.648681915020404,23.9888243230564
SUB00657,6,7.993436937625866,153.00351200039773,36.923801513992444,0.6311174829342466,0.3386307103091387,1.0,0.8672171130866104,1.0,0.5099937684111422,0.4115766212463189,37.58161325761719,16.350653291247184
SUB00657,7,10.697848819193425,127.43931323196713,42.63724684343215,0.7276423137335449,0.19155054069283306,2.0,0.7312732421426907,1.0,0.4655409337230314,0.33018374387388405,45.76890840489333,12.995566835000961
SUB00657,8,9.482334882813891,121.55523269406623,21.72233903237333,0.9376835135065988,0.38809430746299844,1.0,0.5847287995905093,1.0,0.4236247033710463,0.3663443903925499,21.08268158209857,19.87076067282003
SUB00657,9,5.113972979121162,139.68123083787737,43.99438015418931,1.5660216777008495,0.8921351057858081,1.0,0.9882939551822658,1.0,0.365565170241585,0.3684614319634271,19.785669119956648,18.790225408743105
SUB00657,10,5.765555668817537,123.57780920079392,40.37084194401637,0.4146134167904544,0.8484153987847567,1.0,0.864724554471032,1.0,0.2604714796697715,0.4053778350372257,15.419817320967127,8.567237817396967
SUB00657,11,3.55245063623323,126.3745404906407,38.23590207601791,1.1346757965586516,0.863122635003851,2.0,0.7581712027584109,1.0,0.23421963158920828,0.32064460638691056,14.068988303409593,15.148744835623678
SUB00657,12,1.922706090033023,114.96017974731224,22.37857635264198,0.7275603279794305,0.9452847241420035,1.0,0.6532866196987966,1.0,0.3020957718962601,0.5577450236144902,6.213046646335271,23.173846014308825
SUB00658,1,132.3876860730652,405.08381772260884,45.518583324552154,6.238826005156219,2.877263600668941,2.0,1.7679109773674635,4.779698430385184,0.31362857271327127,0.4971212635027774,342.04666822013246,8.912970018647979
SUB00658,2,123.12873020078793,479.9487108412677,35.864498408191935,6.613532869607237,3.4204471756894437,2.0,1.9187929416576446,4.889326889810398,0.3866543510148449,0.48740699294872963,892.101545693856,23.276389395705213
SUB00658,3,124.45241034661328,350.67604571458605,34.41080270324852,5.673894993803798,2.3637129069423546,1.0,1.0,4.79684888365503,0.5168979552819205,0.25154864377607256,372.97480630751727,27.245503636224772
SUB00658,4,127.30752545865593,449.61464830602404,46.357226442219925,6.829815263770841,2.828071560273324,1.0,1.0,4.5185323056495355,0.6317654936635042,0.43126439134745054,270.9880877816172,23.667354516308286
SUB00658,5,129.2342977379903,572.4609968373305,42.27177948639146,4.835511875875492,3.2888391531391505,2.0,1.580774622943373,4.441889959576413,0.48110486383245,0.3492896132340084,574.8033964162712,14.20961042979987
SUB00658,6,133.04482476199834,467.64353516299593,41.037876551223555,3.8912005834398298,3.178873017908023,2.0,1.7029189832624207,4.626182180724401,0.2838369405134744,0.4584466662224501,904.9302015822144,26.94060206576808
SUB00658,7,111.3853627387507,503.1924790434453,31.521155331951224,5.531749074062931,3.857883506384292,1.0,1.0,4.748316018030968,0.6456678305181066,0.5103777634701834,393.5594824393908,9.089596322066043
SUB00658,8,109.0469414357465,474.88446348982353,52.624264184239195,3.2787033762825546,3.342539806402145,1.0,1.0,4.423667098053656,0.34451701419011493,0.533501359800274,667.3339460229315,16.880308322226895
SUB00658,9,131.75335147348682,424.5905258415645,43.39138558853978,6.609138792178162,2.9315980911685102,2.0,1.823017555027186,4.092430607497257,0.6486251610906384,0.482655310029111,540.1841261382609,20.959717863112633
SUB00658,10,133.5952849879519,340.93794623613894,43.494551912698654,4.839805568095893,2.1494943621347717,1.0,1.0,4.213511916809541,0.40233155612785976,0.5362769381648347,527.9153813019477,12.636215537864034
SUB00658,11,136.51990798422412,306.843959129874,43.44444120420634,4.676974748158866,3.4194285978202714,1.0,1.0,4.261607341785501,0.3820484682721539,0.25791375517608117,465.3299941948825,21.568013846453404
SUB00658,12,111.53825391588009,372.8606672484306,38.52017692901251,2.997520757709348,3.2281297993870313,2.0,1.3925617332697386,4.566062099536156,0.3830542662234532,0.5090043246029183,235.51816582753153,17.501412202720775
SUB00659,1,0.7150681651913612,60.73016987879488,9.227194013715748,0.15376253024507397,0.18921318965362305,1.0,1.0,1.0,0.4531099971868132,0.475055455821359,1.5061180155930987,26.564537369924782
SUB00659,2,1.9951987043321395,23.925936758153235,23.923583743197504,0.3992314382468831,0.372456703197512,1.0,1.0,1.0,0.2649696962592617,0.31648315726664,4.07758554408982,25.36156213451948
SUB00659,3,3.7938970313484544,68.24316115584278,22.741050954333176,0.41266119740259444,0.06166769486364404,1.0,1.0,1.0,0.24730043678098923,0.5088452606383296,11.089285525732153,14.460174653066543
SUB00659,4,2.7126521126941077,68.48781606697872,13.13439844161749,0.8399810952234636,0.47398327617666924,1.0,1.0,1.0,0.2662571044052956,0.5941720396891257,18.26811808591579,11.088831778197934
SUB00659,5,5.387782124416063,6.588180643670084,11.214100809385148,0.6509637473245369,0.20189442570917465,1.0,1.0,1.0,0.3125203033705455,0.4172038493601484,24.323617761074306,13.840701208779407
SUB00659,6,5.103818897485741,15.43429516436689,15.789721647211106,0.7191430514573471,0.1553348480706533,1.0,1.0,1.0,0.4243497586232432,0.515568196809352,20.23610390526335,16.669521264424553
SUB00659,7,5.266625133681001,95.23279179190506,24.664575084625245,0.8981697542221461,0.2901186187528424,1.0,1.0,1.0,0.4690907343344882,0.48442805836335423,32.938552138480944,19.414489438400977
SUB00659,8,6.408622257907602,102.8159451589668,10.900958019794537,0.44580120330876577,0.01292966749032548,1.0,1.0,1.0,0.47928710897067817,0.43820325621828243,34.46203849350861,8.526779031052037
SUB00659,9,9.217785210185156,38.09715501199531,9.18281378407995,0.7871178653145913,0.4129313148132948,1.0,1.0,1.0,0.23301295034051236,0.4554802055024591,46.845344580004294,19.200320683401465
SUB00659,10,10.015660359018728,57.722022710774866,14.883494762573628,0.9746567749478878,0.10729091477341712,1.0,1.0,1.0,0.3091478017942,0.2707824404147679,60.89058953329652,25.87951758030678
SUB00659,11,10.211481480959593,56.417703919415835,24.953405446416788,0.9325169799271897,0.047030105040082926,1.0,1.0,1.0,0.3629134636246648,0.4802003588197757,30.462861241611378,16.659119584491457
SUB00659,12,9.991882940872895,90.6838297772007,7.8177554767703334,1.6861568578787063,0.2540484488089556,1.0,1.0,1.0,0.1778789137110599,0.30567917237453474,49.2436385625509,8.060318206556275
SUB00660,1,122.34471825163811,149.98380697416982,15.836532031379953,0.0,1.298026720956648,2.0,1.87332334214637,3.5090270456693746,0.6265828329970369,0.27501478818076974,414.790996051738,20.049068687593834
SUB00660,2,98.39569966563494,132.8294204796409,29.79354152335206,1.5891181244828478,0.6666765880514431,2.0,1.3383377431045855,3.8056809517190104,0.5397276830356019,0.5300407521580999,748.9347128422086,19.841093339686672
SUB00660,3,124.04038701124567,242.8941307440616,29.875504563232788,1.0718321005371882,1.4276793314902496,1.0,1.0,3.228925392305025,0.4672506500155559,0.3842696745661519,955.0769382842416,17.50899785557958
SUB00660,4,120.16431342454612,222.8390137632994,44.88935787843139,0.26198667739991466,1.462393688277066,2.0,1.0224199188248382,3.1337127218682737,0.5246169806130293,0.452198718366011,538.9157396156818,27.591587332911228
SUB00660,5,126.55144817890059,247.81788779071678,17.662474239665123,0.13968405967614683,0.8452724523580748,1.0,1.0,3.210268911538656,0.5308790767135673,0.3340368285821398,890.6229785457792,19.198583938198624
SUB00660,6,101.08508646203565,254.8978267084125,33.2987961550495,0.04150043491946642,0.08277744091756012,2.0,1.549889847994161,3.3458163373937646,0.5728127594704003,0.4710543869715255,370.63560587420267,17.659099233027952
SUB00660,7,104.32012039295658,273.3884197836298,32.766754033034495,0.5003790833366248,0.46590973920856926,2.0,1.4308187606460614,3.046803068772715,0.5774573884078038,0.26169743516014066,596.3752066241841,16.000279941087385
SUB00660,8,123.6434730315974,172.53965561385854,36.281062689685655,0.5503374770366728,0.4782952668775495,2.0,1.2006596860350036,3.5867079644821684,0.40004945339302667,0.29998443390274726,919.6031173804661,14.168820659667006
SUB00660,9,102.42356502279097,255.49552178981475,19.693545623090976,1.049916494879938,0.4622481586596149,2.0,1.2487909053811612,3.638100492825397,0.26167616043909564,0.34817701282672,228.87205175119374,17.540151612976878
SUB00660,10,128.52887624472365,161.71653690679221,31.97222078978438,0.08456296506155414,0.06511823412752787,1.0,1.0,3.84081259353982,0.4922040805571979,0.3545709733873482,582.34444445085,22.025109684378364
SUB00660,11,125.90995744237013,298.48981105905017,39.69293497097273,0.20991603672627013,0.4798424972435515,1.0,1.0,3.6840085078282816,0.2835760399965267,0.4292930385684216,353.4453527236971,20.29628742831101
SUB00660,12,103.95510420063728,279.639156366305,32.46042421473203,0.41088106503264377,0.7679816746900052,1.0,1.0,3.2662603550741705,0.565479436983443,0.4062689895174448,546.6645565719887,25.587427778800624
SUB00661,1,35.06669505334336,363.5239883031494,42.25309264043008,14.70905007475992,7.476300231897859,1.0,1.0,2.700199178998404,0.4000285611499599,0.2633565243510414,96.74113584586641,16.49806203520084
SUB00661,2,29.755142293939567,255.49888053560593,44.535835433152215,11.026295590845782,8.3899034085266,2.0,1.2814918944640414,2.0381857044498286,0.2648518730798403,0.4348506160999573,207.63743771662536,25.600473660045125
SUB00661,3,47.929397922433324,242.58059033100594,53.09151563311768,12.839991677682454,7.134132926544245,2.0,1.9543704311413115,2.549054347390806,0.3899927742737489,0.5211898985521181,175.3604019991531,9.772973301343468
SUB00661,4,31.78262644384978,311.57227504433206,32.371646224603026,11.27618971477414,8.531464655557334,1.0,1.0,2.8153557337005797,0.3526626554694796,0.40445931278638214,180.62909332009696,21.451018881759445
SUB00661,5,34.14979270909841,206.10982592683962,48.513902498251525,13.464589619222746,7.147687541690578,1.0,1.0,2.580418417775607,0.15520033674473693,0.4937758315967109,167.07302015274266,9.35034034976532
SUB00661,6,31.60371388471805,220.83805576683483,63.79995785447276,15.399246519068624,8.290539275633387,2.0,1.4358057909111765,2.8997249961451743,0.16380400277813623,0.4525140184054486,191.69435573783505,24.399006491347933
SUB00661,7,39.397050840442745,282.54057087182855,51.20714066348853,11.950269157923351,6.727702216456732,2.0,1.885987455820787,2.253659241725045,0.2728121273780551,0.4706352669174059,115.18427548988613,21.48735882724499
SUB00661,8,38.101197583219154,314.66552984928387,39.52711706463412,13.110264783281082,8.794244759996236,2.0,1.1239189496541795,2.4733247177317828,0.23597645597360645,0.34535592636171103,215.10425956752016,8.495504888740449
SUB00661,9,43.47327173566732,355.81140483067077,55.17217863124492,16.884834706235683,8.098034980825538,2.0,1.736744008227642,2.4713961518309655,0.43139281233306825,0.2877438936006572,228.6472674126259,19.32672032933595
SUB00661,10,35.5193334591738,251.4818948297082,41.12126131868953,17.237948129370537,6.329464394840919,2.0,1.1974453283629058,2.112451320132112,0.46765025491199996,0.5173907360969585,171.10792023433254,22.142122491612074
SUB00661,11,35.45002435565135,229.6184685870588,63.319157197909966,11.620531679055748,6.453866382776797,1.0,1.0,2.1581979626542362,0.3228856799363199,0.2890572589623836,122.41062181761883,19.09930933906452
SUB00661,12,45.79833166278311,190.45979312667222,30.43134275861423,13.600870458788087,5.182200708721279,2.0,1.3230393782635264,2.191802786035879,0.1775720364209057,0.5320991224149844,135.69548936737124,26.300623900632957
SUB00662,1,5.2275170350883,1257.7728107245457,77.7556160526726,0.04939202717625035,0.6428768585966536,1.0,1.0,1.4355790916696272,0.40330720732177094,0.4582263393116365,31.696233768545586,12.230994854510099
SUB00662,2,7.649080972452334,1241.8511988254656,51.04325397863194,0.5992820353194693,1.4402242555799782,1.0,1.0,1.5450310976767736,0.49803976848104115,0.5700128074475401,35.342527936894356,13.255878014812795
SUB00662,3,3.6360128805491523,1220.5784087234329,41.58691222798689,1.6242551295410657,1.3299685434359194,1.0,1.0,1.0499298351618123,0.5175303881214417,0.3953966415462725,26.474934712394433,11.267139087939455
SUB00662,4,5.20055363065568,1602.0615883510034,58.080478182675265,3.215843294344447,0.5928689475901401,1.0,1.0,1.7364178358817588,0.5095816860406169,0.481424864591665,17.552184739659506,9.723128125986953
SUB00662,5,0.08313399048289272,1641.9734123631029,43.4815852080719,3.1567966339548743,0.8713099727411692,1.0,1.0,1.0078025510598074,0.3260546982545987,0.26648517798126714,1.0,17.51189826227235
SUB00662,6,0.0,1433.2915363880197,63.16783826814357,2.7265433177890115,1.4133312172421877,1.0,1.0,1.9968739648018046,0.2880134142664913,0.495104383334831,1.0,11.91038345886482
SUB00662,7,0.0,1687.658411877016,40.98119449457637,2.4613438001862282,0.5065680173771501,1.0,1.0,1.7927343962379596,0.16578963058579313,0.3928960654032597,1.0,17.863365284600956
SUB00662,8,0.0,1701.7329201898342,72.71982373735315,1.6427413105887254,0.18272976243349875,1.0,1.0,1.3100689666330436,0.2072128617550411,0.45060974656725394,1.0,10.122295006893626
SUB00662,9,0.0,1679.5161339035187,78.66740846636925,1.4847846868432149,1.1956835963124957,1.0,1.0,1.0667911036571343,0.4529042743222248,0.34120050245414785,1.0,8.919970460768667
SUB00662,10,0.0,1522.7075393263085,61.026058373986515,3.0874507377434424,0.2775121975455272,1.0,1.0,1.3553447550765532,0.1731784960190274,0.4601053525977056,1.0,27.723392005316043
SUB00662,11,0.0,1647.0755469947553,74.40615910193395,3.7668295015517543,0.6282616496059114,1.0,1.0,1.5685722266589002,0.17186956748212548,0.4640152980666926,1.0,14.265170120457187
SUB00662,12,0.0,1508.4736908541886,72.97233181862632,2.649124665106833,1.27215673848515,1.0,1.0,1.1997408352636632,0.45081277989250224,0.3688503062819608,1.0,11.133816240491512
SUB00663,1,68.87435064605852,601.2693630192516,108.15526254383079,3.027396852615839,2.5746453764751465,5.0,2.528541998535355,3.9236330454138773,0.5785212774924747,0.28146889111809414,165.53904875012245,9.713116375586683
SUB00663,2,76.24499862212875,447.00628712885367,100.41800660058571,2.816231500260814,3.392280877257018,5.0,3.3442524640016074,3.568280978731694,0.3890126164882447,0.47064703262200686,483.2803307136503,25.743643752048968
SUB00663,3,64.93545498130895,682.4412208755616,101.35814705429684,3.6630417352455256,1.5413178212262182,5.0,3.300849587476208,3.439079515791641,0.6060952409201581,0.5280506661737585,370.5418955494413,24.66241224716727
SUB00663,4,70.60690623590611,588.2186957153463,67.54281513471709,3.6767632355952,2.2001613696578675,5.0,3.176864430518624,3.9357320366733797,0.3669299008788699,0.3199480683493757,334.1747217253766,16.102005722670498
SUB00663,5,73.91604668788509,656.8671922277669,118.94567637780767,3.198592087896071,2.9575491987184135,4.0,2.972612268556865,3.617940988125718,0.3896132494636555,0.27732844845090127,571.1842468398711,25.47008136458647
SUB00663,6,72.99951822015908,577.3912639029671,81.10897018027894,2.1264788256577165,3.0486929970543843,4.0,3.2547532334772136,3.6709844189800016,0.36805530652493657,0.3224863160350186,374.07383027937215,14.031035602642616
SUB00663,7,68.8202449874868,509.36613047650474,70.81846423658676,1.6859544852513069,3.0354061770597562,3.0,2.5467608683520604,3.5767917346356413,0.6268154237311259,0.3494260247152803,318.77543860944564,12.434238558287058
SUB00663,8,78.82894613677306,615.6679137354016,106.49972600187893,4.220212305041279,3.3217312573147018,3.0,2.580429531425896,3.07194155491865,0.6006284348391251,0.33422782794490535,378.86247058507325,17.394475085221828
SUB00663,9,58.02309998895085,543.0558879738666,61.66100338149724,3.9979546610509815,2.5653320331015506,3.0,2.674941594888372,3.125946478761759,0.4240692699133818,0.39721641628713256,451.8550026169152,18.179004704031264
SUB00663,10,74.82933835983128,703.070744862639,82.9928047604634,3.4786179744535866,1.915157123829385,5.0,2.971470219566016,3.184943569977296,0.644795578123514,0.36732248737412443,363.01626124534937,11.56259293417142
SUB00663,11,82.40378134611575,486.4793330333713,84.44487737484059,4.523906498954459,2.0420931059669876,3.0,3.0,3.8470407516912286,0.3766339509044515,0.5305990462184322,267.2699722436742,19.064396118219264
SUB00663,12,57.65350336982745,539.7753740895678,93.23082225567049,2.2995832704591717,2.8820568202831667,3.0,3.0,3.305694183659127,0.276643449986125,0.29671044384385004,444.90391066127415,20.707875909726273
SUB00664,1,4.4872995596966945,98.7507872821906,24.29388476985723,0.5178523314027579,0.6017475534728013,1.0,0.9954948017252252,1.0,0.5406872223164306,0.3384483089287058,13.598098501411252,17.59221014754808
SUB00664,2,6.394717923487871,106.18687265196547,42.98145356365973,1.8841617579281718,0.6913270884122084,2.0,0.6023311126938375,1.0,0.23754588334025803,0.5083095547196601,46.87612946867698,15.549993495111195
SUB00664,3,6.277632930157299,115.5145687758929,26.360082599371598,0.5188006977255817,0.701434054669631,1.0,0.8654654382237051,1.0,0.4920027375444883,0.33365800051675387,14.675670763395534,26.71452008435967
SUB00664,4,12.157313893936857,120.1764660077421,33.6838256912662,0.35739829761543457,0.8265328132865071,1.0,0.9975853120234881,1.0,0.27360373281490585,0.3977706300666046,37.904968084821704,19.15131023761653
SUB00664,5,9.427967852290005,165.14381294093783,25.289167105551908,1.710326134454275,0.4706980112689433,2.0,0.9238319274450304,1.0,0.4371945415111267,0.2774643236191411,67.62434796755025,21.321835195196456
SUB00664,6,9.681831476899848,152.096082065814,16.482759305154296,0.0,0.42057547945145835,2.0,0.989466452012477,1.0,0.5344576029053985,0.390987518408466,69.30648089040305,27.270416900125
SUB00664,7,12.82557053761683,108.31372785696611,41.47260340506761,0.0,0.8005576230033885,1.0,0.6747213609850075,1.0,0.5482891671266884,0.5251560400979738,54.77318796158769,22.189845668998252
SUB00664,8,9.501164342024559,133.43330807413034,16.158723731840173,0.0,0.759622735979353,2.0,0.7049519329015561,1.0,0.43805829235104043,0.4150034342158797,25.16094188311978,26.470143740918235
SUB00664,9,15.374401097661318,85.94143422454317,42.6510403958237,0.0,0.7447249460510234,2.0,0.5172140698887677,1.0,0.17494706923785897,0.3725362313233854,86.33911043340972,9.408361273931265
SUB00664,10,18.08066951197661,161.50128630393178,22.652628469093585,0.1620020381188091,0.7074396880054589,2.0,0.5378399735967814,1.0,0.1570481186437846,0.5146157395121396,45.1296287503889,22.852707615429914
SUB00664,11,16.210763917565647,111.67951979125942,41.84971118758601,0.9730455523468737,0.0038593235590368424,2.0,0.7219664037881753,1.0,0.15250606199944156,0.49169824234185017,110.17975025332109,22.840610446950354
SUB00664,12,13.684336112657498,144.3015532155232,36.86405869701703,0.6924375264849993,0.2186380615370107,1.0,0.8876635799385997,1.0,0.1689942782544603,0.3069700410800939,40.05061050375029,15.266668722493199
SUB00665,1,126.70793564847664,433.79561144949537,43.401084921042525,3.3690592062091396,3.1298488707061995,1.0,1.0,4.736475469194149,0.612860389809705,0.5081373382070846,816.0544713317869,18.108664105160916
SUB00665,2,136.4603157796762,366.8079467919153,40.042391868478916,4.168012884735698,2.9998335296447136,2.0,1.2242220362037624,4.70893981181146,0.4642669301314897,0.4541816268547786,773.1581144276324,11.893793599298085
SUB00665,3,126.12347449631373,351.4175740125745,42.43492523668587,2.9258409391772138,3.545414780004159,2.0,1.649137237392881,4.6631960639104575,0.44170512619202085,0.3561295506788671,275.89660218027353,25.887050536417195
SUB00665,4,113.28565257975194,399.71185893680104,48.55151529604575,3.8059127135145623,2.915629343003599,1.0,1.0,4.356688452717455,0.533933754909047,0.49095250538117363,541.6586864486462,24.603641996414705
SUB00665,5,138.67476084517995,344.8415102147296,37.944826990715704,4.268538202046738,2.2663549544346733,2.0,1.8588586476014641,4.098469942543735,0.2777016304254343,0.3991547650334021,354.9832644689976,11.148674591204122
SUB00665,6,113.11571659698411,421.2401356137898,44.561088530025906,5.888131002622936,2.397500674964075,2.0,1.553877921521673,4.5800380496885,0.5521897115226271,0.4437311771631741,599.0120591619125,9.343338111900396
SUB00665,7,123.1742016403507,381.1834317450456,47.12804239565443,2.493280336660858,3.806480980314558,1.0,1.0,4.88524661825332,0.6097866795777498,0.5167490946687533,529.2404130268675,13.32526192301366
SUB00665,8,126.1749994157653,284.8764547743734,39.17231580438789,3.7943892401508776,3.8277626700998333,1.0,1.0,4.83766193125247,0.30130548036142046,0.5320718087714247,521.4075404748043,11.175608045364871
SUB00665,9,130.90914977529823,360.33964029821874,33.00774674012046,5.067198602385334,3.5016448364406196,2.0,1.034614028902895,4.576082890006366,0.5204579081516237,0.5762306170065536,1011.4898656688955,13.161831614065612
SUB00665,10,126.63306631066114,335.14686770589924,34.9002444585405,4.347147128190636,2.3725076113855024,1.0,1.0,4.713827531661538,0.4310287229862346,0.25567244549187945,958.4923431234465,8.958143211970171
SUB00665,11,121.0684363456772,531.1967807673736,33.184660586178914,4.408244082754247,3.038842778035892,2.0,1.6160457589035553,4.485291434170349,0.6047831774988507,0.4529646337908606,743.9433974127767,22.09596665129635
SUB00665,12,126.09514977192754,465.51331703753493,44.14201079383274,3.226234768502265,3.689004211163554,2.0,1.345432385571978,4.585285466921979,0.3704354740392295,0.5730743037141666,642.9643108914679,16.18550718302388
SUB00666,1,1.6362490051683518,15.388713514299727,23.98850398857966,0.17364990329094004,0.13811904506326655,1.0,1.0,1.0,0.4653496423535548,0.3282442877824886,9.177455350505067,17.107299293549588
SUB00666,2,1.271187597260881,49.870282274022145,21.044084230500296,0.34251614089354065,0.3694757220204242,1.0,1.0,1.0,0.2108201947545547,0.518992226135582,8.518138625128563,16.595013486349224
SUB00666,3,2.5192883700927715,82.7649573664254,9.301439057971198,0.0,0.4833473066867465,1.0,1.0,1.0,0.5103673983622886,0.5644550844536109,11.302139343101242,22.555213170322574
SUB00666,4,2.076880552623662,54.96894901454554,18.45595298208998,0.0,0.23319033256958055,1.0,1.0,1.0,0.16626326945407355,0.5201320824420265,11.762685563196689,10.619782634093033
SUB00666,5,0.8895324993718752,89.3537245348181,14.977218707576203,0.0,0.48338005338387713,1.0,1.0,1.0,0.47354931001524114,0.41259960544832885,6.835100003818976,10.793820463069736
SUB00666,6,1.5586903984976943,101.08144265858029,10.513852667298645,0.10575541314914089,0.22418818097290777,1.0,1.0,1.0,0.329625352560381,0.45950108967360836,11.442497498120014,9.628490268639496
SUB00666,7,4.2915496114891125,47.27629770047005,7.702660071601752,0.0,0.3171981555811084,1.0,1.0,1.0,0.46299384248704833,0.2860426882726399,21.454033559928565,22.18440326521859
SUB00666,8,2.0443353768701913,35.197711694617446,8.827377527504854,0.08878866822586273,0.42233149944816045,1.0,1.0,1.0,0.4821901742680679,0.4312952702185152,14.484046318649158,18.6674524031383
SUB00666,9,1.3619210429736681,49.2691437154635,5.367052501156014,0.0,0.34601066084563137,1.0,1.0,1.0,0.30357636387977216,0.5462840299784658,3.0236043387717424,23.348843817733275
SUB00666,10,3.863066461466657,23.98509233079285,18.109561595302292,0.0,0.012631231467631399,1.0,1.0,1.0,0.16423479515479103,0.5372399032994536,26.70762287362738,14.27516768201729
SUB00666,11,4.94023492153534,24.02943989394385,14.178940420734845,0.0,0.16736509776917724,1.0,1.0,1.0,0.3316525522488568,0.45780111509550026,35.55920148891688,13.947343663735891
SUB00666,12,5.41093198605295,41.133792953146646,18.69665474603989,0.0,0.09713588472630208,1.0,1.0,1.0,0.2675145851628174,0.28207961770315604,22.14783718833711,24.304027684345083
SUB00667,1,110.89890991530814,297.42952219286315,44.40658370024806,0.11464323694548234,1.3612542109880734,1.0,1.0,3.931426092284051,0.2539668850484797,0.35212540636248507,385.6799195352994,8.037789536624969
SUB00667,2,123.79647684199784,237.35682121911077,42.42552449382852,1.8314654208003414,1.497919923328554,2.0,1.8417015445031875,3.880015075659227,0.40575821937363865,0.32320591356913475,417.9976365028673,17.450530711089215
SUB00667,3,115.54118559782363,210.63060717331078,20.098949275584232,0.8975662236076806,0.212979530305606,2.0,1.734146600010983,3.0113161189337565,0.3161777372625343,0.33868201688734184,670.5051627573247,27.658915112181624
SUB00667,4,109.1383459329215,177.11599070935762,27.264843464853442,1.2644025278420226,0.9836727743057054,2.0,1.4717780116559327,3.9998744470497223,0.5645004663259398,0.3948918785826258,446.7329452202162,24.475167898353902
SUB00667,5,105.44453664620573,236.47904763109162,24.11816442351171,0.5375466088939201,1.4370559462630366,2.0,1.715398019092014,3.6876520070917143,0.408790248657698,0.45859868552104666,322.5728166265039,9.83431535190336
SUB00667,6,117.51567643894353,201.60213242441947,23.120722253078505,0.38033152373975126,0.5305570150876282,1.0,1.0,3.6213938247071082,0.29909785923788534,0.29477817196341577,559.7416055560216,19.385822848034294
SUB00667,7,107.1538400276454,249.16261126821095,22.58961008929688,0.0,1.0150237603644454,2.0,1.5633543849164218,3.5555232697827845,0.5603443986478693,0.4539471377234613,608.0315364700527,22.12694880012694
SUB00667,8,117.31643479213109,204.33149953260732,17.803031029639968,0.0,0.7381322932336734,1.0,1.0,3.1356660449535054,0.30905879702666983,0.28089869606881873,312.62899297167667,24.09479818537791
SUB00667,9,113.51465493614276,189.185093707265,33.79811556347948,0.0,1.051351190516666,1.0,1.0,3.954448028950475,0.5545998749984428,0.3503592812444666,754.9582148659669,12.942081589198546
SUB00667,10,119.73111796806546,210.89681914674978,33.945776021071,0.0,0.2921050990931327,2.0,1.1336479068070524,3.752803330896552,0.6087965376544144,0.3553544771979496,842.8148267166196,13.463326721616568
SUB00667,11,104.80198712069011,250.22756309888388,17.02176496754671,1.449951804197719,0.7529336525487711,1.0,1.0,3.7532186068577715,0.6224167517734621,0.5683359218792416,664.1101529657711,16.436452771100974
SUB00667,12,104.59337955331806,269.6894283744814,33.00082908036396,0.0,0.01292180052422992,1.0,1.0,3.4726218647581257,0.5279224306710036,0.45093057611187914,707.6754208916506,27.394739955159103
SUB00668,1,36.02221485346162,220.8080519787399,36.80759588347205,14.224142646292849,6.131998525353421,2.0,1.054257825899803,2.324507351277973,0.35636634520587496,0.529172629220277,98.05134799061517,15.957564735033593
SUB00668,2,46.82482816464417,226.25249453486427,54.9693191727353,14.21887669909677,6.512693651190306,2.0,1.4338086014355211,2.361993354857173,0.3357920953947743,0.5476092165777959,223.72910115464904,21.84438838732649
SUB00668,3,44.160222668867924,318.96233004620836,30.557312411002368,14.67044010974645,8.621280062093192,2.0,1.710148883199718,2.272143521203602,0.5406413818101123,0.42949558143464683,213.6783566149286,17.005768085365823
SUB00668,4,33.13983242087894,290.3022366924767,30.92886087916599,14.14049399883683,6.678242035788614,1.0,1.0,2.9184988887104444,0.4845459659389256,0.4051865618205403,252.23844966123136,18.399657099022505
SUB00668,5,46.382541600900446,377.5598314970768,39.23311191370449,13.396524179427612,7.0792656964987275,2.0,1.4516385266729275,2.0880389855821218,0.4736409643788737,0.5926721435398574,117.28189653078012,17.518141314276015
SUB00668,6,33.029038686624475,306.1857581086516,43.74947286085533,15.328749147970566,6.019418588570774,1.0,1.0,2.2506428324620473,0.2406599699893302,0.5608991255248728,123.01663941999782,21.005478835186075
SUB00668,7,29.42685496929912,354.8029116009525,38.526693106599915,15.647175824383138,7.942207051276684,2.0,1.2765937134694778,2.71519149119546,0.16215185890154252,0.4171471289644564,83.7670092081785,22.920179838039534
SUB00668,8,44.96354131127983,302.95289960098455,56.17919924573804,14.708247559054852,5.698594928416933,1.0,1.0,2.5720918036669738,0.5287780560585924,0.4172178957752803,358.1200837919337,15.160181781814385
SUB00668,9,38.41692037179456,272.0929769216836,34.11562172173316,12.955193312869802,6.415910469967702,1.0,1.0,2.263454704544793,0.23188962415280834,0.3007271659076678,172.34082194239338,20.46426834621844
SUB00668,10,37.773016837173934,223.9696128891238,61.83344718896751,14.129652190283544,5.847404101868044,2.0,1.359271451156875,2.5780369902909044,0.5024668123049612,0.3178224972860997,294.49699074435114,25.43762392339445
SUB00668,11,25.02946444205063,384.1348924794258,48.46863660117769,14.250330173405782,7.956423351020701,1.0,1.0,2.2788268234757325,0.30339403840682455,0.5817057600227519,196.21719414729267,18.992452617598573
SUB00668,12,33.57060099146005,332.0068372958429,59.47274018033855,11.929607525232479,8.92668354482841,2.0,1.8087735169234362,2.584766054681826,0.19491197741569252,0.42972867788252067,264.8452431493294,18.183304304400252
SUB00669,1,9.49174417311138,1345.9476876121591,70.42882607929708,2.007452094844105,1.1300581012833542,1.0,1.0,1.861003336787815,0.29006691931798795,0.3172633673592416,35.240576613131935,8.171019401044784
SUB00669,2,2.340193986734896,1584.3200589761946,51.50012870053871,2.1071809707460343,0.44960854824173707,1.0,1.0,1.037881867841611,0.5232485916430012,0.5740456250018879,11.86490586102805,18.057800939100623
SUB00669,3,1.7112488179066099,1661.805708523154,70.58507155081917,1.5225767270323727,0.5712112281206883,1.0,1.0,1.8295479052523766,0.29295769649348274,0.4165702563275632,11.344966859491048,26.24054159342363
SUB00669,4,1.2536241147547735,1619.7938343603723,41.073364833544794,2.447549731393413,1.1099597205553229,1.0,1.0,1.7698139580170462,0.3267151550020715,0.2778793156823861,5.414409326473774,22.886076300307252
SUB00669,5,3.486814292075131,1716.1864333658148,42.90286110695299,2.1434997452220603,0.6544202132578957,1.0,1.0,1.084011184684213,0.3883081759678495,0.39033441490923027,22.157033094664985,23.72374659818293
SUB00669,6,7.009368873747643,1548.6118771391666,54.56864146787246,2.4183684829573577,0.6997415422640172,1.0,1.0,1.0071516918815484,0.4417588372993968,0.31633252456003,28.432258116556433,13.90229646376631
SUB00669,7,4.187811667869309,1364.2550611807017,67.73828619531575,1.6936311287593782,0.8802885146141946,1.0,1.0,1.1280290093574146,0.37809862707515385,0.2649563967365128,11.272209937863423,11.638331699027324
SUB00669,8,4.242809801223217,1549.8091229549318,74.31096268762414,2.7174672713739456,0.9711280473244536,1.0,1.0,1.3933556198934096,0.34022955201705474,0.5764652479209997,19.442500569358216,12.460456416693146
SUB00669,9,6.970946675843159,1293.0861279211845,77.28312112856187,3.3027300713891137,0.5145052060233021,1.0,1.0,1.322240141759543,0.15148886593585045,0.5002785278859132,49.22902429645812,19.51147381662568
SUB00669,10,6.371006406674407,1212.7913512868618,52.67986936424134,4.414272244611136,1.0723044098092946,1.0,1.0,1.6741708833719846,0.3003687870833399,0.4181588539236473,37.239702785465006,15.893580600144851
SUB00669,11,7.962700418485107,1485.8511654709268,72.17371085901968,3.1847516441395745,0.47348358783817157,1.0,1.0,1.8055292465311412,0.5418690366430743,0.41574882562736315,40.056960061954015,17.60818411037
SUB00669,12,7.389630151883517,1223.0338238726515,71.82490122961889,4.259182476310827,0.7459514959444614,1.0,1.0,1.207467375356237,0.22753111739040874,0.28451239910280446,27.01333642311433,22.281804740626196
SUB00670,1,62.73475410938812,677.1548783664796,101.12008154948398,2.443059204690485,2.857422682826561,3.0,3.0,3.705289163400516,0.5030891327661237,0.4941502978057716,229.82643905561176,21.85722342177708
SUB00670,2,75.67719565832975,602.5804425593227,99.54010134412341,3.9114844389760925,1.7276040799659003,5.0,2.657524945830229,3.293895692299196,0.49612821663303,0.4628061002066942,230.12212241192103,14.522535442496558
SUB00670,3,72.93843808381315,791.0313194092881,81.65604370531906,3.767167776689573,2.6311968697391936,5.0,2.5023103654482632,3.2468480869658154,0.2685769354633768,0.5652914541397767,327.88432459957875,27.68189639479984
SUB00670,4,63.707818868037805,691.1740203413634,97.02948267358018,4.726761599929351,2.8723430841934077,4.0,3.3495103120080745,3.512334614478927,0.6145301402719239,0.253175813758593,463.2495189204103,11.435857597150644
SUB00670,5,65.56812851227224,712.1004493494015,85.6063741832649,2.581456680694129,2.6954254999189495,3.0,2.881782477038156,3.478843845134432,0.6344029986104592,0.3902927532095586,143.5254017201142,11.006408928637565
SUB00670,6,54.74052133775265,547.8871869245961,95.82474761180222,1.8440307208056685,3.463123483790596,3.0,2.77550487742014,3.6323959673637334,0.6457326018373792,0.2886751347365095,413.1947795015529,21.36635347970324
SUB00670,7,57.202480050924876,723.1259935892615,68.53305197711514,2.504854075351814,2.413404835029123,5.0,2.6312193010453337,3.294512329673002,0.4020311743114219,0.3114082897515513,453.94156362921797,19.524166597451092
SUB00670,8,57.506823845242025,552.766924113932,112.84627069158877,2.1495904771632754,2.929766695293215,5.0,2.7087514971651467,3.0950148676435125,0.5078861606072534,0.5105497783992732,143.33357964516165,21.68355355261797
SUB00670,9,72.68656014757107,675.5987758268659,101.21732181633243,3.613363494741992,2.3106097259242953,3.0,2.773562301171118,3.7286376907464898,0.30754635316706147,0.5785792641570549,293.6517368985859,13.143908609981194
SUB00670,10,76.36395097896595,764.1757410066256,104.47125764402674,2.5215201182418374,2.9060467609175147,4.0,2.8827483407905303,3.516796943230849,0.5312264986704371,0.5992865554835932,567.0531098165372,26.60146939932934
SUB00670,11,73.95309914495645,624.3969331511004,114.04007288576804,3.156454579481117,3.172178680072264,5.0,3.4637395762945227,3.665478204953975,0.48265531202085155,0.5995808417958166,293.42688072928655,12.405177872342726
SUB00670,12,62.74582497020134,734.9408550107756,101.8727056373333,1.9685878458097694,3.48864903769626,4.0,3.2433223972396013,3.376483704551759,0.47613742971756823,0.39635697772360245,299.293216818212,27.843332552332495
SUB00671,1,6.653820707084131,91.96204392780069,31.2227250952607,1.703160053563641,0.15405255853688282,1.0,0.7523707406462721,1.0,0.42748757154579187,0.4251173673931531,23.48189070454276,8.428041909996779
SUB00671,2,10.252094246369008,106.43924435488539,40.42608616280798,0.7308672008148807,0.6806520849582492,1.0,0.5995235647251191,1.0,0.2399956138004593,0.2801582003931819,31.816263799304185,24.902040630882055
SUB00671,3,11.104416304946742,96.788900967254,43.19893859280492,0.46572266468668366,0.18343670196459472,2.0,0.9373499384746775,1.0,0.17139906917580522,0.4349202921300115,36.15571768958989,20.92739736817045
SUB00671,4,12.153858352343402,110.58481653113462,34.357472902076495,0.402450058402432,0.9444406271906107,1.0,0.6552478940791311,1.0,0.49867289798726266,0.30607700051687203,57.77573319561563,21.105299251023588
SUB00671,5,13.550397284494819,73.40053411722819,26.079093443412827,0.7930534785022818,0.6325687829855549,2.0,0.5867324142738528,1.0,0.2167172986371277,0.2841268404511324,56.438459501255885,21.23631892809351
SUB00671,6,13.105144171036173,91.84515467521072,30.0149081424225,0.9769412323098705,0.1283134248406098,1.0,0.9455107380451626,1.0,0.15580524744265672,0.4179994825513992,78.25950691716866,19.373512371343597
SUB00671,7,10.136181305003582,118.50367694017253,43.73133051929897,0.2809575183662345,0.08100040864711144,2.0,0.7444312338571829,1.0,0.28640232727647125,0.28487649188170294,52.34630350220799,18.607940543896287
SUB00671,8,8.911484548196466,72.02489185313962,23.512726064316013,0.8935003611554717,0.21417169787638213,2.0,0.7007760370553269,1.0,0.45575854904138113,0.56703637296286,23.433530637357105,11.609000722892237
SUB00671,9,16.638140657973057,94.25043079205827,36.76603837468785,0.0,0.8388223322988313,2.0,0.8980541993128053,1.0,0.45271424629549406,0.49030968439880396,115.21214907619135,17.350681895029187
SUB00671,10,13.415080143115839,164.22036760370776,35.293940369029485,0.0,0.9122169060315156,2.0,0.8378049342084406,1.0,0.2852219399648911,0.29738910856704537,52.38532196295127,11.392156323079234
SUB00671,11,9.208572111567436,140.93139195969368,42.99182895133329,0.2882186388635448,0.6691511671098538,1.0,0.849468252423454,1.0,0.4484436364016491,0.3256766388538566,63.62255678014612,9.149838593057895
SUB00671,12,11.523307953703622,126.22098581739768,24.45356738408923,0.0,0.22264149191169436,1.0,0.982332858579116,1.0,0.20841244816806764,0.3814813245354021,23.961307374811817,14.768431912293956
SUB00672,1,124.96201467801455,447.12033812632757,52.95217545049583,2.86062793654893,2.488036284810481,1.0,1.0,4.624409068220865,0.5881574566894556,0.3034098068333125,976.1900346332569,23.271525064633952
SUB00672,2,128.10305467387664,458.5525508326431,31.977978929241196,4.602094899827113,2.545958986916606,1.0,1.0,4.773871976059953,0.5410135221469344,0.4005721919210332,455.1341303252999,12.39879159744434
SUB00672,3,133.02513246972495,513.9252555687659,34.92854328216925,5.317205912212267,2.3861796224791103,2.0,1.0433302201940249,4.3735243182715395,0.2979493946886092,0.3484473224999416,827.3085608369676,14.691106446159456
SUB00672,4,114.03062723909683,395.821934609349,35.71580407507338,3.7125114869382947,3.5508385284578297,2.0,1.8319615265986824,4.788988547633489,0.3850112953306477,0.3777903570587991,485.85930516780064,9.715959098605593
SUB00672,5,135.9118962912517,532.1986563055782,53.609451289785454,4.303583619731237,3.006113567207343,1.0,1.0,4.856519128437567,0.48747292771132644,0.5311965544264747,855.4016787091562,20.461357114892053
SUB00672,6,112.30640102039834,530.6854986730372,43.40249960457875,4.191107853437145,2.0699268114870897,2.0,1.6549345399335422,4.833928555884571,0.6476824430844491,0.477035400951402,485.40440806911124,18.7376341045799
SUB00672,7,127.89081900279524,468.9402431812464,40.98260252341547,6.34888963429789,3.448892854667718,2.0,1.13920050916794,4.415685262360521,0.6375348782944454,0.25930975844744936,700.2015097153541,13.783901445167267
SUB00672,8,137.2939411736329,502.72034368829134,46.03456581725645,5.367144599385803,3.1900837880469544,2.0,1.6852402557666673,4.269555702984506,0.3070928952041846,0.33192450807821533,525.5442554642585,9.36074472556021
SUB00672,9,124.21601159220523,485.06260811570064,38.25404170135591,5.088601393923925,2.4834602467059925,2.0,1.7641741450780086,4.68806676668391,0.6289753204908447,0.3800534936672556,365.2868350778768,21.86307999167952
SUB00672,10,122.4302456043541,419.79095886986187,41.6252165410409,4.0364536040255965,3.6478841872913916,2.0,1.6928318028628015,4.203217754543383,0.4780243803104889,0.3544460750819496,709.1086561453661,27.04331546968578
SUB00672,11,133.3677048597187,450.8976315137519,35.09432738475492,6.398628719436455,2.1088135098394725,2.0,1.8669065483204474,4.468227075965252,0.5568768752975058,0.34270910710968344,791.2419193724672,26.052409342817615
SUB00672,12,134.85844467328192,302.81119776205213,34.7345785478591,5.7550194455369015,3.5854320054917097,2.0,1.6391189484150606,4.203828591018807,0.5473304122981713,0.5927615931341139,983.3973426613454,17.591494327610626
SUB00673,1,0.21848003959748563,18.389802250671536,17.329328458573332,0.3190949310908693,0.028375623648545567,1.0,1.0,1.0,0.4363896698904448,0.4973319181134884,1.0,24.84632187005111
SUB00673,2,0.6530658810690384,33.635988311428534,9.474902598830168,0.07643929312334194,0.14506951991295564,1.0,1.0,1.0,0.24885023315136606,0.28907132927128626,2.3469133662594426,18.982773714702326
SUB00673,3,1.6044751016611711,71.01315121433008,12.563880511208232,0.17060151974208052,0.282892534469476,1.0,1.0,1.0,0.5371535237092357,0.5615710771058727,5.329018147746189,10.683453826878255
SUB00673,4,0.0,28.485514584704365,15.838609548954075,0.0,0.28849840527848214,1.0,1.0,1.0,0.22088356109722684,0.2818310640806625,1.0,8.474054717910393
SUB00673,5,0.32380806204037604,52.9755513985291,17.474400194960594,0.0,0.1149458990421986,1.0,1.0,1.0,0.5371168240601759,0.5771464531121029,2.4073598152724487,25.97676234915364
SUB00673,6,0.0,95.59466024075786,10.620952414962678,0.0,0.051853804813624005,1.0,1.0,1.0,0.4211710466333892,0.27896601357102085,1.0,10.22150135436278
SUB00673,7,0.22058782877208727,63.74278703961086,13.680910717230873,0.0,0.28265743478810534,1.0,1.0,1.0,0.20218029355165773,0.4081942447354635,1.0830598748604738,25.500656120100864
SUB00673,8,0.09914605201162363,52.07727859370344,6.058484567473021,0.0,0.427371176203411,1.0,1.0,1.0,0.2884409794610513,0.42900994899029743,1.0,16.276974228518196
SUB00673,9,0.5278728138545377,27.42060635243056,16.434947673417582,0.0,0.4351185726584388,1.0,1.0,1.0,0.3824437713712626,0.4571118027839591,2.681629126868105,21.303036919463686
SUB00673,10,0.0,44.94297405204323,9.30360393539993,0.0,0.0631297657817072,1.0,1.0,1.0,0.41476425562179986,0.3858389505038377,1.0,24.771191974054645
SUB00673,11,0.752390186795592,40.46534151828382,17.531325960225615,0.0,0.38608594560375636,1.0,1.0,1.0,0.5135371517212765,0.39718481789083093,4.729833405791462,15.378734927876618
SUB00673,12,0.0,58.42206683148021,15.781352885557302,0.0,0.053771798268747006,1.0,1.0,1.0,0.4070680737245014,0.4490188858573708,1.0,22.36157448725197
SUB00674,1,114.26099936332673,208.5078078031616,29.76685311502603,0.5416867849307145,0.6576176186013212,2.0,1.9610611893476384,3.7268304485491406,0.28191433751494677,0.5867220850852075,535.9687004283595,24.77632187021356
SUB00674,2,105.42352809937142,225.9947377095796,16.2815501094095,1.2915951199462106,0.35418969749775814,2.0,1.8550280649373372,3.326597256523446,0.4560407379237731,0.5590244092321581,556.0582448583885,18.4623800349183
SUB00674,3,106.04409761944633,323.3756557537838,25.96725212614864,0.5617878801256004,0.20243305019639718,1.0,1.0,3.746663174806528,0.43829912063597887,0.573049690045883,457.351924452896,12.779921598782872
SUB00674,4,118.02153250320931,234.8864207044692,32.197298352396395,1.704101199146009,0.22100577100250218,2.0,1.4821908972444464,3.5869269532533057,0.3449548304426856,0.38495851478479615,532.5294852344488,11.79149193563362
SUB00674,5,108.94764839001968,313.8920196078676,31.756887989499916,1.600446563291748,0.32183888297443775,2.0,1.964921120856951,3.5697108814478464,0.5343633931137749,0.3703979340626268,571.4661626474161,10.003647143287402
SUB00674,6,106.78211573016326,275.2203072089665,23.715068301273277,2.223053140439669,0.9412045054378222,1.0,1.0,3.9489830188146082,0.26242166438616005,0.25179709136362516,735.1269281226954,11.508600300216536
SUB00674,7,108.77125416639942,136.66251245155635,24.185091048746813,0.894630914037653,0.3071684139281944,2.0,1.11029627185424,3.9257221947526695,0.4712193362531877,0.599302645359189,658.9577461652628,21.340188479785827
SUB00674,8,98.0892337454774,194.14762027114384,29.12251705726921,1.5679758777763964,0.749587397296243,2.0,1.3042532342441533,3.77021051645544,0.31123317913136384,0.5034003990585614,413.18840622872267,16.02456448454148
SUB00674,9,114.21283774363548,233.16657918176207,33.01605731614268,2.5882527833007023,0.9885505627399582,2.0,1.1666613659593947,3.608814865185333,0.4256584133199861,0.426211476791353,754.3097317482683,24.404701406443337
SUB00674,10,94.46695155882159,203.15147603199415,34.35147849988597,2.519710116975542,0.5651368927872367,1.0,1.0,3.635073291621972,0.4524170884826082,0.5165868091642072,514.9360679079055,19.631641462321763
SUB00674,11,113.07204170790469,276.8348174450835,19.733486304605954,1.251941171280721,1.3092339236703987,2.0,1.7877967941514985,3.883933978426822,0.6374682904954065,0.5258872023970793,598.0446129819746,23.298667722585815
SUB00674,12,103.67281937444176,291.75495587235514,20.77146113738644,2.4121314180395372,0.2502266165551012,2.0,1.4156967298994352,3.554344653240363,0.4040860893007008,0.46143183497329976,650.2887454248519,12.197537164089642
SUB00675,1,45.174110028899605,284.1177580775858,36.85835176478619,10.358938348038349,7.209415962093889,1.0,1.0,2.3860507807501468,0.29725588905404904,0.34069159818400396,342.5894752988013,21.1371126052088
SUB00675,2,46.084066562501846,334.6400770293956,63.47570674023235,15.320594063140284,7.045003008000254,2.0,1.7353903702518276,2.1943316867314264,0.27081682279076236,0.5460472791214661,347.4522039996774,21.680560955235403
SUB00675,3,38.967401805584004,356.3322317731698,58.423210881202024,11.262623134050488,5.90007739772034,1.0,1.0,2.9105541086832614,0.5143841928257243,0.5068386079584151,144.2959774856476,24.321044235306527
SUB00675,4,29.138876885330394,287.79367030994393,37.824086149614295,15.426148953506113,5.4850674532541825,1.0,1.0,2.477473562124832,0.18838521720299156,0.42268410359539577,96.23531576552065,27.967251480119245
SUB00675,5,40.41328422075679,360.5456224560795,50.700332620817164,10.424399033358057,8.928539851819792,2.0,1.32885707278399,2.7741227872729635,0.4004055519776709,0.2642866152631955,235.35952375880774,26.812355127085247
SUB00675,6,37.1554488742964,236.14427594187566,54.013492876116,12.443822328042982,7.154035839388653,1.0,1.0,2.2204649341199905,0.20904943328132952,0.33514559034865343,84.08252742193713,26.49807795727685
SUB00675,7,40.768695722914295,318.5159531006779,49.102640385506994,13.664035242677492,6.604719078470778,1.0,1.0,2.6119932787877684,0.36670517083174126,0.3285435055767164,199.17135807060538,12.723716943683101
SUB00675,8,41.63932324456241,371.08382245251426,53.21815749825184,11.723121615789987,7.681285198029807,1.0,1.0,2.9670340578232386,0.2103705111640796,0.30340345431475396,182.9074643424068,14.256336550487788
SUB00675,9,27.459994467086382,336.51626937909487,51.22827939301371,15.857468775241804,7.789622279217651,2.0,1.5750798207968633,2.5989373412512244,0.5228705694263335,0.5460374528214664,121.00174091419711,25.837445198836168
SUB00675,10,30.829552165361054,384.21013582075705,52.13698723827777,14.802479400906648,6.128884357794205,1.0,1.0,2.472727113090128,0.44858187861052423,0.364860302295705,178.8648102582439,25.26109134735931
SUB00675,11,37.34017256914844,287.46451354829816,37.416825778358195,11.267898169295588,6.77320716122695,2.0,1.537801901989328,2.435714316286733,0.47248130035947533,0.30600919054719544,199.90608925234724,9.379743397731064
SUB00675,12,38.91158682513276,216.94290609815485,37.42375230987715,15.870573626348131,6.406209796775277,2.0,1.1307599727970246,2.6536493194018678,0.33982605252175635,0.4034172482804781,112.04058988152754,23.441194249964983
SUB00676,1,9.421361408793521,1413.0397479110466,57.28173503438266,0.41173852319506243,0.961541418552462,1.0,1.0,1.6882722018027772,0.15547972487831366,0.5936176562187407,30.494360213799705,11.051735449200878
SUB00676,2,2.0657395386174517,1790.9146406791108,75.56008900056734,0.9751243264048881,0.9622752278912613,1.0,1.0,1.8618590260358796,0.3072759064568618,0.2594058023159738,10.634737221201881,14.056904345038527
SUB00676,3,5.618545472128161,1484.6330698439892,43.403021946418974,2.293290478424447,0.9467502520559767,1.0,1.0,1.8127194776483189,0.5208595358358566,0.5644015888656153,30.815926429221356,13.989220658913865
SUB00676,4,3.2111679935460278,1689.746155721948,79.77617866806038,2.775267345347414,0.8345349266078302,1.0,1.0,1.2204452780043482,0.41855721523723133,0.3898123827800724,25.155319675381403,11.802414802978497
SUB00676,5,5.427761475731721,1535.2365098825283,63.151517710859935,1.4955459691170516,0.17170687653136257,1.0,1.0,1.6897507041881334,0.3993094082208922,0.3724898118042158,21.05271888908319,11.219341916372237
SUB00676,6,1.2600178678972096,1284.1412597665962,53.909532412089526,1.6552744165291844,0.8521845089150728,1.0,1.0,1.263076399000472,0.2403754448561656,0.40731792106671294,3.9705785790413928,11.539182785974162
SUB00676,7,0.2810621357054601,1191.650717174164,58.51479019594487,0.11870533416564252,1.0779124555374755,1.0,1.0,1.0013980468180983,0.4496709784243561,0.48728846762448963,2.2113559322623293,16.97771319434755
SUB00676,8,6.791462952730195,1293.5568095348217,68.76840573856747,0.06032881787903144,1.476419318360332,1.0,1.0,1.623264561034068,0.48929961214143225,0.3935877857659563,46.538467334092076,21.586634284851662
SUB00676,9,3.151459190099926,1619.4594029603015,40.92634938994163,1.1078284855432827,1.2252295751961721,1.0,1.0,1.6843257100967435,0.5370173281112413,0.5998823547093799,18.259492954827053,8.70925244175145
SUB00676,10,3.666760967535387,1666.111644365747,49.71962099046641,0.3844085372454359,0.2819704898014876,1.0,1.0,1.4963098401643684,0.3698978574817995,0.5102095241489686,17.371593210129348,17.565509584002996
SUB00676,11,9.196948997345993,1468.0736445345794,70.66588919677781,0.011312316327304062,1.1368989432475318,1.0,1.0,1.8663778970877074,0.4403156327571749,0.4577534115208429,70.96718468962187,19.87914546062994
SUB00676,12,10.256911467059727,1444.8758282473495,56.44450667966109,1.5503200017116576,0.7335021894692527,1.0,1.0,1.636908811132917,0.2947771934530119,0.5686005060645467,27.66445567287281,22.593207649612033
SUB00677,1,54.74604758739636,624.9360522499153,63.636308145440545,3.677871813952006,2.6875184605842946,5.0,2.944364334192233,3.025544089175682,0.5632898506834598,0.29102553698224415,268.60817483845256,20.71455318845689
SUB00677,2,65.94403606078481,714.1172340997638,94.44303738039345,3.001501532710835,2.013615528063066,3.0,3.0,3.5815058148013623,0.3294621101660565,0.2667837936686469,224.43094724508907,21.487498283580535
SUB00677,3,76.3036916297855,783.4041118677394,97.6103756466859,2.312304491682437,2.646596208587674,4.0,3.1917390369703234,3.1339167780794077,0.5537652818553294,0.40315113027111404,181.92653960558798,14.517683027029529
SUB00677,4,81.24028069111897,747.2646854184876,89.26971059643725,3.4746921761171876,1.6223279812654658,4.0,2.5554261831886214,3.329917783197916,0.3358729064420689,0.44005396534265645,505.64446173212957,18.451718398035464
SUB00677,5,73.895800112359,745.0910051703476,60.24437822499537,4.398895873496134,2.3169792828574414,4.0,2.7441700636296615,3.7369509565145558,0.4721971927411647,0.27962672451492177,528.7687001105986,14.20464894377534
SUB00677,6,57.96769802130295,618.3265220413623,74.43742820791547,3.706080470956359,3.4644983080966645,4.0,2.7768744508541996,3.019871865331,0.35936526324619167,0.5816073899199435,245.0262291499435,17.192841825970426
SUB00677,7,77.29147478052114,756.8656626904963,86.63756311561045,2.4489124511022293,3.0471954021896215,3.0,2.7388881694774647,3.045239875215158,0.5058837528916681,0.43457680084707256,172.95870206094799,12.293707619443996
SUB00677,8,67.9497635187545,685.8467764863917,104.49675901274944,3.8089360226822206,2.666311148472163,5.0,3.174320185669418,3.619319985518087,0.6203889032409439,0.3171574377319801,311.4594399523064,10.060058245823814
SUB00677,9,60.689357703407104,528.8359051771299,86.45250029218168,2.89946159687723,3.125416765974435,5.0,3.2832779489469828,3.3755907898389426,0.27005452469764124,0.324388651405579,172.15632527806528,8.826511488503312
SUB00677,10,61.69920594941793,635.0426609024739,77.78919185085904,2.1366532198286263,3.439811857442204,5.0,2.948788022127536,3.2341454443839677,0.4121048022491447,0.2848715041722921,341.13798169640665,12.970192901925072
SUB00677,11,55.93805979228915,603.3605614059616,75.31212751442119,3.192340988944278,2.5866516625750853,5.0,3.462846702470357,3.422202366861908,0.2697491411194972,0.45772814009360285,353.3666716633424,11.699793492699847
SUB00677,12,58.41030636005558,629.1571392837641,110.75840899696539,2.1674008882871387,1.9358703598962888,5.0,3.163935009748878,3.0438527817307466,0.3157659359621703,0.2997989257415149,222.89245380726052,11.483746113372995
SUB00678,1,6.736848295195848,80.63242857459826,29.81973883155497,0.3405813988860694,0.10290287021033806,2.0,0.9055046712929786,1.0,0.28164649570702066,0.47604822865624946,25.1463002781625,22.468713861355702
SUB00678,2,4.251900984261104,148.23459243317126,17.288780670483195,0.0,0.3658807342169663,1.0,0.7302346282889389,1.0,0.41346786483114206,0.42602233390729005,24.650966666093602,25.151506934191804
SUB00678,3,7.791933525678436,91.133345491433,28.186357979161066,0.6613547861245872,0.5023379466792847,2.0,0.8460543953898256,1.0,0.30908524635019174,0.5816409798882654,39.01590185980132,10.351517200654085
SUB00678,4,6.130558999514093,106.53547947135866,39.86485802455733,1.1978342299897338,0.6627116753158748,2.0,0.5505669907133792,1.0,0.34476380388850414,0.36795972942726063,41.717979854523925,20.001562104681412
SUB00678,5,6.012070550742774,119.1159199465429,17.430143632740112,1.6712673613793783,0.7976995813428663,1.0,0.5406249768987486,1.0,0.332943524811527,0.3902685150829014,32.85814095905188,15.782323943926482
SUB00678,6,7.1322464326858785,98.75520520119426,37.838033330392136,0.6014527270552453,0.4626871660627029,2.0,0.6730041321741628,1.0,0.2835073426198732,0.3862430366551076,29.64319323904104,13.662350265564701
SUB00678,7,11.473812236981864,164.11529974797224,24.274764782311436,2.2655541572984825,0.6482584416206358,2.0,0.8125508057017021,1.0,0.5161082433675276,0.31752441780861707,54.78101581736182,8.05317440996231
SUB00678,8,4.212011769503901,170.99343445942847,21.963236459183317,1.712115076391877,0.15373024173226357,1.0,0.7350488691031714,1.0,0.3051640111050188,0.35932734832161206,26.755845745835007,26.89593875720661
SUB00678,9,9.442837164834739,126.47886721998862,44.641459185095584,1.8070388043834162,0.9706038672069112,2.0,0.7984888586444191,1.0,0.4390896860738762,0.507144331575399,48.74166348686219,8.279430570502452
SUB00678,10,4.259359932656741,119.0443225422862,18.494999219677272,1.7735367923245646,0.12366263666655963,2.0,0.6072119357990678,1.0,0.40357588703565184,0.5658718652380832,24.72511268541467,26.281180154964453
SUB00678,11,14.758588492761515,98.45131341726173,35.69458666608463,2.477770412258616,0.6436188818378534,2.0,0.6454456756898866,1.0,0.23396654994100524,0.4011299644043872,33.70613740007826,22.74684213546751
SUB00678,12,14.531271522802626,100.12716441285586,37.63005640538881,1.9486632043078629,0.31721507482164557,2.0,0.5068899026382109,1.0,0.5275993959102855,0.5443286678161185,103.45796572336663,27.34830470808134
SUB00679,1,126.11320027100855,423.21107249828106,52.74078948587281,4.9717550864259366,3.6343959579465643,1.0,1.0,4.330229048769234,0.615538240282559,0.4924332147510708,384.7713208532752,9.571643913069503
SUB00679,2,114.30203847803669,325.12445076025887,35.0511325725558,3.1031151916404016,2.473429241743768,2.0,1.5439794683934287,4.413760045771704,0.38883194391826814,0.379962113654864,308.6640622068487,19.887304813570005
SUB00679,3,116.15558756365208,473.30737899445614,54.28095116310212,5.951518112785094,2.03475182372168,1.0,1.0,4.519264497063079,0.44268363352857776,0.45980700108479733,360.43132730265353,12.905417969277615
SUB00679,4,137.96035028355033,306.96191477180685,53.416328473172356,2.987532673811463,2.8371919337706566,1.0,1.0,4.323389886850286,0.557971416979569,0.5417079768642363,835.1954708971151,11.913008854321651
SUB00679,5,120.04835343873535,312.28113179162506,41.686005398560496,4.353472508543048,2.7506421484398054,2.0,1.4756652365477279,4.365083285038702,0.2581522406692366,0.5860273576537394,347.9356231634222,11.03785718212989
SUB00679,6,135.1906628438073,363.87028164424703,36.72627811812166,3.9033041495603227,3.005216125063793,2.0,1.284245183050682,4.2772203653356495,0.39243332485637905,0.4891790835541467,1030.6060399253154,26.425844879936722
SUB00679,7,123.8911155603787,422.65695802632484,47.46693831874717,4.3726729447941395,3.3579524125434346,1.0,1.0,4.711015211701991,0.5830175541468615,0.39632006766963923,827.431264037372,26.175373171753396
SUB00679,8,108.69915013820037,316.23740292960554,32.15670211437558,5.555945883831198,2.2472073716616876,2.0,1.3537224308367861,4.420986391514979,0.40723732876061736,0.39116380782670823,452.3682876366016,26.76866487646201
SUB00679,9,125.92654924946396,504.98562652446276,38.932506549461905,4.0501270641207965,3.07502717408492,2.0,1.614928895403434,4.93233687728547,0.5055096138998718,0.3373428153866136,362.1606836195693,16.856473242989395
SUB00679,10,111.15635347502253,548.188766173186,53.043705138405386,4.997366372291191,3.2146924165220034,2.0,1.0958831907332296,4.238656809665379,0.3940428386501664,0.5385607451721824,351.8178414302607,26.290217422089473
SUB00679,11,106.93941398409875,524.8899674866743,49.75785293031461,6.024618090133333,3.815642455517887,1.0,1.0,4.9619027664983095,0.385038888724077,0.5435930323262654,312.6214099255566,15.878545973343304
SUB00679,12,128.25022250027305,402.9536112781107,41.09497871236424,2.7005204278755306,2.604429075351295,2.0,1.9003336444100625,4.941686731021934,0.4659480207981592,0.5019645784108954,503.25285580390596,17.57268043684384
SUB00680,1,1.6288519725947403,8.439293695807603,17.055111328808053,0.02397740502294579,0.07706579440269012,1.0,1.0,1.0,0.48349294211173766,0.3071527835907305,7.990621505016158,14.037895437002373
SUB00680,2,1.9993128899634691,43.54809228798187,7.176173658661352,0.0,0.0006119012469243401,1.0,1.0,1.0,0.20649256137157296,0.37975096022048094,10.092351623604426,25.030026266516025
SUB00680,3,1.517394892331466,77.10233044952786,8.654791970958023,0.2370285870666511,0.3373898790933629,1.0,1.0,1.0,0.21891265363762047,0.5094634579350621,6.708627291204321,27.17335443919941
SUB00680,4,2.3883150375793525,45.303709298161166,14.532030946735986,0.0,0.13840461504589652,1.0,1.0,1.0,0.28539493353910683,0.5264390084439454,18.918220592926968,18.458962222982805
SUB00680,5,2.319815932765656,50.33003801924735,20.32758341262699,0.0,0.13693164222134474,1.0,1.0,1.0,0.20081791728532455,0.5665522148270892,18.271349687384003,13.520095936934922
SUB00680,6,3.3075979952612578,25.006300623803025,21.41222372991017,0.0,0.46717370488477317,1.0,1.0,1.0,0.3162535147707154,0.3993027274656654,8.723973948446304,11.828356533897143
SUB00680,7,4.7940832505320765,0.0,23.383745783765963,0.0,0.24030178546834802,1.0,1.0,1.0,0.5155086355168051,0.4912398692473061,24.375498930493244,12.323693151851927
SUB00680,8,2.245459652184789,40.410795785693196,24.252972075010735,0.0,0.28539381572877703,1.0,1.0,1.0,0.16437692864315914,0.4922337262307689,13.692120992673638,10.338927039365672
SUB00680,9,3.5855534153451902,30.064873950158237,7.766185487750263,0.0,0.2710641888408707,1.0,1.0,1.0,0.38209437143826075,0.5723072090471361,24.91672650552189,14.41575209883841
SUB00680,10,2.678388048097931,32.51750094513598,22.061746281168737,0.0,0.0208030460510375,1.0,1.0,1.0,0.45079495266063674,0.3859535058200976,17.746075307710964,12.83906530936945
SUB00680,11,5.631192187979462,0.0,17.860625286724257,0.0,0.25051998217855437,1.0,1.0,1.0,0.5065434663908737,0.290901804727858,42.42810236686026,11.921166506134714
SUB00680,12,2.9878805655550584,72.41647546624623,24.25767557848713,0.0,0.26791494464432647,1.0,1.0,1.0,0.3401025548745985,0.3560997663174722,13.866244164577024,9.902656407919558
SUB00681,1,97.49821861878691,231.2452643155297,40.519595211236464,0.7966113949525286,0.04464701714626157,2.0,1.3497149957255945,3.113749344768496,0.2599832248907778,0.4127744715669034,392.62507403527496,8.436837133626867
SUB00681,2,120.16091539809061,166.37894079317675,19.685405508722045,0.26560580762579933,0.8626442023472705,1.0,1.0,3.597987785407027,0.3388217920285952,0.5206007255867369,857.5370898909305,13.041653313907972
SUB00681,3,106.35773807328297,247.1326528400942,34.6850307204318,0.5414482657130678,0.6014114945038516,2.0,1.5055572376528232,3.485375764970253,0.4865490785434612,0.5862058548325607,240.06754772285205,24.253553229231166
SUB00681,4,109.85174771130175,283.54963022785967,23.473157556360412,0.6021178051234741,1.4284885266527658,1.0,1.0,3.925638562793543,0.6158893336420846,0.44986678625249,713.2841962038209,16.690494317705042
SUB00681,5,99.83076065002949,295.537043432677,29.59291089449522,2.5777665975559705,0.39902895553890894,2.0,1.6072071757328192,3.7966770253548656,0.6227401229243008,0.4361629266215281,358.11710663258975,25.56801592742776
SUB00681,6,124.23571753430916,334.4244094157774,33.83285703740917,0.9294223402737518,0.24799256291985644,1.0,1.0,3.638493015102223,0.327984804712087,0.49247198257835734,689.8148351364564,8.224277469920505
SUB00681,7,106.69969176906997,229.55677893134364,24.857314721422274,0.39920308268377624,0.28679852276329676,2.0,1.9869001868455802,3.536400310268378,0.35867986897524007,0.5077836949738289,235.10466277393584,21.281501829329038
SUB00681,8,112.34370395128659,231.89099011248527,43.634739330331065,1.9719152399713809,0.5278311566142627,1.0,1.0,3.962059879348523,0.46515907699045345,0.5464905801107405,230.21762095004078,15.284106955166454
SUB00681,9,108.94078956403851,190.50645590983297,22.144800706489555,0.21110746050395757,0.17848268407624812,1.0,1.0,3.359971553727052,0.4945004300213057,0.44446105835726823,733.2530464845552,24.50318319827308
SUB00681,10,113.87243023072392,182.91904466009157,22.307581173532782,2.4739944692635647,0.878739845669239,1.0,1.0,3.40698859366677,0.4501524739456787,0.5645990551445483,498.2897065345939,11.290424253344383
SUB00681,11,107.87053763269442,270.69616309766604,30.934481169707794,1.7691109286504347,0.1701167820116351,1.0,1.0,3.7217432937399355,0.44654460400316576,0.2684841439199851,286.46573774528207,26.892918922730452
SUB00681,12,113.87100372780776,141.58115291945776,36.89096949121251,1.8012948382213645,0.18548160340988645,1.0,1.0,3.2168490149972,0.5025286004774238,0.489867987719637,484.2966418924596,26.745930906219655
SUB00682,1,33.72791269607227,315.6092025436545,46.16155030422861,15.536969585294877,8.734034532904793,1.0,1.0,2.699645575991604,0.5091722066934974,0.47462596214461394,123.28715036392134,14.449529742073835
SUB00682,2,32.14221946235338,302.31645711976864,56.334680985122716,15.699175688413192,5.464743447840913,1.0,1.0,2.594282184304613,0.3180628396372924,0.5040735888343815,123.78404182660167,15.427457209702276
SUB00682,3,47.18318444783587,180.3030649988611,57.853088909841674,15.507139254551138,8.235443407229571,2.0,1.4203212582986937,2.4645653373911762,0.23206023519050872,0.2571284952599073,154.5405506572134,21.37938228220897
SUB00682,4,36.4590611145941,373.7477991028905,48.95136155342277,10.765727567533862,6.239890149630738,1.0,1.0,2.4717490431338818,0.3003701170421781,0.5338387482661666,277.6178700782177,27.72244094817723
SUB00682,5,39.878790123430406,209.68959743347997,47.64985408874173,15.750007049100821,6.390186904687682,1.0,1.0,2.276549199520897,0.15603917066758774,0.25757400072122716,174.39435838217037,12.74823440731204
SUB00682,6,39.38671187309938,298.9427780326524,60.6215246975938,15.840100069315437,5.246595386798017,2.0,1.3105956806716408,2.0015429834421647,0.3135558595995025,0.3679985454845726,148.0362346434317,23.476705697454022
SUB00682,7,37.04970971079693,184.56918906131844,50.86731612980975,15.775390600000131,8.858338609209707,1.0,1.0,2.004844688159631,0.16825113122555915,0.45025412791084396,283.14604400353596,8.89804021606052
SUB00682,8,40.964139983109675,277.77501859482317,35.33304696175486,15.561948736162032,5.658423624608391,2.0,1.3976297851627515,2.271092542915732,0.536562940582138,0.2988302835231872,126.10628411156783,25.37519371458522
SUB00682,9,28.891930053869988,310.2917703879127,53.84909999066465,16.04197287665721,7.224176794809518,1.0,1.0,2.3756235249971915,0.21439431792440555,0.4830579504793594,184.78136036370293,17.77890413344398
SUB00682,10,35.54310121353199,269.1810929027678,54.540950398474294,13.961106691184414,8.96598385683114,1.0,1.0,2.1673909777869844,0.31990431046462076,0.40020676666203164,96.15852095871594,23.450201550301806
SUB00682,11,29.8100727270848,260.28499555106845,35.46748011771891,11.821395447474494,6.6891658854428595,2.0,1.0611625858699074,2.1302156839856075,0.25055999869363493,0.40616588886730853,103.58429702001872,13.802045934871956
SUB00682,12,40.08922397404615,294.49388480649327,30.451398492732668,15.224097134422784,8.500596566867914,2.0,1.7793788975827325,2.28888117795489,0.3357360113442154,0.5159751457877789,164.21716520413457,14.578258886318164
SUB00683,1,9.868746000252305,1293.1454679121978,61.212400673044506,2.6007872816512823,0.14313766439515563,1.0,1.0,1.2730225311928103,0.2782132422820501,0.4777331698260123,54.522856399397945,14.705764831461389
SUB00683,2,5.254585922900104,1488.5089036233392,59.346997758882324,0.9264414153382244,1.0296178296619232,1.0,1.0,1.9182916229082823,0.5211505044171104,0.3987917299410946,39.289593632365744,22.05353114954196
SUB00683,3,3.8755199384837344,1189.522459772534,72.53303995583222,1.4570133246294996,0.8298900558158611,1.0,1.0,1.7313680389037582,0.2501454942003246,0.5467389834686475,14.778408212409714,13.597646085639083
SUB00683,4,2.831670772621491,1325.4531230001555,40.554673411728835,0.44236648625293956,1.1202982725914203,1.0,1.0,1.0583417978243184,0.15890657765779753,0.41327167567330425,14.484474369549792,11.346716919096998
SUB00683,5,0.0,1221.9912192606694,46.33812571995155,0.9142469707077219,0.979231943720817,1.0,1.0,1.892841759102538,0.4548643740708376,0.27602577826538965,1.0,12.18110617206074
SUB00683,6,3.0032884783043357,1380.3908389688484,61.771381082276825,1.7252917030057795,0.28889761702182304,1.0,1.0,1.302229887037949,0.42021703009694567,0.5955361633822436,13.160394144804798,17.24419821390483
SUB00683,7,0.0,1501.4263362593758,50.033443630955155,0.811845405697176,0.2650724227155679,1.0,1.0,1.1373299161351855,0.5451579799539689,0.2580000156462474,1.0,26.341635039242146
SUB00683,8,1.893080449046193,1733.7640732086297,60.395188278131386,1.9015097125636709,0.14276591825814255,1.0,1.0,1.5547815826393894,0.3871797579753171,0.41113598908721694,10.490439424492875,9.993632884527681
SUB00683,9,0.0,1220.5958881088552,67.96024852609423,3.6105961452068103,0.034048709610468186,1.0,1.0,1.7803094106029,0.5190215193452387,0.509941078873557,1.0,25.059526161853512
SUB00683,10,1.0517976350217006,1525.0590496692048,66.81597458452472,2.991506219495933,0.35609470953054423,1.0,1.0,1.7945249806546535,0.29005522229532704,0.5467358613371247,2.8974826602994472,23.390719058374085
SUB00683,11,0.0,1684.636010317977,65.9374229447707,2.880234996349134,0.7043208955117369,1.0,1.0,1.7094376333066559,0.2796654243546968,0.2946574100077639,1.0,15.926135324837533
SUB00683,12,0.0,1405.3432012380767,42.953238158289594,1.5507710029873067,0.4901977581706768,1.0,1.0,1.8203583731343531,0.43392855569105493,0.3016366816096695,1.0,14.521693578306689
SUB00684,1,63.209335641243435,694.0941524608428,117.52377340768867,2.177248033948977,3.241074616243,3.0,3.0,3.6081225309525617,0.34136039038770055,0.5830367260199998,260.4412972763571,14.805384340063023
SUB00684,2,72.55219902466102,737.1046330524155,74.92883711429563,1.7843158435686275,3.1872360556926096,3.0,3.0,3.1861263313317956,0.46423034026192667,0.5437287839283541,458.31869880559253,13.018669367046877
SUB00684,3,58.17526754780197,449.4657994623052,92.61766294166809,1.8218812026314994,1.735991098107949,4.0,3.159501715859656,3.027813851033741,0.34127783020638347,0.4926037436164572,276.1465089476969,8.084179600748618
SUB00684,4,61.60865592423639,451.5295242435915,60.417837236996924,3.174066231743078,2.0264818280020385,4.0,2.7070974360215603,3.923094932550672,0.5236196214306676,0.3490861541421152,322.6354053094101,16.983355441007554
SUB00684,5,54.118644251630066,685.2384247693171,86.87016434225995,2.152467781763373,1.529928830829754,3.0,2.7360076243644276,3.186817455177645,0.6192846345198105,0.5124752332401263,194.88512062916354,23.9355220836166
SUB00684,6,57.2601572869841,717.3870811094699,62.21476409301658,1.490462535065532,2.7439641884289134,5.0,3.2957545763133798,3.816658334272775,0.4801088877202815,0.308354558315041,307.82472456579137,11.934649867579186
SUB00684,7,73.20548834227922,610.32171688041,103.91886993157522,1.5795266804623174,1.9443120716352664,4.0,2.923780676030038,3.6856392081427423,0.5168805525398611,0.4600520964188387,414.54682979597374,8.048581316164347
SUB00684,8,83.6078347496461,624.1617884380529,67.79187732563378,2.564814496740642,1.6692538631843472,5.0,3.3641270458003243,3.7937900580142747,0.3028284999985418,0.5208851411712496,167.5060417428456,10.075743804928505
SUB00684,9,78.0234437835007,586.5109251728543,69.6482291710452,1.8660131331586667,3.4619058998387526,4.0,3.253154799606249,3.775916660097419,0.3196986974646525,0.39610685170747006,337.3238195147575,10.464800004030273
SUB00684,10,58.58635610770513,513.7040737198645,99.84895028365207,2.2220846026094216,3.2744489756740096,4.0,2.678190701790273,3.7906909246261833,0.5040757899046574,0.3152850830650407,375.9734244451769,11.475652708063224
SUB00684,11,67.31710861095051,494.0492135278728,81.82773603284535,3.7679824805964643,2.0276615903388917,5.0,2.898813388645787,3.0600533963790344,0.5194512065990559,0.3773059070988886,470.01465727123343,26.549381960648248
SUB00684,12,65.56174294382902,553.1754154201861,99.59910125513187,1.778332162562635,2.4786727620736126,5.0,3.2046620589262984,3.6470026533195585,0.48528788880036955,0.5913422555009271,134.14141689569962,12.124375053173816
SUB00685,1,3.535104762378981,113.31242384199322,16.935208018145467,1.7387552740606844,0.5241341549553924,1.0,0.6881556194458011,1.0,0.24614336023421904,0.5516174583684518,21.048255281660964,25.36499624043484
SUB00685,2,4.933468986205712,121.50913430856718,33.74204410291921,0.992877634926567,0.8485415563169888,1.0,0.7952791757641018,1.0,0.25618188880672205,0.28982961312353095,17.68117284857857,19.640622801371094
SUB00685,3,2.882570879321886,138.59548383743726,22.724311696801543,0.7487600589114228,0.7743948496067468,1.0,0.7165598775982642,1.0,0.534181328646616,0.30610131067351365,15.778300573092883,16.6570171987058
SUB00685,4,0.7538015269934135,161.28183167556372,19.071385989149856,0.0,0.17969643081642805,2.0,0.5759590587124899,1.0,0.18370365795231472,0.30423169183709176,4.7273931444487225,22.44625168060822
SUB00685,5,7.595386832155198,154.61870025504382,34.34302325277834,0.0,0.8537123647467769,1.0,0.9922240520136266,1.0,0.4032214515201118,0.29780046988609304,16.021903814623894,15.09398278428907
SUB00685,6,8.319929951294126,142.0753036244925,24.023920043281038,0.12773967278494824,0.8458218415202713,1.0,0.8701666667611798,1.0,0.2119292984977493,0.47066668236992887,25.198049341680534,18.583481400445226
SUB00685,7,1.6242542866567433,105.25927178148396,40.82884799861499,0.7343996741568272,0.42870817754344015,2.0,0.7715620888075132,1.0,0.2039654352440924,0.49821567724181626,9.544943371913458,27.884980269296943
SUB00685,8,5.00054765133036,158.55829296439998,41.54559444984537,0.0,0.6580442262152538,2.0,0.9899205700297946,1.0,0.17696248820249688,0.5268700142667485,39.08282799268328,22.06934951380461
SUB00685,9,0.0,144.79380343723133,39.21040455674589,0.0,0.9819600839990076,1.0,0.5698336904400791,1.0,0.20776277356046163,0.5327195356826805,1.0,11.706852197058213
SUB00685,10,0.0,88.68350549180028,36.97789345679619,0.0,0.4808270300145583,1.0,0.5831528928106718,1.0,0.34779248495633264,0.3179659544280951,1.0,21.04912785017979
SUB00685,11,0.0,86.91507967538325,15.148643304681888,0.07859429790817618,0.6074800039908849,2.0,0.5050450785132937,1.0,0.5083530522554062,0.28354837268711464,1.0,14.857592641742258
SUB00685,12,0.0,100.65095613030321,34.36714329741737,0.12442620963967066,0.837101587302164,1.0,0.9243362801771191,1.0,0.5105373514129871,0.5507718235103095,1.0,24.24539028392438
SUB00686,1,125.72658780072983,469.59055610976645,53.71645949618776,4.150982446742529,2.239732632272741,1.0,1.0,4.755157911324396,0.2959904429249959,0.37025405579961634,337.1578846558496,11.572607237075927
SUB00686,2,118.57090503510072,534.2986230011126,38.83231910244654,6.225073118050763,3.2383378842989305,1.0,1.0,4.784810518455126,0.5803734259133347,0.47352512373383143,344.27635044828224,23.152419154021892
SUB00686,3,137.6267963808198,445.62833829893583,30.4374903760681,4.975813555450418,2.936375154541375,2.0,1.7507590453956383,4.7645830729518694,0.6474917089402157,0.5375184623636864,893.1939656484075,9.326391096932142
SUB00686,4,138.30155053857376,534.3334610964263,34.78284540663732,3.7188662237375456,2.7516327839928154,2.0,1.3563266324498362,4.427708289413948,0.5367794200637351,0.5117992181878834,557.5220763329802,20.125595981587153
SUB00686,5,128.57327601626122,325.2366932334904,37.343982245294015,4.075413635605112,2.653964058888154,1.0,1.0,4.6583810658055365,0.5167395389618161,0.5107850966933554,733.3104693382625,12.724511431196937
SUB00686,6,126.07630912647953,495.3906388318691,44.53870211002156,4.7772524486552435,3.9142409819931703,1.0,1.0,4.694248777834723,0.3981532554079864,0.41740204797772107,285.5830372461562,21.105774799013727
SUB00686,7,137.69203665193436,405.2432409585174,52.23693164425272,6.718261505130425,3.129777917831122,1.0,1.0,4.4750175993362475,0.48569073180284883,0.2891391582551895,934.2885877710064,9.106154704210256
SUB00686,8,112.29145180509973,350.081313436146,33.63905720722652,7.1834577894692195,3.3222193426899658,2.0,1.0193761015185867,4.448109898371213,0.6240611779715484,0.5529706009912763,730.3529589298706,17.662264008176948
SUB00686,9,127.2230016141635,497.62375320920813,45.12026846265472,7.699715455827048,2.710154215364162,2.0,1.239240240482285,4.6175380647051485,0.6022294068370029,0.4710838215141763,609.0619800706386,15.224232404587376
SUB00686,10,128.78398921296343,398.4569210208736,33.74855111040248,4.245193983432888,3.424001813520324,2.0,1.3471907746280167,4.244400682383037,0.5544112703967119,0.584518591133841,630.5532360998014,14.755918802137488
SUB00686,11,123.26761712957702,311.42449622894605,34.20778085617939,7.560918640564482,2.427631154604044,1.0,1.0,4.522931985019244,0.6328846613686733,0.2809409788459043,570.0480239454303,15.230667276400876
SUB00686,12,122.95233353486937,431.9367442829862,49.5773399994817,6.8496782238367535,2.1401234051920035,1.0,1.0,4.395979718966591,0.49691729341655244,0.5090781012715855,363.0883467333678,17.654157921191953
SUB00687,1,0.662222128319508,48.41439893090221,12.859271561929129,0.42718573881119387,0.10997928308434085,1.0,1.0,1.0,0.40271904044385165,0.39138296928593885,3.1685370373340294,22.38406299166502
SUB00687,2,1.608760475272655,63.679263620921176,16.18993695188733,0.3846370090855885,0.4800095126146869,1.0,1.0,1.0,0.18741693144304752,0.4550077712202917,8.417560553095413,25.373694945008676
SUB00687,3,3.3855019531839914,8.357301721322283,23.153136562564413,0.0,0.33983718294600307,1.0,1.0,1.0,0.25577765699192084,0.4060920509963549,7.327554832392189,10.00620125032384
SUB00687,4,2.355422594164669,37.37281749674832,9.966494292162073,0.036346559147892206,0.29167386780708804,1.0,1.0,1.0,0.32948003595141945,0.4614422065227879,5.995441158325379,27.339673776290034
SUB00687,5,4.575082715505246,75.5454092755886,21.101802935795863,0.39534982414692066,0.4216444822128793,1.0,1.0,1.0,0.260708860695373,0.5507583757678782,22.599096136932648,21.853369010658295
SUB00687,6,6.242252972666272,20.05480937706187,17.808959631194487,0.5087028796660246,0.42298878198854584,1.0,1.0,1.0,0.46948063312635535,0.44315681360412446,16.81875356517262,20.615710477380656
SUB00687,7,5.421439085014496,65.287776020857,11.839294206463553,0.6672193020103176,0.297969479139211,1.0,1.0,1.0,0.24158025526789725,0.5180578525900983,36.87025607712863,16.398889145472687
SUB00687,8,6.357105721224554,0.0,19.06769975509237,0.5672055566635992,0.3364994246066896,1.0,1.0,1.0,0.34704986219918754,0.39770232895112595,42.534357165249794,18.153751747690038
SUB00687,9,6.289190536026764,39.53640506993684,20.860286836293827,0.5316260874357532,0.2884720077947274,1.0,1.0,1.0,0.2655972275127365,0.5234138845346289,28.84406869893793,25.598300565696174
SUB00687,10,5.911002640610656,10.710755284769025,7.416715224923129,0.26215391528511367,0.19746964774964298,1.0,1.0,1.0,0.31253086560078125,0.3158558024046418,40.16278037044906,15.909985245245384
SUB00687,11,9.883292084033608,89.51143201239202,16.440654664011994,0.2682856627046531,0.2939196085689699,1.0,1.0,1.0,0.5197936835505571,0.40652413932469683,41.43268642290696,17.30462435695233
SUB00687,12,8.474812205741642,37.63343908193184,20.00187066220959,0.3727197889021405,0.1639832953340678,1.0,1.0,1.0,0.44634814626284836,0.44065834224706235,22.313219332388158,25.13153807088525
SUB00688,1,100.75787352478143,240.29199925998714,35.37143443692918,0.05279327434548774,1.0897917773824064,1.0,1.0,3.899696617793065,0.2952446533552958,0.33286580766198803,500.99334004629407,21.28902094655795
SUB00688,2,98.93283037048997,150.6504951322693,26.375944661867432,0.07670800811616799,0.23980837041275982,2.0,1.9159806167178814,3.826983408728686,0.2900439543276876,0.4722112421855016,694.5215304111326,12.517901483960225
SUB00688,3,121.81031797419088,206.09651961069636,37.89992933953141,0.9612389095578183,0.9394401774659966,1.0,1.0,3.9334737179799646,0.513408515184295,0.30316705090295243,547.5399592531242,9.248107666751498
SUB00688,4,120.99255532863391,215.62045901341764,43.45723151507498,0.6271144393874916,0.044328250894434595,1.0,1.0,3.902589590830766,0.40184851700249813,0.33661228849044755,958.4483321972938,14.778001423814505
SUB00688,5,110.87998619078763,260.2371765149893,30.153438613325875,1.434321717850128,0.15595943493739167,1.0,1.0,3.3919330041996743,0.4042198103038932,0.5767278351736882,793.3758043216628,24.227282935413363
SUB00688,6,113.01924524353456,228.68589130326686,23.894632203163056,1.4868922122039043,0.7232720205203729,1.0,1.0,3.7735565515274243,0.5772620471857908,0.4333375146580903,690.5225075485317,21.96956166415473
SUB00688,7,114.12484070588529,283.74170178387163,22.56044269626254,1.2137811038442403,0.3152844161613522,1.0,1.0,3.5303665169035243,0.293194607209435,0.3244431001349312,659.6656412606972,27.790939468485572
SUB00688,8,122.51779215542491,293.3524894047087,25.108877485489863,1.0130336623063865,0.5226879039055163,1.0,1.0,3.5473085875358117,0.40824774643191963,0.2813181520680875,448.6232584221881,8.433450967373151
SUB00688,9,108.28683378116556,233.25933364195754,39.331316035176016,1.1907766562687165,0.8705068360558551,1.0,1.0,3.4430064439397086,0.6465716920592979,0.597092026188728,333.2200843600214,16.45014642419344
SUB00688,10,125.10537876607465,163.55627958988205,25.963000504409308,1.4809621086196152,1.095587621201652,2.0,1.6934376929086459,3.0724878233648782,0.38720681437531523,0.5534437083781127,874.1065551547641,11.049140352994296
SUB00688,11,120.2297135211475,178.67439940614685,28.074799153469023,1.6214185010923554,1.0868555726862046,2.0,1.9875518606803704,3.0669943776618442,0.635881803182994,0.527943282853512,533.6074487377045,23.49095208777149
SUB00688,12,112.0514686755821,203.19769620747758,29.40727635081007,2.2517024843372058,0.4400953233587256,1.0,1.0,3.7140544016904498,0.2654226087368215,0.5811204844164718,666.5987217414054,13.362236204239078
SUB00689,1,50.14926702047931,335.6174226440342,37.31947083385231,13.54317236252811,8.178934159490352,2.0,1.7965101728414554,2.3985392615294883,0.30133121402672214,0.3428810964811497,303.4481026407448,10.355950099797571
SUB00689,2,41.76400541009916,316.12936273839694,38.813490790012416,15.627818127364147,8.096586466145277,2.0,1.8993358622768741,2.6261107503210033,0.42111149246878343,0.393336811662184,177.58428789827272,23.304394285642466
SUB00689,3,50.20597430312426,324.46201860171493,52.677000852167865,14.445181163599937,6.341635245164652,1.0,1.0,2.5713725522023037,0.5322785172161701,0.3162229473391123,142.7499600989081,22.39114272120886
SUB00689,4,32.32434391510613,369.3943652849882,46.45156049413532,11.110670732496562,6.573995487924156,1.0,1.0,2.9431463476246025,0.4255141378924949,0.44506141132553934,152.6203035101829,21.532435249890305
SUB00689,5,35.88064415393507,261.48054061478564,31.942876680007895,12.885907104157212,7.67458403883095,2.0,1.1352569763399525,2.8030513115871436,0.533886717582725,0.3823848583302842,225.21458952056096,26.167336175046998
SUB00689,6,42.99365977088699,283.3233086552294,35.256728855959494,10.053750550366928,6.325117946648488,2.0,1.8094048106694283,2.7544144255142844,0.329241875835559,0.4694304378047226,171.30278595922928,26.492276041830667
SUB00689,7,33.14009999195862,229.64220016924585,31.906876746483466,10.4787094794406,6.533420371682851,1.0,1.0,2.4251726040621673,0.1943057121639661,0.4649165577957348,136.30838775362307,12.885303291337625
SUB00689,8,44.88283197294567,317.2162282226176,63.02977005518298,10.526900427085,6.462786878942757,1.0,1.0,2.4827492342150608,0.38737574454828444,0.47748815262979616,142.72059183105907,12.562644100137913
SUB00689,9,48.82077684696968,281.517793970627,49.515046496336396,13.905102703310236,7.252279131393829,2.0,1.7636370702874697,2.863415982701856,0.46937075907274395,0.3266776475016335,175.7972388541469,9.395638650123338
SUB00689,10,49.779125441452685,305.0462103467083,62.5258338433919,15.741932489804043,6.274600181183056,2.0,1.9901628848567507,2.058476645690484,0.3612994009186048,0.5403952689817717,130.0574168282617,9.981627492665353
SUB00689,11,50.69179111421369,374.1953659378234,40.610083681000035,10.76894369620168,5.8763130306349645,1.0,1.0,2.77117494719849,0.6023940780664482,0.5961187952532754,112.39306826131772,15.593676014195834
SUB00689,12,50.346955005364826,273.19405967400263,58.02209289302003,15.763824376588914,5.267126111501385,1.0,1.0,2.779888662613532,0.4555808055900362,0.45919642003274164,269.3448035195881,26.309281860476936
SUB00690,1,3.766983634031485,1393.3474751283736,49.252182383259424,0.3641625873580418,1.1975208236939805,1.0,1.0,1.093578843954549,0.48783093545962675,0.3610130486366368,19.098866064472308,12.821211083375353
SUB00690,2,6.83637749155913,1522.4708451638676,55.87012987660083,2.461243531976772,0.3762144629809782,1.0,1.0,1.452315427796305,0.2606026733636281,0.42597724031074113,31.297910420754906,17.207107673424414
SUB00690,3,10.247174591596163,1222.8174706827187,62.64117118032756,0.8288932861956219,0.356300476518338,1.0,1.0,1.0375119134284065,0.4330800448805101,0.357379136632744,43.76756783473053,17.85499436516242
SUB00690,4,9.17050941812802,1598.294768144074,50.13346868575337,1.7304903089599635,0.4596954721586513,1.0,1.0,1.7502596620900022,0.19848450053838035,0.4050417226594928,55.000403606193366,19.638604548028724
SUB00690,5,5.713817897962809,1770.6203174501702,60.19992181350354,0.9638547708633524,0.04155097289882592,1.0,1.0,1.7071816719916209,0.19024949813831973,0.41350537207730753,35.30784571643819,16.611554966615987
SUB00690,6,12.759412530162155,1684.7538527881072,75.84557425739989,0.4792780954772551,1.069868049225693,1.0,1.0,1.923876018703037,0.34379703058068684,0.40730004066376146,34.31188739903243,11.583998888793916
SUB00690,7,14.018085810567552,1514.7275538662007,72.88454937771775,1.6992688834666905,0.5454060666302563,1.0,1.0,1.0765277264324982,0.2023721799754581,0.5279977566875474,69.8860839385725,26.970663942710694
SUB00690,8,14.334524625740128,1790.861195846062,56.2043259465765,0.0,0.7217475691216237,1.0,1.0,1.2731599540669172,0.5449870296603507,0.43214846718325683,59.38280929048994,20.22769978023686
SUB00690,9,5.5935737028224795,1361.1638354158958,65.76858084331992,2.129696933601431,0.1852203324635326,1.0,1.0,1.9505800581278945,0.4460713664566037,0.40421574649196756,28.002406641245162,12.867108391728689
SUB00690,10,13.702017613455656,1323.9309112007686,56.478288935819634,1.658525448027126,1.0460589398221973,1.0,1.0,1.6636159410248115,0.5314409764542622,0.2673835958667867,66.45983188810666,24.211274648542712
SUB00690,11,11.130397234684375,1484.948658703199,64.36253381917159,1.8075055022550282,0.7239971266607628,1.0,1.0,1.7553922111662676,0.41758149955618207,0.5116557940222874,58.00233561060737,13.149860428989268
SUB00690,12,11.075182732231386,1686.3397141093276,44.70018244737782,0.4409407072415479,1.197876469411449,1.0,1.0,1.129940827449941,0.44506018832764516,0.4212483784969294,87.32430610985345,15.804498584179386
SUB00691,1,64.75489728428104,793.685341940511,115.60477544029479,3.4926434896175627,1.6264973566809708,5.0,3.479415975678807,3.4690405800985906,0.5830324848959338,0.5199327825778112,361.64046844210463,22.53573493483128
SUB00691,2,62.17074045520012,786.4660692146253,86.55066473329717,2.56236327773119,2.7634167759361388,5.0,2.641414290030536,3.7243482759999353,0.6153091510148746,0.25688376145024105,252.74978492111867,10.553257334489052
SUB00691,3,62.37340878860459,506.49172415407696,109.86081631541441,4.517453138619973,3.3092807711460615,3.0,2.912756740916331,3.3391435836227314,0.3619823034017544,0.34629062628473,219.1730188266098,22.246593442285942
SUB00691,4,76.96546302592519,638.2710681698885,115.2866477724189,4.699987469148034,2.1997145684890684,4.0,2.715859530666987,3.976470477751948,0.5692781743897763,0.399463911890784,459.48775219381383,10.080734680885925
SUB00691,5,80.4436326381841,727.9705169842217,96.09673976361975,4.196630686014025,2.509291224818403,4.0,2.8455381279759977,3.827699443686883,0.5196183463754808,0.3121515697995725,236.64411640131664,17.50967088296631
SUB00691,6,60.465720663183426,760.6537042375203,85.74382388379382,3.1858715223460954,1.7891751466769783,3.0,2.761491323909936,3.2745698258165246,0.33726118309588515,0.2770596829635759,149.90028306421058,27.54583815216098
SUB00691,7,57.56768037686474,527.3888667163744,117.02506696668414,4.755754699354858,2.959170542619226,3.0,3.0,3.1182167527556297,0.42103556668026343,0.31650092436126864,257.47215566675703,10.532332977315086
SUB00691,8,77.41285888790404,515.5403754639095,108.4440004849446,3.6244846995338893,1.673287300633933,4.0,3.4421625144542127,3.8223131981928824,0.271786849276295,0.33824720246749657,575.364326361285,13.836756699066004
SUB00691,9,68.50012822563149,609.8309125745988,75.39911277207372,3.435251172047911,2.502561769444566,4.0,3.3570415115557055,3.65693217743879,0.3777155788723515,0.3862643112056662,510.3624718140558,16.720998785536498
SUB00691,10,60.960306301803236,527.7666380172708,85.79822322951767,4.963605013196706,1.7924208486080389,5.0,3.3737557256218427,3.5704094221320997,0.4561988780288384,0.5502714665459245,402.37177421541116,21.87447426371405
SUB00691,11,62.834163268965874,491.83512426185763,100.3991455148011,3.6399224820715914,1.5035555247978545,5.0,3.1090014047429335,3.8213683952020716,0.37905659241144984,0.3409342019703444,142.1691566654677,22.566466885482196
SUB00691,12,68.42065460183453,519.6848210785068,99.39097569104278,6.015126397170187,1.5415028788441938,4.0,2.6954677985854243,3.993830261035016,0.29997890098321256,0.40611702083590145,243.61337285124512,12.108635871733131
SUB00692,1,2.0144303512755974,84.1121575959375,20.525503125578126,1.4535392641042082,0.10813755349066068,1.0,0.7166445765309729,1.0,0.19161401384085552,0.36337797899274005,14.49906934532842,14.94266674881527
SUB00692,2,8.329692236314983,136.23812308093483,24.01625692151144,0.0,0.6806003435430753,2.0,0.8687078883717889,1.0,0.45363996241135995,0.3099945384679516,26.306559424897245,23.97671027133006
SUB00692,3,8.4169637354309,142.4324169136842,23.944624736847935,1.9430018816714374,0.6458846752537627,1.0,0.9072950047116968,1.0,0.5176961286202658,0.29479347688615315,67.09613665512576,19.933974268930662
SUB00692,4,6.615864327804802,104.93324892762739,38.3439756343208,0.47398891265679516,0.7170742878433422,2.0,0.584597886866348,1.0,0.49951269058378134,0.4114524551230861,44.76497073626057,19.95208037277894
SUB00692,5,6.561548237593803,68.98765316074906,23.72918032009615,1.2576289230403725,0.5189019458941702,2.0,0.504390083885679,1.0,0.44586057888704245,0.5926014908025464,31.969109874338024,11.598881473920903
SUB00692,6,8.975357819421646,80.89961267881199,15.373490143259096,1.4488306456047075,0.5942457795253177,1.0,0.8471579542759418,1.0,0.4375194508921805,0.3786232468767573,62.17435058452212,19.196103696141606
SUB00692,7,12.99070894896656,107.36639856698767,36.39617087416083,0.5476005626632039,0.40364762497048523,1.0,0.5061490629370142,1.0,0.294877630712288,0.26229975925812454,45.53842159716673,27.414994413355288
SUB00692,8,11.147126454151387,17.96527289873785,21.506275122905446,0.5647194239404549,0.5411488993131122,2.0,0.9127531126500901,1.0,0.1618974252737924,0.3075379890953355,79.84880901238543,26.049100622490343
SUB00692,9,12.400277547704851,80.80588999508831,42.62502862089844,1.8118920270422727,0.4877667525690742,1.0,0.6773736507371837,1.0,0.23966857849562007,0.3426301932698213,63.014723151031426,21.7496157246845
SUB00692,10,12.216353403162245,113.7511246305134,34.32621063516878,1.4987496211237372,0.46849252123074314,1.0,0.8049606298595128,1.0,0.25426411274628025,0.5393752156913808,96.59709624380322,14.477208646350254
SUB00692,11,14.341109937439253,80.07234492648611,44.35961090863234,0.7768188230101154,0.7029251255950815,1.0,0.6280034052473005,1.0,0.2726192556558876,0.26838585902027706,73.1754877977844,24.27590889837877
SUB00692,12,7.341302275423089,48.037128378856835,37.90619295505097,0.899770311971739,0.5488622398273789,2.0,0.8532930381042871,1.0,0.4989801458212866,0.35573723616476416,45.643863901408615,19.404418980257592
SUB00693,1,111.309370459045,321.61468015131675,40.55969574446225,4.872345440768215,3.5548578130944612,1.0,1.0,4.056797679209864,0.416530876521084,0.5805971032231946,883.9465586166895,23.343138184190224
SUB00693,2,112.02662987753068,445.7326891871551,54.092225181087926,4.932657275846268,3.7784100104476526,1.0,1.0,4.245334335739833,0.3461982026613011,0.35148670028450235,407.97884782836604,8.041027119681736
SUB00693,3,130.91165288820238,413.70590820977355,39.98604702721009,4.249712739827271,3.0775589011235525,1.0,1.0,4.264072678703288,0.3350167711591536,0.4012181483663672,641.6132822987641,17.39097743744538
SUB00693,4,117.00716018227251,335.0166802831305,52.743380502660926,3.835261747598128,3.8668114154184225,2.0,1.0035588688253727,4.7449429416831395,0.42557405649926405,0.44564855692902233,408.41855144111014,13.960021203767488
SUB00693,5,113.46358893121436,524.0850221007975,49.565212764937016,5.783959242377276,3.622925481874193,2.0,1.226694527347637,4.125919146696371,0.3067177816023053,0.5340573300600057,559.241752584798,19.312454269592624
SUB00693,6,116.39153237012249,426.72138323772276,53.46893857604435,6.628946204272358,2.3649710701661735,2.0,1.363944391546036,4.497506170976705,0.4495934240560302,0.48187432547645,771.4017632383418,21.235739450492204
SUB00693,7,140.02083722564743,522.3232482622603,46.19510583701684,4.445418754631827,2.368381448518748,2.0,1.1427284770869228,4.76688502494343,0.37785720664879874,0.5850506382229756,398.4023752085292,19.779034916755684
SUB00693,8,115.87178054745804,304.41506395595064,32.93068490832516,5.250636841417409,3.1238363333901127,2.0,1.7746829052500002,4.676235017108459,0.4727001552413179,0.4808785943067199,464.5153029049762,24.812250049470563
SUB00693,9,128.73200298187723,492.18566096325173,43.91621406284036,3.436104272465996,3.112407424772238,2.0,1.371767849863018,4.253503119500891,0.3675055194017729,0.40931299765774165,320.5400433615202,12.29861525899277
SUB00693,10,128.50818211674851,467.5480510356778,49.14087153099507,5.878989573173752,2.1532278057234064,1.0,1.0,4.1182379501918005,0.29120751167677766,0.5599147185284477,956.2210476717306,24.191292956083753
SUB00693,11,128.3687281984864,396.8213802113839,42.26197849936602,6.013809334207158,2.951964231429815,2.0,1.6030379449475478,4.250070387040138,0.4811128272881926,0.3109495635308748,375.8075899049497,14.409269823390293
SUB00693,12,143.3084355755825,355.2552198430225,33.59342095278271,6.901705014834789,3.996959163774428,2.0,1.1279525597470628,4.674192664582654,0.3122426904838578,0.4163948200677656,372.9613487460304,13.496323186188853
SUB00694,1,3.3693494977373115,11.984891099510628,14.05424457841673,0.0,0.44563126352495674,1.0,1.0,1.0,0.16485739505660377,0.598947308360317,17.30057643168688,9.279366707355967
SUB00694,2,1.4370207272305167,67.16893602020349,10.883244427344454,0.34761857460152346,0.4275413048632446,1.0,1.0,1.0,0.3405238595116769,0.44304572058918773,5.724940530889464,26.175933918886052
SUB00694,3,2.5466533037780037,68.66636475164391,12.73138738582693,0.0,0.010653828081286454,1.0,1.0,1.0,0.4147113978843916,0.3802543884656383,14.494022359580187,17.19824210837451
SUB00694,4,1.2144070121023798,17.636572039867406,12.156983031250153,0.18930641046569585,0.3967205132442438,1.0,1.0,1.0,0.28586502734961655,0.5147248303209375,7.341453593285377,15.621025234492883
SUB00694,5,5.659096789446009,75.3809277753349,19.34212203563533,0.17460207797572014,0.30984800140445906,1.0,1.0,1.0,0.19214726451852013,0.3994267599547985,19.70960606280603,8.724142062069756
SUB00694,6,6.0637284844169885,41.98720410423875,20.02818142507666,0.0,0.1534438511494839,1.0,1.0,1.0,0.4139128996955921,0.446240739701815,27.684404013746285,23.96178295855411
SUB00694,7,5.023949480556084,80.76163273844264,8.831745628897602,0.0,0.27495537786746704,1.0,1.0,1.0,0.520931308603639,0.2763190881937097,23.317637952791447,16.458961310157648
SUB00694,8,7.574272973758866,17.708617322405434,15.724136386373917,0.0,0.0012646189564121668,1.0,1.0,1.0,0.43435605512620123,0.46045643363948485,56.30406688865947,8.150463821594165
SUB00694,9,8.118542403111304,79.3214687463123,21.879366589309836,0.4669439951925798,0.12164039440413726,1.0,1.0,1.0,0.37701357650213363,0.36187495313126905,48.93337603150671,13.32828195909457
SUB00694,10,9.600426580729529,70.50989184440844,7.961285333781021,0.0,0.20671764821720784,1.0,1.0,1.0,0.24477223761837202,0.3942261384478122,72.71667970550715,13.842870562387827
SUB00694,11,9.31634384786917,83.81940124340574,13.454890306263197,0.0,0.17180313421810312,1.0,1.0,1.0,0.41066296367024946,0.5476750209893886,72.5234506340109,12.261731294367806
SUB00694,12,11.332798272769658,67.19765042912024,8.553966950202092,0.0,0.19684432146658531,1.0,1.0,1.0,0.34700446509959393,0.4725171353859051,29.063076217466136,10.19369027774337
SUB00695,1,108.06368433747949,284.4668606768248,30.030814858792702,1.4364905953381246,0.6838051444136681,2.0,1.0908824677418347,3.689641059882274,0.6472102271439762,0.5395501005964453,662.5346078377141,23.872462711165127
SUB00695,2,117.67354347476939,311.2054887766614,29.343688414083548,0.995657397001521,0.1908321940721528,1.0,1.0,3.322725619131623,0.4414318975515724,0.5647600174937855,540.4479121879558,24.29528828063094
SUB00695,3,105.58641373152076,147.53632837084203,23.74668216253268,0.3793915862830999,0.6383487828943977,2.0,1.0827085507414727,3.7324811504667386,0.2795151766338617,0.37451757937006175,486.2141303696054,9.854989492205817
SUB00695,4,95.73215336755203,201.86902608760172,36.17433379803993,0.5698691686300229,1.2837231336220192,2.0,1.6821826535128477,3.2620939542837237,0.4314585365662733,0.2584063480761387,499.0952046518376,19.29820239406813
SUB00695,5,113.54284580639943,281.80485165986244,41.332780739142166,1.765376577058295,0.8295189504552078,1.0,1.0,3.4837610367272314,0.3084418266828769,0.3940055029438382,857.9545544582273,12.64118988032416
SUB00695,6,99.75260123830914,158.388254727019,43.34914523116015,0.09443071280509419,0.6402758152412081,2.0,1.1443578123164642,3.55476003389799,0.5265185861797551,0.39584980808749415,795.2301926143205,9.425152554332175
SUB00695,7,117.43043930988193,125.29320012399643,21.98379591431429,0.7369394669847078,1.278614559740353,1.0,1.0,3.701758455639526,0.635175667648488,0.25481534105373316,339.0897370446609,16.911937245094258
SUB00695,8,121.8080549688845,257.107581225017,15.121125233337867,0.31763262652173596,0.10239696190028957,1.0,1.0,3.898991562935816,0.35520219828115884,0.4643677703749187,673.6222095892911,24.812701896569344
SUB00695,9,115.50091482385903,261.0093870759919,15.842955929029971,0.0,0.9794766072297314,1.0,1.0,3.720093411604465,0.5090840599068035,0.5852939464966247,747.2308708481422,23.44896620614574
SUB00695,10,100.26733791407794,181.03047625691954,31.61983714140596,0.39849576356058486,0.560328384033251,1.0,1.0,3.735901311993436,0.304619340714245,0.5574874382828443,734.5195327139636,11.470828170685765
SUB00695,11,115.36453964227469,223.5176601120426,41.12112598240376,0.21154150845649322,0.7469364598952657,1.0,1.0,3.0000801101102392,0.4168443232818544,0.3596822211250941,829.4772245173916,21.779779028619114
SUB00695,12,108.1047755322478,184.41972658193788,24.299854204526042,0.5682450984988217,0.9356120354274795,2.0,1.0598170767076256,3.2049136596652548,0.6456742432091251,0.4485585024027976,648.7040390723895,20.75801625376328
SUB00696,1,42.60583796507925,336.6551274644374,42.02991587409908,11.712790048141372,6.974528618481817,1.0,1.0,2.2469500343172437,0.39947439660877043,0.39474317133023296,199.34502222672918,22.068672038101404
SUB00696,2,45.986712335641485,373.45205743750864,53.037879852923204,11.809807908536271,5.732858099592988,1.0,1.0,2.0217606046531436,0.3596153863032965,0.32569349998013497,157.23032981255642,13.90202190373647
SUB00696,3,43.26425573998778,334.5871340080304,38.3987883330203,13.612089492446554,8.454156528118848,1.0,1.0,2.9508911851313444,0.5017314577728368,0.4114596824518775,269.23977019758877,22.127510024159385
SUB00696,4,33.510115798180394,220.03778167941,39.559334492185386,14.881367457152436,6.614478807734015,1.0,1.0,2.7699797006831304,0.5185840408341498,0.5997888698489877,131.67214670369682,8.34878829087367
SUB00696,5,33.77715631955758,397.7221641764318,48.6806542084489,16.133236845927595,5.0943649744520645,2.0,1.2460489171637898,2.691151341903071,0.44523576676924415,0.2839325755134757,213.32321669557606,12.235986136143994
SUB00696,6,45.410229588163936,343.735700854237,33.66191141861113,14.474240012888076,8.174053037836998,2.0,1.4471545954606375,2.726734007001436,0.4200776888804284,0.4789251582099975,251.2482540397725,11.632408634475413
SUB00696,7,44.34093794141411,207.29507383322817,42.07825566868321,15.04468221054795,5.770822289703218,1.0,1.0,2.9066667877411567,0.28963386769175975,0.5237603849911154,151.50945380001878,9.699456868462054
SUB00696,8,29.009757575846123,199.86226928597864,41.174965279729726,16.76376151468403,7.56176099194353,1.0,1.0,2.829500194950937,0.4668792565193234,0.3680429542189085,214.94946524023322,18.10368466901211
SUB00696,9,35.736988507566764,185.37446020667392,32.83520711985661,11.151636151054815,5.383154662046186,1.0,1.0,2.521485529123718,0.5000350806958227,0.2853254681487398,105.09313693243514,16.302758346734365
SUB00696,10,30.341839707495808,177.5588585927242,36.195688307391244,16.196852292179248,5.923968648288692,1.0,1.0,2.9595731501363436,0.38949842877367047,0.4221884273586535,173.98388796860033,20.501529047795692
SUB00696,11,44.18918677206177,381.0916319281968,44.76598314511561,15.965314430225119,7.506202891669198,1.0,1.0,2.7665820183874734,0.1765748579120187,0.432226645477342,268.9236269736085,16.72429876895086
SUB00696,12,33.32066378725341,262.993814044531,51.47625151315368,13.60968225707056,8.406382247536063,1.0,1.0,2.4295602297465586,0.5297177676437079,0.3386138676621072,234.13365751757314,24.346056880210508
SUB00697,1,7.579427116360156,1437.4747814819716,49.841820842029385,2.4948424496269053,0.09248882078648774,1.0,1.0,1.4975323609383175,0.21112476314393813,0.5341622082156722,44.40040421179175,22.685209528770745
SUB00697,2,8.587567503065427,1686.423381615494,41.39114808856362,0.08686797051357398,0.46877981145460673,1.0,1.0,1.878356168183444,0.524177538112487,0.34712850238530985,26.133701684125942,16.644486258408747
SUB00697,3,2.2840073717655898,1191.2585500458774,45.695187398557835,0.9608775134277894,0.14438122432199507,1.0,1.0,1.7506334060953455,0.41109716421134657,0.4466625034526187,15.061694321740179,12.370698852304374
SUB00697,4,9.800579088356937,1490.8192907937246,64.82726840951361,0.7978866005797973,0.9415672511495151,1.0,1.0,1.0965534012311786,0.33790965002164175,0.35601040556249436,47.40504724476119,20.93178581883541
SUB00697,5,4.325116149835885,1639.1144685710838,49.76895517136753,2.5402271364347793,1.1896259790899308,1.0,1.0,1.7835503546271274,0.48514090083444883,0.44001104114884065,9.476491329113003,8.796568497806106
SUB00697,6,0.5863209573422721,1496.2020084627923,65.0881454768659,0.0,0.0714153266057112,1.0,1.0,1.7577801343373625,0.42572490132062146,0.5726216098417023,4.158027234881696,10.141071479150034
SUB00697,7,8.080444722825202,1192.8817158010716,68.36993030074453,2.0099360412940923,1.0022961802655093,1.0,1.0,1.0604005823779192,0.3430586627760892,0.37204340334328906,29.858373746498568,24.426538444879192
SUB00697,8,3.098287151626085,1609.445328035968,54.78634031452115,0.5640618097429297,0.9874151951306773,1.0,1.0,1.5805700751464742,0.2187027450047117,0.2757040066866612,15.360752917340431,20.65636180804322
SUB00697,9,1.3284552580275069,1312.5587069840506,69.83319047967177,0.5165220189020914,0.4525120370465225,1.0,1.0,1.2834663236973707,0.5233166409094113,0.33121227703876804,5.085563777543596,26.574196418003975
SUB00697,10,8.269757016638867,1695.2026159194493,49.83449338364661,0.0,0.24005725342698309,1.0,1.0,1.58410119022295,0.27445339219901443,0.2517716175514134,46.37563825619258,27.064521670781733
SUB00697,11,3.27781824484731,1473.8278434067074,71.89242480601852,1.1349439137319366,0.428733472738957,1.0,1.0,1.004378642057297,0.5263029030207371,0.2811163023172249,15.272525048489726,23.051048129012283
SUB00697,12,6.26990122659144,1393.984842925101,42.45785042321873,0.28930278289434197,0.663130547350542,1.0,1.0,1.8752517766153027,0.4725514936357217,0.25090627677461713,39.52126283204554,18.079770411091523
SUB00698,1,54.743674683759394,451.02212701328887,116.70098579334237,4.560492596298047,3.1431329766693787,3.0,3.0,3.527967925260407,0.4766351933962494,0.4213636055192156,254.34396856013996,24.198704470827792
SUB00698,2,80.0264715706965,806.5447147878406,103.03639033644026,2.5712539799897534,2.968422862501544,4.0,2.5033250075166285,3.02302816846775,0.6441790750227618,0.41589128995801333,251.02182475843708,26.8833098796115
SUB00698,3,54.37293598729991,684.7720046677731,83.39960377048838,3.5766995340308765,2.2181362287782456,5.0,3.375483186475589,3.131035335059478,0.4343710887921959,0.3605884862752346,365.8269130928633,26.511571589509103
SUB00698,4,54.01922733965,699.3418825990001,78.01786681801732,3.5471125607146394,1.7233941586009363,3.0,2.632633103720431,3.911430720321345,0.30592545362379275,0.2769978278711885,349.8119701268394,14.800882478976455
SUB00698,5,76.92908364810333,591.0178237398723,101.58231235892785,2.0636140881869647,3.041563983557247,4.0,3.228090557238087,3.7985033791920153,0.5108752694359234,0.39054833983818793,451.23625255962884,9.39665585417736
SUB00698,6,56.116232691441716,483.5529196656005,115.37915421317106,3.4419322799069425,3.2591840393974754,5.0,2.955896244478619,3.625642749516731,0.4922337654978841,0.3020645837704344,432.12311039531505,21.767720019792286
SUB00698,7,57.85171064989568,686.8707771245668,98.94945094807261,3.1449038020874256,2.7451654230171383,3.0,2.76562731015919,3.783862404944631,0.2684424101493762,0.3146788870065172,338.51005529492505,15.034121986720711
SUB00698,8,62.064646378936594,771.690301434301,113.37289813513853,2.6973058724627155,2.5052286241376756,4.0,2.664890056120223,3.164745602728787,0.3069980098141898,0.3949746666082578,363.1335756630018,25.008865342705764
SUB00698,9,61.325358483148264,717.5576993645599,104.59927449743151,3.449485075455347,1.960952967823136,4.0,2.7664946461357394,3.348087487590608,0.297873529483518,0.5483899057283221,204.7800600106376,10.685404345424253
SUB00698,10,46.788192068982276,572.9692401525932,114.1236007872873,3.3712963689430024,2.639457184073888,3.0,3.0,3.2101002499316342,0.31487382388500884,0.5580618182578345,141.24392619349786,23.38525188181515
SUB00698,11,50.13389536723116,776.1299741766255,107.24496095217609,1.6554274162203475,2.110533850607995,4.0,2.729317252521045,3.7885301845130352,0.5635242258340843,0.5082176553856927,388.87839367830145,24.97831380542112
SUB00698,12,50.666653369040915,522.1623519229464,118.61117734787277,4.036018604728712,2.3245041784013223,4.0,2.6761834509728994,3.6036160674025597,0.5854968274913259,0.42136347554583126,363.6824469633554,11.316861174264636
SUB00699,1,10.584824674113674,129.2666992915661,23.322348900914335,1.6161773027968025,0.010946664440163012,2.0,0.7278158734206981,1.0,0.3804722780040973,0.5941995091009806,25.589264047366783,16.161184188846406
SUB00699,2,5.9841068745011565,92.21674299562923,32.40428746276781,2.0413140934618594,0.41040866658816355,2.0,0.5607867744248423,1.0,0.19590388558542243,0.27135912600511464,31.63897355771407,25.163254556624175
SUB00699,3,9.522893944643881,67.85163411100477,23.0567768581053,1.2737003832566642,0.17816243744798999,2.0,0.6430015716026374,1.0,0.3663066171686655,0.32771096072421124,54.70578258441722,25.788307378876162
SUB00699,4,0.3966915235467443,70.02328889295245,33.42548034050715,0.7619905520985931,0.36817006086881177,2.0,0.5478009046929501,1.0,0.45300189678408564,0.5832543635466036,2.7545583882441393,21.556014101385212
SUB00699,5,5.454326709611694,121.30359325233613,38.50221936450979,1.6758393719452644,0.5284210113117955,2.0,0.5782707456885254,1.0,0.2179399391228245,0.34828810112575187,12.567743121823685,22.321304206005486
SUB00699,6,1.9533363853214123,148.0204145857919,16.511764690477968,2.4444230313051545,0.7571160702864554,1.0,0.7357603975753934,1.0,0.4517287430056217,0.419587439328462,11.100583263953531,14.802296701584062
SUB00699,7,2.7378340255534157,161.11889666254842,22.502447915515617,1.5375914275998466,0.6553439045628563,1.0,0.5010300191811687,1.0,0.24291434158858033,0.5443304033218856,6.275394506969757,8.187140287969484
SUB00699,8,0.3559607451483888,103.86801915519345,16.351391530200775,1.7632877316154312,0.4441745040182846,2.0,0.8906476307008457,1.0,0.3430064090673901,0.3037777167110325,1.6014431749733713,9.016733313733912
SUB00699,9,0.9945821764578398,105.25754715102028,21.863445946866747,1.276650990442022,0.7786133978355482,2.0,0.7205845097455739,1.0,0.24047016553933895,0.38895291606141125,6.49156655344775,9.67286227965321
SUB00699,10,4.321649955492632,144.1759585771977,34.45821070104038,1.8988678234823826,0.4622308006819398,2.0,0.5952092833903389,1.0,0.29391683455005146,0.2965281749541505,23.569735801238753,21.696347378620317
SUB00699,11,0.0,136.605737056897,35.89257081654158,1.464564847579842,0.17246794810915733,1.0,0.7396891553153144,1.0,0.4912186759064956,0.2511880295263632,1.0,17.094273597926325
SUB00699,12,0.0,116.82350995800277,32.22634472755166,2.2001737533286514,0.5528649520002958,2.0,0.9045347410528197,1.0,0.3274777346345442,0.40148202975455183,1.0,15.898889422907427
SUB00700,1,120.1370018860206,448.3082985767735,50.826451798989375,4.406829748791892,3.076857228711142,2.0,1.497437164567092,4.376525653184375,0.5485081170398165,0.33023855802367896,248.99729129544258,10.801564572351706
SUB00700,2,116.0500189010234,373.8622977608584,42.40407463419587,5.1228618138586715,3.653984148818943,1.0,1.0,4.389095515746217,0.5706174836767348,0.4945244455706128,355.7981604140128,27.211402615240246
SUB00700,3,116.86885845760324,437.403775811312,34.21820100513207,3.1191175712823265,2.307456174756336,2.0,1.6659563650962261,4.417703572588856,0.310131077860874,0.5420160116055992,875.8699210852573,13.364015229052399
SUB00700,4,125.46163817397104,477.1041009902268,31.044466760167204,5.537366456264773,2.649643993465425,1.0,1.0,4.209713944843743,0.30507387347196957,0.3029720758333082,879.4931625135783,16.64691658491408
SUB00700,5,115.60441361858327,533.9271122255211,48.550830639486634,6.455366606328163,2.6364634211290916,2.0,1.359755185710961,4.6713812155807375,0.4849344447830921,0.5357363996921858,771.57167739053,12.187375366100742
SUB00700,6,123.49047987890145,451.0961763612283,52.002530281630726,4.380074607174596,3.4594183465584076,1.0,1.0,4.948912314285081,0.5235824260845958,0.25401421933440516,476.65788664768377,21.01856508383088
SUB00700,7,129.7126986716574,320.17792891156046,39.5438266007704,5.049210848676169,2.9853966238122087,2.0,1.3197231575225628,4.770955179183154,0.49554553082762065,0.28867784603285757,562.9967521611175,24.984842417795104
SUB00700,8,120.03694084512514,415.67351419352826,49.711066555129015,6.245976478786037,3.5299911414641736,1.0,1.0,4.814730215802162,0.6301651383561646,0.3156765562659375,493.1967038323601,20.522096126988007
SUB00700,9,128.62416543446338,530.7938591728511,50.84316177167941,5.213177934961396,3.4189813560763924,2.0,1.2819400829422856,4.192262805243262,0.43780375230152113,0.28316296262077645,620.905180222863,21.832424135065253
SUB00700,10,110.61494140037702,443.8384136065656,49.81504576199081,3.6808736342741772,2.4824699487382134,2.0,1.2601788940111875,4.515002947147979,0.5544445024051137,0.5556056470295421,545.7689488354805,22.226139426565517
SUB00700,11,131.69771600534472,457.6494947671246,53.31281210560607,3.838960398515242,3.2335332200943716,1.0,1.0,4.646118063337077,0.4417502298750581,0.2829384055481446,316.085191635012,22.427255240404303
SUB00700,12,113.73634380064921,500.75616288957553,43.310127345783194,4.237611911111319,3.3087527074823813,1.0,1.0,4.204969641192159,0.5807053890213437,0.2804219784571915,582.9580747986324,20.022466446116493
SUB00701,1,0.9647896538672053,30.748079903480022,23.985663006153114,0.3749960603963939,0.44964248870257223,1.0,1.0,1.0,0.28306833209726395,0.3062367542032838,6.5498991355380145,25.50759594948064
SUB00701,2,3.160254574884857,11.500597372453647,20.27026267349162,0.05278477137383708,0.34014070782623423,1.0,1.0,1.0,0.2639758116280927,0.36577959354779477,18.00738512420286,18.125423648501936
SUB00701,3,3.8038441772937808,84.33485265840446,15.806698604981753,0.21408350230609424,0.085321253163262,1.0,1.0,1.0,0.2035553780800981,0.506542726269685,26.03429630483202,19.627778050940947
SUB00701,4,4.043788577386004,33.51600173589538,18.858563977327552,0.0,0.3085270570336532,1.0,1.0,1.0,0.31125059790017995,0.4366338514414093,19.79200653544993,16.57368135583843
SUB00701,5,3.3229503747837477,60.2638004243124,7.071929929649395,0.0,0.0475882540680051,1.0,1.0,1.0,0.19309284387398265,0.4049712760580645,12.089784903371433,24.673672873387247
SUB00701,6,5.109800063316915,55.243932990381026,8.69561508216549,0.0,0.12209517917953189,1.0,1.0,1.0,0.49856610857772765,0.4317320522443935,11.395910141221162,24.393676970933505
SUB00701,7,4.712636887479164,76.96575504548258,18.269565846038624,0.0,0.41541649171015244,1.0,1.0,1.0,0.17417117525538947,0.49094072606031147,35.58673720718825,9.301315904414786
SUB00701,8,5.951344632993647,13.907337649535112,19.223091918656053,0.0,0.3864278637038741,1.0,1.0,1.0,0.45653494310934983,0.34614460733773283,13.616049673373697,10.637348350117596
SUB00701,9,9.007853421400885,57.0082431198646,15.863555660154212,0.0,0.3234715418719268,1.0,1.0,1.0,0.4283851928222263,0.5319869545217691,21.481392261082945,27.384467788150317
SUB00701,10,8.490244270423037,43.29228138642652,22.35336037303059,0.0,0.15171301811262972,1.0,1.0,1.0,0.2842703094470887,0.46260132082581307,37.32073999647185,18.524535023254213
SUB00701,11,9.326728833267095,59.34540436271268,6.383036111212168,0.0,0.17177734532617484,1.0,1.0,1.0,0.23209911111283113,0.4024535573736752,45.25707153224778,26.816560329277795
SUB00701,12,7.732248600982922,15.810839853022607,23.780835035565552,0.0,0.36585099308957814,1.0,1.0,1.0,0.5140678331438714,0.27018146161433987,19.123040628394318,10.571495518179782
SUB00702,1,115.3399544305588,150.57096790676334,29.40342005763707,0.47556801085464107,0.17472719473541298,2.0,1.8559813919429666,3.088791118186785,0.3761094106208921,0.4792195889947821,320.73715667876934,26.404887298873355
SUB00702,2,120.02044777429364,200.60580127636035,17.064151915983548,1.7599794848775698,0.9891684398801008,2.0,1.865528588206444,3.2548903828170275,0.42424994123158577,0.3500426737667119,368.44734302931545,9.407965553758242
SUB00702,3,120.77122391277308,179.77614158750396,41.34676891123923,1.4273482384980993,0.6338029387060855,2.0,1.1382020416177272,3.3319296495393247,0.46077694480406395,0.47351172856941326,677.7979085760705,12.753399675524104
SUB00702,4,122.94989881035998,211.07941123821115,29.817875541492548,1.5320641713917365,0.8490265060074511,2.0,1.0008270622733164,3.2938176046151204,0.5109297710163009,0.3167869561868625,713.0913614201866,18.902718252775056
SUB00702,5,109.88650437460439,180.59809076430165,35.94890081555008,0.7250772753858232,0.8222402285042794,2.0,1.872006532865666,3.935744949970841,0.6231099669569837,0.4451978854106122,842.49841582812,8.421534143402482
SUB00702,6,123.1718407612109,184.15010455353757,17.783093199143615,0.8319997759142288,0.8951730624323226,2.0,1.136960279557254,3.064458053313762,0.423369439114474,0.3975329763244536,432.21133523327694,19.512171147060293
SUB00702,7,96.51112249541072,154.38109282896536,20.981728957562105,1.0456656016817367,0.44825755001966155,2.0,1.3522738283490803,3.7821806338771173,0.477635711790116,0.3658487288125192,255.85101313769476,14.594278918775917
SUB00702,8,96.17397975070917,314.8297689774639,32.58280611052394,0.4493982729541681,0.10793500312123011,1.0,1.0,3.271372078396786,0.2510444212158334,0.45527663684664144,517.7443040186738,11.349307251510128
SUB00702,9,99.73405793409466,185.6175825114635,29.008107709842754,1.4064101349356866,0.2832675640102172,1.0,1.0,3.4926358108446096,0.6364377554784031,0.30669422104102156,374.95584160151225,20.378631842621274
SUB00702,10,114.24890712805573,210.58335765904678,42.11495131041954,1.5277835934834936,1.3701606764423007,1.0,1.0,3.9501384576820717,0.36998303112409525,0.4107342055958545,717.718629482087,16.988467025044592
SUB00702,11,102.72333132924126,300.64339109827966,34.29804484638774,1.4190839157462618,1.1741624860560371,1.0,1.0,3.7069806943011274,0.48509632072979936,0.3721833988208063,695.3068090408032,24.02845079362079
SUB00702,12,119.96918090729172,294.96362996648435,30.346586814003064,0.0,1.4434687388264087,2.0,1.2680886238124986,3.5291083523986844,0.555092591608949,0.26633446976448744,380.67047557349576,21.90121447813182
SUB00703,1,34.94417728130128,370.86179377085494,51.28578125327947,13.702556975713634,6.949997637976113,2.0,1.0937628862835922,2.191386974819794,0.16522215557483272,0.48554213656798273,179.89218760146665,18.502754056998278
SUB00703,2,41.637756628353635,256.8123949865428,51.60863423309649,10.063190784386961,6.6715309834556775,1.0,1.0,2.718116068440422,0.24725336445783141,0.5584691875789769,150.74139876029787,9.864056528642635
SUB00703,3,49.56188901989168,397.2112944062401,45.99994175930535,10.86172448459714,7.436995261575483,1.0,1.0,2.1622112879975663,0.5064978170968825,0.4258397180300125,189.88519762453402,12.409341623857742
SUB00703,4,31.184885099072595,215.24164975958888,38.93547739999584,15.817000082559675,8.251353681920415,2.0,1.5598418487940608,2.80083791279909,0.347578345576536,0.4168529699085143,86.44385254071777,20.53700195114196
SUB00703,5,44.311164531376484,237.39627134016052,40.89686376103279,15.841557128387997,5.757022397496575,2.0,1.8860547252145041,2.078038506320483,0.34720095000353035,0.27971533586108543,117.50152574012084,18.156136971054405
SUB00703,6,47.06158694660362,385.84437506590086,43.78738071505521,10.858911469671195,7.473343064014234,1.0,1.0,2.4405032658663126,0.4362232636554707,0.4058722773375819,209.46479843547968,12.340369516775134
SUB00703,7,44.28620215925966,265.21763063526504,63.12492331871016,15.19967985672099,6.692167290567067,1.0,1.0,2.0505141005049623,0.38738510189639347,0.394612962501661,325.14602020266545,10.85010717632472
SUB00703,8,40.62345444777072,227.6256105663895,59.74808237345181,12.358855719464373,7.931369534678172,2.0,1.016749109569476,2.809358878676984,0.4362255907165511,0.389986676277046,288.4937022132972,11.86094528533322
SUB00703,9,40.68884714299937,225.5949933086343,39.93752017346715,14.198346458005036,5.012248338352677,2.0,1.5011808505905107,2.9396995623797135,0.5293803437720298,0.29674998324077584,106.32795027452272,22.18454349045031
SUB00703,10,41.814438610329084,284.2617789749063,61.767508252186815,15.58542594963808,6.589477350073048,2.0,1.2428220828122902,2.0040383685777363,0.468864169895702,0.4265463457751966,282.6405566392981,10.011292353341677
SUB00703,11,28.732329828946547,335.7274928193448,54.9229055003582,12.404887130306701,5.182846768818863,1.0,1.0,2.9144207568674942,0.5235549814524286,0.57623394821594,183.6405030841282,25.59426761408885
SUB00703,12,28.023860595536213,267.6282970137814,44.82145594759905,10.571287647002574,7.163444910986999,1.0,1.0,2.280459027196886,0.49956565146801246,0.3438171802113035,122.69333357500477,12.279823149351804
SUB00704,1,3.702767564496986,1330.0801304459167,78.38169556343334,1.257953994451141,0.37806994030787505,1.0,1.0,1.3701401308180579,0.3887533945948576,0.48214625698120694,14.901761261372831,11.465403354805808
SUB00704,2,9.54188235250832,1218.4512710910997,59.23294613683735,2.3345646454124642,0.2112415954253593,1.0,1.0,1.738062140112544,0.24721012217088267,0.46514641234697435,65.77468159273404,11.467752872318655
SUB00704,3,9.058232107758151,1279.0660093456743,47.9454027456407,1.6033556292382403,0.3383607925974806,1.0,1.0,1.1882635187177213,0.5286008258447026,0.3742792320528382,18.250940029198397,16.65816146792689
SUB00704,4,8.017931446389584,1226.3528134654205,54.27809672897669,1.2644069147255221,0.9187435312400016,1.0,1.0,1.989763753099378,0.3724364227615018,0.43676942189775714,53.5567694763569,14.471799484126182
SUB00704,5,6.939775717412418,1538.7782719970326,61.34601393714916,1.3399544666987595,0.6564622728734979,1.0,1.0,1.9496018403524495,0.41182820508073614,0.4696044373673233,19.401103294564805,27.786095182184948
SUB00704,6,0.0,1767.5250280664204,73.30589895734255,1.379583354158205,0.3186211511852628,1.0,1.0,1.5028554748651666,0.5393829036909923,0.4744825897802555,1.0,12.17680817867706
SUB00704,7,3.216821374816602,1208.8398768126901,67.48831167463528,2.267463710007007,0.809587991105654,1.0,1.0,1.347965253333993,0.3947523525782515,0.3208835887866788,17.7960214153164,26.018341451595873
SUB00704,8,3.965604947103854,1598.7640377408313,73.8374403585691,0.035722871665893746,0.817006617694267,1.0,1.0,1.8892977512795912,0.2653714872674865,0.2952735555321824,11.522132833547866,20.3291050095197
SUB00704,9,6.407827186319617,1437.5822250795136,40.78265011428738,1.1757439475069678,0.43435585745461996,1.0,1.0,1.4294265240820345,0.35456030874984595,0.260255599431836,28.774237538940188,23.27246674472242
SUB00704,10,3.330436993801823,1568.7387964679974,67.57615752442844,2.8272682154495996,1.270375757294555,1.0,1.0,1.4671790014447392,0.22408933013362872,0.48046225085240907,25.878306585646023,14.31297015503014
SUB00704,11,0.0,1781.9151956029887,64.18296004107928,0.6314319384827645,0.8275015121871087,1.0,1.0,1.6329294229561633,0.3011533578089347,0.5923976085383217,1.0,16.15128229607585
SUB00704,12,0.21892282644076033,1430.3842926428008,63.37278182058422,0.4651151329063103,1.428511400289929,1.0,1.0,1.0788230594965946,0.29536456124823995,0.5348060323608033,1.572358869456897,13.807718110845508
SUB00705,1,58.552569789784556,582.6043649853201,87.751351940671,3.28244241221137,1.6745737164018022,4.0,3.3828916536478117,3.5489288186246193,0.389707983094546,0.3326052586340428,148.72987132055061,26.666101497319865
SUB00705,2,56.668778307516305,531.8508693155435,87.37698026302485,4.026975905138506,2.753171532776088,4.0,3.2192372457120007,3.4275648461878596,0.2953341177430407,0.2970361681430344,144.05008221024437,14.005621180413756
SUB00705,3,71.18632086827516,543.9774040021039,103.46691620194883,2.5722468701070724,2.801231094432777,3.0,3.0,3.1885072090391917,0.46288826821628304,0.47193455947329854,523.1697151828488,26.471291490316275
SUB00705,4,69.38146818284685,633.4750010383833,110.51716890616149,2.6217937507942874,2.3151857888877947,5.0,2.5675340452614686,3.827800086591541,0.48776417792511617,0.496949435436401,472.74578163440225,16.18486880838629
SUB00705,5,68.39910171248849,800.4597177516821,94.04123920855427,4.4197816817126,1.7999900609150543,5.0,3.2394727883939307,3.2563561478928826,0.44888752187589454,0.3002465136130833,428.2293887438046,19.16983482519889
SUB00705,6,76.61528308643854,776.1335772966186,99.32097657323656,4.308576173753148,3.351809148780113,3.0,3.0,3.606108620884557,0.29859584371321624,0.47563830623259423,377.4905258868062,17.76986234224641
SUB00705,7,57.17431666236228,768.3999077158766,90.2261641386236,3.909691739508928,3.3214096702505738,4.0,2.8016577321557397,3.7749762626493326,0.30942036870951345,0.26120089506464855,168.2941716179701,25.141950934200267
SUB00705,8,74.17050224104143,787.1344571378039,105.28523606183653,2.638644455237401,3.351705536901571,4.0,3.2642841595724135,3.357587426187281,0.5754288048668321,0.492142547048707,167.60065552729702,26.689776179183873
SUB00705,9,46.51563243554628,794.4342727419304,80.41397912827975,4.085560824984684,2.3831631047850372,3.0,3.0,3.5010619212150633,0.4945917475739934,0.548814515002181,195.09318879049636,11.03669687587651
SUB00705,10,56.103805020907295,766.8712974268977,116.59064344960909,2.595929376586825,2.1610572065949896,3.0,3.0,3.0583233923661597,0.6293001966168978,0.3083166170890518,157.13960599598965,22.26592102527176
SUB00705,11,48.23112889300297,637.9225481242771,105.80895140763752,4.73013887423885,2.421958494142518,5.0,3.1949628859249,3.48450994294943,0.21913450983233312,0.4684746835742887,123.75999368585946,27.69857604446797
SUB00705,12,55.46570481408324,668.7575703513979,116.74965586633391,4.102689031671621,1.8439440862297318,4.0,2.7631461138827524,3.094847604630364,0.2935221058904303,0.31194567735956186,143.1921414923156,25.274066404038543
SUB00706,1,3.8683839505508244,108.47616044834223,17.78467992793191,1.2260383624324245,0.40230286234312396,2.0,0.7637208208934811,1.0,0.32868913544400447,0.5101549386709399,17.234038208488002,16.644499609383562
SUB00706,2,10.155445073084536,92.38238922556062,23.670738013395642,0.0,0.9070172022675617,2.0,0.8248527835506211,1.0,0.4503761306067511,0.38280907728372926,31.39398727883921,20.547348443272085
SUB00706,3,8.335980203739439,75.18949219362445,23.889621955220612,0.28303042209952173,0.14568618847677528,2.0,0.9622768798864947,1.0,0.1698116159951256,0.29556412978056656,22.279293759023528,26.478313417782047
SUB00706,4,12.065182694509872,117.77088863069486,40.55691814579133,0.6633882961262564,0.48949204614149444,1.0,0.8625902157613783,1.0,0.226276418100707,0.5717952727873603,29.91423295634367,23.187043637818256
SUB00706,5,8.341377152327178,97.12867424099416,43.17912616936795,0.41491988222017595,0.8062749905653047,2.0,0.9464750382012463,1.0,0.4862449386709745,0.3355533610745315,23.691462846288413,16.14909151206912
SUB00706,6,12.102205385223584,72.5767492948516,22.037710959974707,1.5836067373920997,0.8564164690718145,1.0,0.5576718792220239,1.0,0.46318574973069415,0.5093263794737318,33.66990032983166,12.855408476212446
SUB00706,7,13.896130329906303,140.10780408475716,18.914326587333704,0.5286469141188425,0.1544396379122821,1.0,0.605043914914319,1.0,0.46330040404726014,0.5897473115317426,41.87380102108347,21.08269163245581
SUB00706,8,9.56738093537096,100.80996498265546,29.52110177892005,1.2949628665412367,0.528074247255944,1.0,0.8958905768508623,1.0,0.4637000455105281,0.5553588471954256,42.853914454376934,11.292744116099435
SUB00706,9,9.111955107299632,96.28601453488118,41.87354852559877,1.0052268848819113,0.918270310462704,2.0,0.780387030235101,1.0,0.21158036356327306,0.5888166164429149,43.2672067752591,12.468403097262357
SUB00706,10,8.133407895338143,151.25780527101455,15.891187593998557,1.7977638023735143,0.1846049447631234,1.0,0.5902504426735609,1.0,0.47478212000064757,0.5089695373439316,59.04269914425042,20.36818625350871
SUB00706,11,14.122556270932535,63.13012648965133,41.88897291594631,0.9551177602333747,0.9756205141177721,2.0,0.7122040345760801,1.0,0.30076495252938606,0.4642038064593902,62.565804004201546,23.391653303675668
SUB00706,12,13.380130974988813,74.074491496498,25.508770016243613,1.4058012147608914,0.9977794308969166,2.0,0.6074206297061888,1.0,0.20260014037794147,0.5685334772263906,53.57404413630322,21.492783682642546
SUB00707,1,137.500715533897,374.17869111307374,45.447949907240975,6.359772697339269,2.858445491753005,1.0,1.0,4.904730911643213,0.4167199688199441,0.3401113578474436,745.9433530482698,16.265569432096207
SUB00707,2,128.81780347725157,422.1112673102951,39.15020194421909,6.035293824845268,3.9136325581970595,1.0,1.0,4.431689132548386,0.5616366497030986,0.4590355450524535,855.311344411542,9.463885455280574
SUB00707,3,113.44303353205794,509.42695036646137,47.68599893810915,3.520053648924742,3.562060212929189,1.0,1.0,4.050713401873943,0.512496179607878,0.3975430150731103,332.6337969957243,27.157842159499737
SUB00707,4,138.10109089546344,492.3837881846678,51.0181908394122,4.432279713680767,3.9009756014290677,2.0,1.8774209047293193,4.586279248079985,0.3229623883354005,0.5079717619195301,805.2558867652555,16.703038194968627
SUB00707,5,128.43077886597487,515.7061098426327,42.04455999963747,6.052037587828429,2.351498739111963,1.0,1.0,4.587387246450449,0.33178505086840426,0.5302790317786272,456.5735695625409,24.697043109064317
SUB00707,6,111.02883893466529,342.72501467509113,48.07485214134847,6.458749913229899,2.9412185384277203,2.0,1.553343822839349,4.4722197175786516,0.6389229299435761,0.42871493453847986,429.0946335348281,10.509671771453561
SUB00707,7,115.76469623264467,372.1609522859112,42.312065743993365,2.8129369580470076,2.481945678545638,1.0,1.0,4.905241403408573,0.4494385419126081,0.47229847696705196,446.63578231866626,13.97121537131408
SUB00707,8,111.1263684802068,498.3274985957272,31.707403092656243,3.282270741636938,3.936904106752883,2.0,1.271929021092145,4.131516259221668,0.40422362452607763,0.49569486073663804,242.6205967928221,14.568876968679128
SUB00707,9,120.5279284607537,376.07941124273793,34.58303523545736,5.433676552294122,2.728309591446026,1.0,1.0,4.650458655206452,0.27215023205985833,0.26862569812722314,739.2049568808995,22.99846380749997
SUB00707,10,112.75175728501556,514.8658079405558,32.4731824244822,3.1033530373281355,3.1197266529080405,1.0,1.0,4.334027995253311,0.262470411198237,0.5063212310583936,664.7684947210566,9.150909692626367
SUB00707,11,128.9086329036104,467.6124282753279,49.03657458260047,3.956823710186966,2.9090526700467754,2.0,1.8124310630304497,4.396599249223904,0.509717041201641,0.5876080945758784,429.7182759635507,17.57514283689599
SUB00707,12,136.92288993013858,524.1245391745058,47.445947752001224,2.4899945060086983,2.610205552201292,2.0,1.3941305538041933,4.644998724797487,0.30532721624077086,0.398428000945254,639.6774009671492,14.435325742796154
SUB00708,1,2.882019123393433,59.20068517592814,7.050222027194842,0.4574476614170197,0.4028832866462485,1.0,1.0,1.0,0.18635144186207103,0.551247271046132,22.575182733931246,25.977627175204912
SUB00708,2,2.681689617645189,27.97556681836111,19.56780590220935,0.44049213450915853,0.3249289924862265,1.0,1.0,1.0,0.4323661590511667,0.30446417552480726,17.875010972743464,10.227233041694598
SUB00708,3,2.449064573383966,55.188981714170524,10.27030101411526,0.04084000162538394,0.1918706498136411,1.0,1.0,1.0,0.5374211364559005,0.4851115936536915,6.096305499664395,16.495209230876743
SUB00708,4,2.9060662057370035,53.854231308933514,15.62991147680745,0.3965825252631261,0.3215936293511924,1.0,1.0,1.0,0.4211453759520638,0.27926066306766795,22.952122252518517,13.080901157533189
SUB00708,5,2.360034211547705,71.32768931271343,19.405262399502966,0.22722797804962247,0.4093589538608011,1.0,1.0,1.0,0.2664759792560246,0.30186924175890767,8.485634775391176,16.887285335669553
SUB00708,6,3.037462770129423,67.63598362409,13.185528741034682,0.14298578242980728,0.06207038339963167,1.0,1.0,1.0,0.26678288839329045,0.3749437694010183,15.496331506375373,10.687376715879665
SUB00708,7,2.817583647787985,60.0933354760556,12.939309861736817,0.0,0.0016728031986514291,1.0,1.0,1.0,0.5278222061608218,0.30074687701513547,19.77685333225187,16.647036838832154
SUB00708,8,2.2114642738918455,58.95666965931281,16.42956210021265,0.11111259935912193,0.07349446475813787,1.0,1.0,1.0,0.23179215044103593,0.5353726877067251,5.072083600645246,19.0558932024451
SUB00708,9,3.5656780653516797,89.76123580230318,5.061835328157869,0.051821073584835675,0.3168742569466368,1.0,1.0,1.0,0.21579475911107138,0.5425131291633132,16.207748282247916,10.187149132481283
SUB00708,10,2.0892168674117526,85.46051909678633,20.439192511376735,0.0,0.4390137810375995,1.0,1.0,1.0,0.423105387455433,0.566462667357442,14.084426219717177,26.929516176316
SUB00708,11,3.977697871130903,31.07665564777261,13.099607281333114,0.07043509190285807,0.3971380532352131,1.0,1.0,1.0,0.2059081616729062,0.3660487051221289,9.764721330158029,8.989633920488604
SUB00708,12,3.20337777597533,54.6857351088437,16.361499086981475,0.33280019210214623,0.4680049431426771,1.0,1.0,1.0,0.36255601483978084,0.5615530549398656,25.574510711421592,16.766858592430577
SUB00709,1,120.05013320076199,272.80451227185847,41.328117225080575,1.53132484404729,1.3889770390943166,1.0,1.0,3.5157477531413317,0.3122416449437255,0.34387503906869166,447.8781143747991,19.279249048614403
SUB00709,2,104.98503248406912,238.7049744484409,15.041662820237384,1.1511943305926269,0.700014512515921,2.0,1.5757431391407406,3.813553382261669,0.47215805159964974,0.3451164804239566,232.48740375703304,13.986865879798088
SUB00709,3,120.6784350004854,244.53051567285715,29.626099049844182,1.3887264381659599,0.6368452200741395,2.0,1.3980572338720196,3.5698078453916566,0.44165758496063123,0.3368444990361606,383.2180925935488,16.282516429299605
SUB00709,4,106.88471764424314,190.6441428196304,31.474212282393736,0.9666321015664445,1.00589295493833,1.0,1.0,3.2350023663446796,0.38014832738721216,0.3050207901742523,844.6782691883649,27.724692453823806
SUB00709,5,121.89665296145583,286.74756542038716,32.93662560148543,0.6113446215376807,0.9895163618430771,2.0,1.7455910743085332,3.835648398704953,0.31050188058218675,0.3969660416978221,719.5091671464511,17.422974697184582
SUB00709,6,115.77157252754927,223.86238981096892,28.119001167477496,0.5165558851771137,0.15880546324636463,2.0,1.939524153744745,3.931400669615594,0.3233501901480722,0.28803884611627406,283.84133493216365,15.447003683524574
SUB00709,7,94.74939359107415,272.21007275882,29.55821757985094,0.0676861896636145,1.0981196600388994,1.0,1.0,3.1816131173836375,0.38520660981787036,0.5518890510090566,387.53248314671845,27.94395076508034
SUB00709,8,111.1828275435848,192.19764955278004,22.758020978781218,0.0,0.9756226268351675,1.0,1.0,3.4341835608730387,0.39998069852184903,0.4136177590989809,720.1551923423334,21.5279048976195
SUB00709,9,98.89389373962966,244.40771202359045,17.07747098269493,0.6619823781762746,0.48853826604310935,2.0,1.9833005216086845,3.542088942442218,0.4527560715322021,0.3577740733728264,451.7501717340391,26.535200582188565
SUB00709,10,102.18441612889195,240.5371827165217,16.355431487875475,0.0,1.3579482444102622,2.0,1.635399450445291,3.974256763833463,0.43951748794394585,0.5655911887491302,283.01036115874683,23.8779487276874
SUB00709,11,105.34972585906468,177.90602597153878,18.731247905000664,0.0,0.13965291992519374,2.0,1.4899134421209759,3.302621026956765,0.38371994847344537,0.3434493639278654,534.2134140396881,11.162798255772776
SUB00709,12,123.21113196925948,271.876828225112,23.857889263696165,0.0,0.9741401281023946,1.0,1.0,3.896517713593976,0.28843495357524096,0.5553381867750264,560.456007904338,21.074537886755188
SUB00710,1,37.19243874074043,263.6313109793396,45.68171815151118,14.632142005068593,7.933931130804984,1.0,1.0,2.0479881689991632,0.5164059730587474,0.37276732820755676,100.47239492033947,17.898622351277837
SUB00710,2,36.23075214931261,367.25349807675747,62.82909143742399,14.532141214826453,5.65893834690927,1.0,1.0,2.5895385513794027,0.5494415588517824,0.5367444022038103,161.2723942675552,15.149541119345614
SUB00710,3,47.81672304599029,308.2347326833536,33.33744318934636,10.492120415831929,7.400185087922022,1.0,1.0,2.167284887417806,0.41889296848677426,0.4543585327665535,175.48536497618463,24.40451927203898
SUB00710,4,40.91015872155368,315.6736359585308,50.63940809589922,11.990579501698052,7.763139389216102,2.0,1.2483149754481715,2.572887761818765,0.5303573372897623,0.4057201733979434,89.9586632479683,12.92368453907253
SUB00710,5,37.61703264623348,230.51890984524402,56.51886432639827,13.42661807207789,6.303417199141343,1.0,1.0,2.694658856754085,0.4493770597038502,0.4668034463317218,285.6740276746371,10.092250858768125
SUB00710,6,34.11891019801324,372.27523327093405,47.58664829765964,12.738135392434042,7.310481397279671,2.0,1.3021345310436556,2.3126350998793965,0.3301102410406407,0.391080891615853,153.87263273130327,21.775787872265433
SUB00710,7,48.55426989556399,369.2566465358095,32.95317034842347,11.888199475645925,7.903903833909865,2.0,1.333633383672149,2.6017478456438385,0.4467480715828691,0.5380529483408378,381.5742406477276,11.226559563805777
SUB00710,8,37.9666936692595,352.6733483033116,31.596060974522022,11.837698114816675,8.977414610433877,1.0,1.0,2.2858650680670287,0.4573131735308371,0.5533078131399463,218.90941084800244,26.044326470506643
SUB00710,9,45.10357881178126,379.7195104716667,62.70919352128365,15.203313040313263,6.104059512987556,1.0,1.0,2.007223925704366,0.4349921157125981,0.31758092351237915,300.8414959902636,16.865730228564576
SUB00710,10,38.64915454757475,267.4954076593557,51.418392191530955,11.955350283778941,8.16192626264695,2.0,1.8731456825872685,2.336087188752795,0.4422106145166165,0.48949507985556884,188.97843232550437,16.779171782496125
SUB00710,11,36.87190151512646,409.9689389467405,39.51907868393558,15.168503845382096,6.439397470991889,2.0,1.0149271150523638,2.490462450327194,0.22542562277422631,0.4523114501237345,161.8311796038041,10.693532925594189
SUB00710,12,49.44109520517337,273.5516104630303,58.121530492608144,15.525352568278024,7.3532454335199935,1.0,1.0,2.6232428803211296,0.5392332458661606,0.34969865749019186,203.86031039665315,25.080748026187695
SUB00711,1,0.0,1397.2242319378622,50.83855344999895,1.2490729519128922,0.45527565955788113,1.0,1.0,1.0249638982469105,0.3204081011070973,0.38371187752100927,1.0,11.944868081952338
SUB00711,2,9.006444555570958,1680.8069432250059,68.4312305504054,0.9020897639164632,0.5970543213595547,1.0,1.0,1.1478857061036307,0.43538889713815665,0.5818689874484895,51.50786668173053,10.01898119678929
SUB00711,3,8.94605836448691,1755.3660018506368,73.60737561312169,2.652729154321633,0.7501801007080917,1.0,1.0,1.2183274876952068,0.3921070540908981,0.5044696006397937,27.23892887609751,8.795587089900021
SUB00711,4,3.56357063787065,1735.0937466656376,77.83446383687945,3.457447691053255,0.2712746081544569,1.0,1.0,1.9118934689708702,0.15669307333329113,0.5328169097388732,13.459521537108829,10.026536238529602
SUB00711,5,7.160415262961006,1486.8326250640152,66.8415292289898,3.591264307350433,0.03815477393414746,1.0,1.0,1.5719033627919274,0.29107226854652263,0.2619592024809024,46.3347530622382,13.733984671873987
SUB00711,6,9.544663306649271,1737.0709521052859,73.40665263222894,1.9883366430679927,1.4062989934537269,1.0,1.0,1.1350566320823083,0.5477893991277863,0.5309300833685895,71.2922873747284,23.889486997680997
SUB00711,7,0.0,1365.5973720552136,42.39641396230564,2.1423972631843853,0.712346915777323,1.0,1.0,1.2123236907718211,0.24686065666125226,0.302299926337141,1.0,26.979185926876358
SUB00711,8,0.0,1305.0240498827138,47.007351411745034,1.9498022209355823,0.8002647834054928,1.0,1.0,1.4429374413218046,0.31627027062266433,0.5015163323236238,1.0,9.12758143134414
SUB00711,9,2.435769810747605,1242.191140791752,72.55023918975274,2.1897802801594572,0.7359355474337038,1.0,1.0,1.4268830621941593,0.28787119162516206,0.3807849676443876,12.582772898216954,26.453598813368398
SUB00711,10,1.2976505811849144,1419.8228231526855,47.497883617659404,4.182148901921052,1.079593887688644,1.0,1.0,1.257988064525363,0.17128800400589075,0.33223941519980515,8.661786905716,23.77605099392185
SUB00711,11,0.0,1285.6309151257453,56.91237394121033,2.245868591699894,0.5376177486590314,1.0,1.0,1.674871989322671,0.46025385021759846,0.31741196955929063,1.0,9.96647823616181
SUB00711,12,6.507486636015999,1696.7442796470523,73.3857411704059,2.8254191526559396,1.3894554962821402,1.0,1.0,1.2742519785975615,0.367889866390796,0.263876060515392,46.14045620797266,20.336588719182586
SUB00712,1,70.63787115408631,700.7558558235046,80.82894126878676,3.9392777094777354,3.19120455205457,3.0,2.752885588603284,3.9588990272222766,0.6386732554775928,0.30726041252198455,359.0834195973707,16.896664386763568
SUB00712,2,59.19205161354219,740.9324291904451,89.39905508914975,3.2605848748094597,3.1435706595958095,5.0,2.5624248941056935,3.2045270713937186,0.3876327821568585,0.32464068228167997,232.1260157889789,19.049909359957915
SUB00712,3,54.1274214595688,464.6088150996699,62.5717121575483,4.357462946948216,2.1789115164575477,4.0,3.3461851073431563,3.2800645654114615,0.30185342013347005,0.3484662829003168,338.36251529179594,14.71901821581411
SUB00712,4,56.870536803269964,760.3598047653894,103.3789666173735,3.0809766512866825,1.712333511811879,5.0,2.553872132069054,3.3955735510549436,0.27723308934064145,0.46933965147366363,125.77147713560036,27.80031440781596
SUB00712,5,66.7515670948632,481.1168898518915,86.11422331660587,3.0506715522002903,1.5657208606436466,4.0,2.660163714116325,3.371480633999783,0.6023094171017341,0.360216113126538,475.6883260025921,18.513847391512094
SUB00712,6,49.432942835615144,631.5678498765036,92.64389164688512,3.0639444377892,2.47768958691083,5.0,3.4695991762804153,3.146438760346727,0.1589436315713664,0.5751643382056195,257.17961769365206,16.456294090653135
SUB00712,7,58.43194035005268,577.0529832365663,65.47636285299923,3.3273304682988902,3.2687677444553485,5.0,2.865446246998456,3.7442085270693832,0.3344327409682969,0.5741093776979678,189.3441721185641,20.023800640971206
SUB00712,8,71.12674542010417,756.307740021629,96.53026981794576,4.625363409033791,2.5202618210646954,3.0,3.0,3.8443698103293626,0.5977565537287218,0.5629229976227729,486.7515850259258,12.643540659790064
SUB00712,9,50.22377717342023,685.8331194891693,83.80181271601508,4.748687423213273,2.328709981612911,5.0,3.0940824585161937,3.251394344140495,0.37484847531656285,0.40314197630568693,378.72292187746064,25.2906341611785
SUB00712,10,69.55454153686519,485.483385182756,72.59618722817723,3.9060823046155857,1.8748756781804494,4.0,3.1796820349420463,3.128303182714316,0.44756115173457245,0.25238396228420557,215.9954856844941,20.222397621737716
SUB00712,11,74.91777689276967,604.2503725500841,118.9951812787707,3.805391540490919,1.8380717511597267,3.0,3.0,3.9340486736486597,0.30246329454379695,0.4225744446365907,293.3426837128487,15.561862704394994
SUB00712,12,72.6253481183446,757.1464692605866,94.05396582214243,5.091074898498758,1.8217292023218228,5.0,2.8227557597325905,3.614694823129586,0.32856752533794087,0.36781186881945815,409.2212623476488,25.71896596196221
SUB00713,1,3.1641067871711597,146.17701006048011,25.474996927565105,0.21736269598515834,0.1620525686769293,1.0,0.5939213487555917,1.0,0.42667505992215504,0.5122795929583093,19.408522158281887,11.398320430961075
SUB00713,2,8.344275164933563,97.12181345900974,15.352113894991227,0.009188503621210292,0.7613532877446044,2.0,0.5293734749615322,1.0,0.2789727373862213,0.3234389238207805,50.976863565363054,19.11720213508737
SUB00713,3,6.621018053553046,135.820447626007,31.544941551144994,0.6801275590644396,0.01736525389120047,2.0,0.5184065433360034,1.0,0.4099077226995902,0.5194961598111303,29.271171946419305,17.888981413994664
SUB00713,4,9.970533431703922,148.9623028393408,21.00235567844169,2.079026537079256,0.3778499510143968,1.0,0.6887426828243822,1.0,0.37929343856454734,0.46192579946458645,46.836934385417784,10.194646999686704
SUB00713,5,10.367522790841154,150.37507006927217,18.9891893213111,1.574112332128994,0.6576340870004024,2.0,0.926956488793214,1.0,0.5077475398363309,0.389164468592613,31.89842226034095,25.10072431615728
SUB00713,6,7.737650388840646,144.9747884287472,28.91322798107837,1.3797609496948535,0.4043049363550135,1.0,0.9711031764460383,1.0,0.2785271586140936,0.4364946740680408,45.901087522633546,8.313225232766278
SUB00713,7,1.9202059824016626,90.57531200633187,32.085870428060815,1.6415555050049098,0.7349717153579083,2.0,0.5310865541603599,1.0,0.16391631633496329,0.5866290429113905,10.204077352403575,12.660912928925303
SUB00713,8,4.449256331626431,126.65256553427622,39.852648640803245,0.6730637406228122,0.5872191552199063,2.0,0.6777215876610274,1.0,0.47759680777632063,0.47294786512122833,13.36550238979989,12.345882795416397
SUB00713,9,1.9248374814682403,72.73064538567827,16.756356759079438,1.0113456808866046,0.17569267308309733,1.0,0.8037898158872976,1.0,0.4921798943961443,0.389274219375321,14.447852708134835,25.283347806614664
SUB00713,10,8.390690579124499,148.7719608772552,31.528642559953298,0.5148350330677314,0.8663174580056509,2.0,0.7951327998489968,1.0,0.41471100925784476,0.4764526558741865,36.18055440561514,14.95744339067437
SUB00713,11,5.144038233128411,159.0875893900556,34.52253375686982,0.8253127225868542,0.26080014885011504,1.0,0.6102927391416109,1.0,0.43509026261116523,0.2941977905294441,19.25512302679733,8.45861011665406
SUB00713,12,6.631594175981464,143.1028710286159,38.4243441799257,1.9730774143942256,0.8951855829980588,1.0,0.9616953513628981,1.0,0.35773833645346864,0.3451326433373009,50.434769984260114,23.691682579179115
SUB00714,1,128.08630365080427,505.9296164957062,50.89590245793427,3.4216082779377825,3.1470850288040997,1.0,1.0,4.364247907123025,0.2548798044582551,0.45733461495008393,258.5005767449747,22.493434408146907
SUB00714,2,111.25023699145135,455.5794587775349,47.93888153997227,3.545317295273593,3.5705069914073135,1.0,1.0,4.980586886583051,0.29362529557621225,0.32446772247890276,557.5816933756081,17.786988383553734
SUB00714,3,127.40847056786278,369.0953070572962,35.74381471259466,5.4507162120893815,2.4300433890641333,2.0,1.2664035220189578,4.060587509418727,0.5267986369357004,0.47863710419792904,911.9350470617323,17.44415762480014
SUB00714,4,125.00898656468446,517.0681474234086,32.525843729623155,4.359866335795478,2.1242909434452493,2.0,1.4387840312289244,4.802479969055003,0.46932212079669877,0.41909002348917235,281.3548984540064,16.121998983366257
SUB00714,5,123.81084720953201,503.745166360915,46.81947167522315,3.857413019898963,2.6192377054135427,2.0,1.4993054284164833,4.709111556359994,0.4102475830464457,0.3998941331078686,633.9751193294696,18.676071732912742
SUB00714,6,121.07075562943552,433.9525943232269,41.01854851051772,4.592412112601972,2.7553199238322437,1.0,1.0,4.401066353991223,0.3865910192159481,0.251494151355577,887.6973803155782,15.98481553410403
SUB00714,7,129.06416244234407,355.3875965318715,51.0970455883683,6.0499469857892745,3.9599239114165212,1.0,1.0,4.488857438441968,0.6392875615750206,0.5691183736381378,961.2671292478374,16.875139862853647
SUB00714,8,118.25930763368383,296.80110339238473,42.648988947769425,5.633127286044102,3.5167235341602687,1.0,1.0,4.195940775795725,0.4264820738541031,0.46665294534555946,663.9976409232406,21.199854020803457
SUB00714,9,124.98163010686656,390.8289745228436,52.751704343872284,5.582435807645031,2.382728179471699,1.0,1.0,4.268154794988841,0.40453567676847946,0.4878451634065071,405.823476549885,27.606779275112274
SUB00714,10,123.63130129636559,289.39758114806165,42.59752254192304,5.02843290574594,3.7792291376768627,1.0,1.0,4.96227832396487,0.6138089718260343,0.5617841004835187,578.0445671647641,14.278020215918243
SUB00714,11,126.73122143996179,375.98036042489565,51.958083739217926,5.222128535719792,2.3977637139849812,1.0,1.0,4.383340374473589,0.31440194413016886,0.3660230633402885,522.7700149282699,23.11892952621502
SUB00714,12,118.51888054114305,399.4221199271192,42.11241713282866,6.316037616377938,3.0580391497239887,2.0,1.2567308954721867,4.849603306586884,0.43949143246626077,0.26069438987889626,916.8408921082809,10.15362717960282
SUB00715,1,3.7844933377423082,33.34115119507348,21.071686625014298,0.43726471971324943,0.17224175800510594,1.0,1.0,1.0,0.3518733876444802,0.5456951418295115,9.625199851422014,10.153894887749868
SUB00715,2,1.1857165116690225,25.82496412019649,10.813251836630613,0.39995966109238995,0.4293494907461115,1.0,1.0,1.0,0.5485710440625587,0.5420682071638969,8.302151527908253,13.988452788547143
SUB00715,3,1.2078708301478582,69.44124918247483,12.193010038559308,0.6850773556961736,0.07335294000721426,1.0,1.0,1.0,0.3385585479362739,0.4584799949853713,6.976205649475932,19.703809149585812
SUB00715,4,2.4383195146779446,57.635680284114954,7.765380318534163,0.2505020476037404,0.1343279832110319,1.0,1.0,1.0,0.32170632893875617,0.47322856602397256,7.33024858120542,19.535866772809
SUB00715,5,1.9923318482287444,53.18798659325751,11.297055686891593,0.5407992501490049,0.38792877015749977,1.0,1.0,1.0,0.5260756853569833,0.36899635220380783,11.00052419060061,9.53487570473482
SUB00715,6,0.0,36.18163186058013,24.648459801003973,0.4660022914932766,0.44598154709044785,1.0,1.0,1.0,0.43350042578313563,0.46335138644489143,1.0,19.86131114996656
SUB00715,7,1.4027710260997142,38.1594568460228,10.803712253983216,0.9521615172634783,0.030865399271121696,1.0,1.0,1.0,0.3368255164882652,0.33799120575514374,3.322476733727934,9.242443262802455
SUB00715,8,0.0945802543960963,23.630858162560727,21.429331494382176,1.0300307179543118,0.08783412570836735,1.0,1.0,1.0,0.4146089704308019,0.39244380017866853,1.0,15.860751497384781
SUB00715,9,2.1090421454092065,19.63537995362934,23.87822276434266,1.5673935411975979,0.11118215998692077,1.0,1.0,1.0,0.2598008784325033,0.565451894799491,4.852528532692269,14.016426969478106
SUB00715,10,0.7377759125923817,58.88667393800131,17.12071876925028,1.5743718719301245,0.26456251375399525,1.0,1.0,1.0,0.2747415305136801,0.519050395238892,4.155970359237907,26.135155497393903
SUB00715,11,0.0,17.93625050520097,14.57881136654171,1.6460690155795974,0.005270402606667279,1.0,1.0,1.0,0.46251989776768454,0.5865102122345227,1.0,12.136587185021458
SUB00715,12,2.739464811292436,53.17521370087566,8.466658654268526,1.6502137727868909,0.1029943211753378,1.0,1.0,1.0,0.2025671620807747,0.5130920668673877,5.795906815094224,13.045129710017498
SUB00716,1,122.84023135471867,228.87214944222669,37.729021964082506,0.10727017174611082,0.25851280576379787,1.0,1.0,3.6628573180035344,0.3001325932626091,0.3108753225983615,316.18972306159503,23.372556301858936
SUB00716,2,106.22219305635461,334.2444517333816,32.17586534581478,2.190271364286182,0.2236189342837444,2.0,1.4638365784176626,3.69175351373803,0.3577370870071386,0.39415196464035396,661.0784559618272,23.444462634527603
SUB00716,3,117.95729046072866,216.65946788071327,31.04077909427254,0.8579876931100472,1.3564820526795083,1.0,1.0,3.017027135393521,0.49225126219461446,0.3983567901742331,895.9855410589388,8.098393978488385
SUB00716,4,103.08199446131877,224.61936957605997,28.59066416007191,1.0072095987371357,0.20706096901204035,1.0,1.0,3.5198778414138863,0.41656560593951775,0.2818928425333812,352.7518627103792,27.569825203144344
SUB00716,5,118.34622964153179,165.75114249771542,20.252070979024857,0.5028817341944424,1.176449992400498,2.0,1.9567330699381884,3.680438439372045,0.46400919347288616,0.4808486617545996,890.9219660785457,8.048292672489698
SUB00716,6,100.9465120969889,295.11444405360294,16.190065456815383,1.4977134954440592,0.018272106479748917,1.0,1.0,3.376634406013975,0.44509292339768414,0.5921667560357327,263.89572248339545,13.479158194992307
SUB00716,7,105.12584455682921,256.89842105770094,44.48731996791813,0.38271940647351477,0.8108169586610052,2.0,1.49092745936484,3.0287318502753107,0.48748405008102047,0.5080218871615927,566.3005145024154,17.164597449572586
SUB00716,8,125.84709787939502,277.4278327861544,43.799409200265856,1.1941105438058215,1.4021274910940864,1.0,1.0,3.4327834214258015,0.5499586567802492,0.26121747175902865,597.3199020134203,17.59671497397487
SUB00716,9,107.88004838301791,219.55156227272306,28.261254117225704,0.5745557561078736,0.014315690616915011,2.0,1.2900109551458865,3.567128263026842,0.34663222755253387,0.40485923081450526,322.2037564318716,12.216538511847332
SUB00716,10,119.46486367049216,196.68400165383298,44.66890571173134,0.4951218891431056,0.9942486044166663,2.0,1.334942269701069,3.9288674447173166,0.40085413080352494,0.5659519753324028,517.041993031365,24.194026826301698
SUB00716,11,110.10674499424621,234.84846567632044,41.69936141675376,0.8386948014910934,1.4166679012393386,1.0,1.0,3.784144544017105,0.44004101858401623,0.5584115346547852,689.3788792364738,12.312827836463134
SUB00716,12,115.72028991451404,152.8711554269936,44.582690035012625,1.2939759507118358,1.3842022448171738,1.0,1.0,3.6783694979610617,0.5384578751231376,0.33193488463442916,259.15726453112114,8.049111205655521
SUB00717,1,35.97010672550745,367.88957403798366,64.90843778007908,10.735498388931108,5.057690669308297,1.0,1.0,2.9717011877283928,0.41908551738883937,0.37952089086982665,151.6269353558917,25.750536507138655
SUB00717,2,39.61679182628152,325.1462285504939,62.82731093542718,15.048791532015391,5.128466218033928,1.0,1.0,2.927166978961246,0.4813836220783362,0.34883341468498197,123.80449353028096,16.433804811285064
SUB00717,3,46.542579615195066,326.576181090592,35.526277168394884,15.638464475732823,8.29420279608693,2.0,1.272903020354478,2.937564111484727,0.3637549943970201,0.5740359523201257,115.33556736532084,16.397496136246147
SUB00717,4,42.32303943697979,245.8119394883426,51.40288735518023,12.035527173980936,5.154669327139792,1.0,1.0,2.255815157021004,0.37139410858549604,0.3540014887403124,177.48007858530576,27.741204084556657
SUB00717,5,32.22343683164095,363.31450861700444,64.80499841026277,13.965294254946997,8.498034915043114,1.0,1.0,2.2571566443439153,0.2547033362807797,0.44046041015812976,71.21966024810352,22.6518409383618
SUB00717,6,40.1561422838384,295.9631749197659,63.20298058991006,11.81068884388049,8.749982469866355,1.0,1.0,2.9436272744460883,0.3338396518662734,0.5094066740603052,175.51662995736189,18.30261189774002
SUB00717,7,47.995148521679255,342.86675678414036,48.77904687110771,13.138992327870229,6.081166028252865,2.0,1.9585698477354,2.570475872569255,0.15614602473117606,0.2732248606296908,321.85877434867945,10.271971641895353
SUB00717,8,34.58316587705734,370.9600769003532,41.74971771622664,13.996363945467861,8.651810272739603,2.0,1.9077341799995537,2.7243929907851245,0.34628861723101434,0.5844473910235949,157.6102096040479,19.582378589248492
SUB00717,9,35.6177052151475,217.63094162527568,45.72023212970171,10.742111754764093,7.414535854015757,1.0,1.0,2.7508065606885466,0.45121149137107,0.5056900560779721,233.43641968614182,13.425597812926606
SUB00717,10,48.35762684512091,331.07658673335726,35.58251673581318,13.638477642700588,7.657703927610337,1.0,1.0,2.3975867671744955,0.17954760629642802,0.5412309239919754,120.11638507929155,17.205179653963295
SUB00717,11,36.892043059745546,285.56217473045285,42.66685683278092,10.759897804568665,5.746144670302628,1.0,1.0,2.9093711517927554,0.25738361927431014,0.44070229821160745,288.44127344294526,26.313311271201933
SUB00717,12,51.546106514159646,362.5372948885368,36.32334737428272,13.738280137024008,5.797255802694673,2.0,1.5551478978018412,2.124058988063141,0.51988586299757,0.2580511811298186,105.16904647572844,24.99742621051699
SUB00718,1,6.800611442552854,1335.8215884718256,47.57892056920616,0.2363408857361642,1.2156240073124194,1.0,1.0,1.379605727257502,0.1837184894478061,0.585529980007971,41.82124207271553,19.804630510636496
SUB00718,2,3.266020540309684,1262.6673272348894,51.970853398110705,0.6135265165578787,0.15723324396753763,1.0,1.0,1.452773690734976,0.38666183376891927,0.49456133418002557,14.363638388995879,19.032114933012288
SUB00718,3,8.301381510222777,1797.3244160573995,46.31974030893259,2.1857311894471185,0.053169525630808345,1.0,1.0,1.0983727906748082,0.20481246257506683,0.28918041142478135,51.81294605076966,24.955458644908205
SUB00718,4,7.844601340001039,1209.0015873526088,51.92096022414159,0.47950268290981046,1.3169675253632867,1.0,1.0,1.8605281508591065,0.3974228162022993,0.47872314374135216,48.92808759877613,13.490148556840877
SUB00718,5,7.397504868164246,1293.1958438394179,44.34190189783934,0.010046619820046343,0.409843071118852,1.0,1.0,1.068931731321025,0.2742520668835356,0.38220278117934503,59.09558629947337,20.944737491742508
SUB00718,6,4.028428820676686,1349.2471214277177,51.38763682286278,0.6089799786682777,0.9151098187282346,1.0,1.0,1.4887945042191988,0.1923790495724269,0.4057148932226474,8.664358882520569,21.704498422964964
SUB00718,7,2.505226530813292,1309.6415185114877,45.49673179235472,0.0,0.7683440022294498,1.0,1.0,1.7268683658342976,0.5372845967638152,0.2557904876520466,14.918503407168718,20.178732068203963
SUB00718,8,4.2645945616909895,1446.041486453787,77.74103993205338,2.0799303156999276,0.6094409860600476,1.0,1.0,1.3130469364581012,0.3903551875373623,0.31895422039772287,14.516167719253255,21.25622515109426
SUB00718,9,2.846189962530464,1374.5554205307321,46.79259455443493,2.0502951432291905,1.1417506184273656,1.0,1.0,1.8084066021998457,0.47637899771943937,0.5628752346462773,8.779320024155412,14.17946679930347
SUB00718,10,0.8882859066051871,1369.9410864078607,45.73865623871165,0.47125372058268833,0.6691207835950306,1.0,1.0,1.5660566344204851,0.2789560105211474,0.39082527604475725,6.806097339369507,17.04891904632634
SUB00718,11,0.0,1649.9650008572366,57.54139058276172,0.8941995040169415,0.34716085816340597,1.0,1.0,1.925194093563561,0.24217895263879075,0.5357231166714476,1.0,9.18110941416716
SUB00718,12,4.605114340150982,1447.2274993419212,63.79709764342422,1.7590852086324913,1.2196496315847667,1.0,1.0,1.9053622139618565,0.24514257687277663,0.4853919438504065,11.310729895308086,16.127678612611998
SUB00719,1,59.70466178727326,790.0068019555567,112.09115226420488,2.673084854950021,3.1590343375377374,3.0,3.0,3.021630712400505,0.3702532521786772,0.5410409619933354,456.0466827257712,12.754747040477081
SUB00719,2,77.86420617022173,597.6018435400308,90.96277408060129,3.0962412895281224,1.6330065375082106,4.0,2.5702317877729,3.0230705655625663,0.3882774967979301,0.430803205764949,573.8828353884643,9.385431464345912
SUB00719,3,67.04834799135187,802.5805307974882,99.99051396927734,2.059976021465723,3.4478693374512517,3.0,2.7725761233750905,3.0512310276040258,0.2632788336581376,0.4148115647032603,348.433864419016,13.310860412202011
SUB00719,4,72.82682909372743,525.891131671237,62.71928055271037,4.794663059593409,2.643581543001426,3.0,2.672953499646432,3.6049703766538306,0.3686270700515236,0.5097128454628658,216.43480693952878,16.909852607949574
SUB00719,5,64.0643166352919,478.35599202809976,80.04100269932167,3.3694822671986984,2.0130770152638062,4.0,3.1959010914817494,3.8126186764930883,0.2793065267132263,0.4910724552153746,405.1730504570952,16.389456125531904
SUB00719,6,70.30501948165536,642.0879219675145,76.3091716668294,2.749895707236336,1.9432213383291244,3.0,3.0,3.511949015935836,0.38862517483487946,0.44393790457282456,425.2049574302645,15.985684097463583
SUB00719,7,61.08773545869459,561.6329609555246,64.68477501824817,3.371584465125615,2.064959530898534,5.0,2.505557909128753,3.708387762831307,0.596338766620359,0.4815021529263212,360.0815230342288,18.876395475614796
SUB00719,8,65.74904491799045,582.0752654083361,69.64255915891086,1.7707306683091064,2.9478757586916506,4.0,2.7324387396139023,3.127235633145316,0.6210489790890579,0.5625734186814726,348.6031359975915,20.734915898249064
SUB00719,9,68.3460865680639,699.3845381532852,114.17498755001954,3.1331735553107802,3.27147592909155,3.0,2.859349038427595,3.556286690770423,0.44989483727413204,0.5046002523306081,261.14801813563986,22.849317136282643
SUB00719,10,76.6194654954845,498.8517158658961,100.75548810254354,4.134385871042362,2.544304998615568,3.0,3.0,3.2054562477109707,0.5557858267640212,0.49507458677310406,544.3602020773149,11.239309293169297
SUB00719,11,64.58345279896436,552.6421794804636,88.6755063873719,3.335689192294832,1.6716497404318316,5.0,2.931520544962584,3.7094731156454652,0.25287585251116174,0.39745116604569036,342.61661321777916,23.770053993574194
SUB00719,12,62.19492077915698,663.7855036062989,83.0029906482272,2.533320566916592,3.4650184826343406,4.0,2.8546867647768233,3.571413287472093,0.45234764455722865,0.35643866451373785,228.45910496341276,18.394231429175658
SUB00720,1,6.300771804060316,122.20000256616325,21.463523459472377,0.44919178972468965,0.6374136125722549,1.0,0.5205313809551717,1.0,0.48353830502904505,0.4259274646866983,28.249221175102626,10.409524257006836
SUB00720,2,3.9222408216731433,98.69469133360289,26.979345859528962,1.8498566753331775,0.21772074378019102,1.0,0.8222972722330594,1.0,0.42631527012272885,0.4586903980426127,17.83488316891077,15.869330102715637
SUB00720,3,4.827487267475702,78.7680704885692,32.71796080753374,1.5016362548208557,0.2858070633495271,1.0,0.5156727908623451,1.0,0.2542452697096007,0.5689627237647827,13.71534272182832,17.367516513725988
SUB00720,4,11.814143815134754,63.40118933480256,16.185680212011707,1.6346063562037267,0.07129619979402935,1.0,0.6565708728068247,1.0,0.22151980813777133,0.4457274594108419,71.86646547443682,27.677090943711217
SUB00720,5,12.417171090925832,96.69443529189547,31.522472725586255,0.9013266128032248,0.7714618785276169,2.0,0.5840499315044906,1.0,0.20223027408337377,0.5192506268838155,98.13161633970893,9.539383876487122
SUB00720,6,6.558950293680389,166.74627118676577,18.524388426627322,0.12919502343809378,0.33345569823857,1.0,0.6556643772086745,1.0,0.24804679813616684,0.49272533336205226,34.893397337485816,22.56628046219647
SUB00720,7,10.082035419350616,128.95119677662203,41.94374173872617,0.20930203165436478,0.4071402653897894,1.0,0.7763427610689249,1.0,0.4221645940312908,0.4510104930773058,26.577284309942335,15.974667702252995
SUB00720,8,11.60389893305955,104.54421934758635,20.05782180163169,1.9894075118085763,0.8697917430182814,2.0,0.8589544986197635,1.0,0.4819345748335616,0.5400136911902327,36.18523775180382,13.43607914998524
SUB00720,9,10.614832047622674,104.25453570449312,25.503678889275538,0.8971463886200557,0.682941171012257,1.0,0.600639907619372,1.0,0.5188641606566534,0.4330976054853927,45.78401816958968,21.627026753577834
SUB00720,10,9.698026562284674,178.80512366636776,29.68767349381833,0.45530064259624525,0.029308662123125995,2.0,0.9334456603245733,1.0,0.28675922540208404,0.3113751359837053,68.82380758414149,8.733404851407933
SUB00720,11,11.312981263279934,130.08807574163876,19.462396710864,0.3672484087355214,0.20579867028949317,1.0,0.5899492302721108,1.0,0.21433834889855516,0.45665184109698653,27.540830404311745,25.79388182416889
SUB00720,12,9.88456450884537,154.50461925388163,41.811859803279916,1.4208018007788752,0.07691756921254356,2.0,0.8717225156353892,1.0,0.5183118453650084,0.28083345729863696,61.37881190829206,16.998802545023537
SUB00721,1,113.45137873983703,427.6250596737871,46.337014138851096,6.671218709890754,2.599752688687663,2.0,1.0759458914488826,4.340895071660402,0.4695586682546623,0.429362139208738,850.6049231388139,27.526059399941943
SUB00721,2,126.65479241709062,426.1519655694291,42.48784373077875,4.314014286468759,2.183771975164193,2.0,1.6911203669427863,4.001567192085573,0.2654487654944389,0.3763145324579029,451.4857474306802,27.89609002702671
SUB00721,3,120.18916404697508,512.6731977589329,47.86317655449368,4.391408870310408,3.7882645100738706,2.0,1.1237222909796238,4.995728585489191,0.5668560166731699,0.44662872443404134,691.8960359390989,12.392808513494401
SUB00721,4,128.65512144297708,305.75895120019305,54.48182309953519,6.449807715758009,2.0968683886392867,1.0,1.0,4.688699803897063,0.27167762437107723,0.2955020057294214,877.8684920687487,18.872495815362416
SUB00721,5,114.43207467593264,421.04638994466166,34.929994662185976,4.9767195881545785,2.7732458474408763,2.0,1.8858247030518984,4.3658323742569705,0.42626646961949577,0.29088623997976165,588.6884489714206,27.172227154340632
SUB00721,6,117.40063779808001,534.5868264593629,43.437805871877316,6.113786897963323,2.0573836784374517,1.0,1.0,4.632210460162551,0.259265628975354,0.33941626680289044,736.1345314787671,26.554889875918608
SUB00721,7,117.45693168509959,436.0158316336948,47.93437185379696,2.7847628330252325,3.1838798169297986,1.0,1.0,4.477898075905765,0.37893774180431805,0.2757981617709009,740.8610420578156,23.116461479296873
SUB00721,8,107.7346849307822,401.0229449461851,53.21140809907517,5.280269415185637,3.519485718794633,1.0,1.0,4.229880167430229,0.586190354671744,0.4019861885172228,419.40626744489686,22.919503342521676
SUB00721,9,106.30160527030739,451.6001907747469,37.97551779198721,5.542843203462249,2.3944919865423584,1.0,1.0,4.173558658526002,0.28544870517418375,0.5426851666723724,443.66500477434704,24.089838608236317
SUB00721,10,121.44391022923372,462.3172847764855,51.00000019942499,2.7712442742088563,2.004681879773967,2.0,1.6938031927059496,4.025067638448732,0.5813586982064178,0.5336920600495401,554.1043305952559,15.871743762717538
SUB00721,11,106.66874602455522,381.4119945360504,49.02097639690507,4.179596293871197,3.3473845283379546,1.0,1.0,4.0269018784977035,0.4509978451408547,0.3548272592481423,393.737672852069,13.12307700422587
SUB00721,12,122.28446454391924,364.1640401118548,43.701525409226846,4.16337768979401,2.1645013049545216,1.0,1.0,4.4085802844970665,0.6105402081898815,0.4577534473938935,943.8100984405081,25.413428930680958
SUB00722,1,0.7489107107943805,24.518345720218978,23.679404597485547,0.0,0.31546677554153213,1.0,1.0,1.0,0.3539460761198817,0.3300106967423929,1.6002594064882996,12.832757654559137
SUB00722,2,0.0,17.12711387107745,16.679950892263406,0.10463499645932833,0.4293374983333277,1.0,1.0,1.0,0.417147484419387,0.2555153069689998,1.0,11.03457093896971
SUB00722,3,2.8131682189011302,95.99777646071992,19.089539569537244,0.0,0.3563397904888249,1.0,1.0,1.0,0.35974107920876014,0.4286021990783266,10.24562928065447,22.596830740573647
SUB00722,4,3.1254061857033597,34.116433084131856,7.525373809898241,0.0,0.03739117150403298,1.0,1.0,1.0,0.32460500476903387,0.4480494460129864,10.888247121795498,9.256985975232634
SUB00722,5,0.0,27.473642752363578,24.23027827611399,0.0,0.04853905490528582,1.0,1.0,1.0,0.15369444017037961,0.30165446809948354,1.0,14.826488380136226
SUB00722,6,0.6722789879682878,85.56103552695932,24.86047311489893,0.0,0.2929979258021597,1.0,1.0,1.0,0.4776617438413542,0.4909871451874681,4.903263238131187,25.228424891854285
SUB00722,7,0.6275288774360928,27.768073254775345,10.561611376840283,0.0,0.4215212221265443,1.0,1.0,1.0,0.22505037831435062,0.46056802297021293,1.7426325189862786,19.657008294628792
SUB00722,8,0.3772688314755853,36.52305653866204,13.761498112856891,0.0,0.49156062651102045,1.0,1.0,1.0,0.46684516322518155,0.5133883002635287,1.0,16.408009227304724
SUB00722,9,1.7361610551417859,80.93897737801808,22.475156051666186,0.0,0.13676788462225337,1.0,1.0,1.0,0.48300741232798583,0.25254923287186387,3.8069204146358095,9.959826618362118
SUB00722,10,0.814356996149961,26.51817668613854,9.938255485417255,0.0,0.48279713494002047,1.0,1.0,1.0,0.33117156629810707,0.2624797321148188,3.263521084035646,13.995528996095743
SUB00722,11,1.98154726970927,88.86542427465918,21.00017455547343,0.0,0.11759974739173651,1.0,1.0,1.0,0.5484149498798103,0.5599908097764728,8.54155329142893,8.377979513451425
SUB00722,12,1.228668539197239,56.57631665753997,21.081441684621794,0.0,0.4387827921943831,1.0,1.0,1.0,0.33575065254764835,0.3849707902264833,5.469351969755796,16.11945259700331
SUB00723,1,120.30480514109647,173.5240755408941,42.593542212184786,1.564042067273235,0.08916474316785156,1.0,1.0,3.3762266096070306,0.44902877390891505,0.4577642486145079,821.44292041518,27.533770370874603
SUB00723,2,107.36240683076551,214.15281421540564,25.85070211075866,0.4297106807932495,1.485903241511823,2.0,1.6886508796119917,3.3303655310071036,0.5562322134168681,0.5331960251904483,310.9633132585197,20.48774843897918
SUB00723,3,124.97626787583891,148.79599929393183,33.35669797595348,2.06797449447795,0.6633990299566976,2.0,1.2632731912069444,3.9888254350765315,0.40932600350955217,0.55855606739908,865.6469866219184,10.67422092822402
SUB00723,4,120.13529854253083,156.8084197433458,37.72343941300734,1.408527204605362,0.2883771835172935,2.0,1.0731832043334006,3.355101200503591,0.47594049417212614,0.40985440389241407,855.8384714649601,24.98465430030186
SUB00723,5,115.28277587588676,198.37355454642613,33.659525138718514,2.0644130514234367,1.0343414110019507,1.0,1.0,3.6237431217213247,0.497982021316591,0.5747678028107421,361.17621830364175,27.3406670830442
SUB00723,6,114.6556285048336,256.5847302842173,17.743155651021727,1.9245772322025942,0.6425230781388376,1.0,1.0,3.013500747131785,0.5880444040467572,0.592885995475432,895.2386192320947,15.141227211818604
SUB00723,7,117.94721483496599,197.71166861313617,21.964912755195535,1.201901195265311,1.3154378634801231,2.0,1.0497913907177674,3.2374395705842396,0.2757627410006871,0.36263672440657724,935.2603539937485,24.836445315978196
SUB00723,8,99.84769357918194,240.0406890961795,34.68240758143277,1.2384955045126786,0.722363841053189,2.0,1.6988954864558425,3.865509678028502,0.39341690565213805,0.3248425128377954,219.6880374242216,14.202112819041975
SUB00723,9,124.70888146863744,236.09056945395383,27.545790781530947,1.2514033337460146,0.34349293545120985,2.0,1.0024859794463863,3.118111542610332,0.4047223494922628,0.3586746653216155,716.4908163188202,11.362495091435086
SUB00723,10,106.62642703155916,295.1159993907107,37.93261073941733,2.0567148625483638,0.835908515457454,1.0,1.0,3.2954020302625135,0.5140429682396618,0.38263116682541926,584.3832268287609,9.082170047394388
SUB00723,11,102.27129513713702,180.78633050130077,34.27579757549877,1.724185036569913,0.4216004220210768,1.0,1.0,3.527623561814102,0.42468927191433425,0.44353105271483795,598.4033637572326,11.662891464502882
SUB00723,12,100.73951606976358,210.9211290154812,27.91265847520506,1.8566455597375697,1.4860820281838123,2.0,1.548650316851986,3.8102839395904353,0.4761770766399056,0.5917859169175141,243.7605106337284,15.725034619937762
SUB00724,1,43.09273986705645,300.59721285389287,34.446926087003106,11.424811054769757,6.9666412443409005,1.0,1.0,2.312885434809485,0.5208340055311848,0.47032710749135376,229.15764507465045,9.801909193603263
SUB00724,2,32.734840968852005,228.51943642909833,59.112554339990396,15.283885570107403,8.9479505444195,2.0,1.219952705250133,2.4891096171831633,0.46430181869132425,0.3437356439473851,85.58703585396705,17.485679495316226
SUB00724,3,42.731485509335,366.3849664705074,32.28938217087109,15.333344651859353,8.097592063974355,1.0,1.0,2.4384897940814794,0.5058596595559698,0.4016481997482479,147.07126863966627,24.644447371657577
SUB00724,4,46.656553394500804,361.0424740768733,52.7060769834076,12.300104028682433,8.78135366967016,1.0,1.0,2.411772049202659,0.27091622062701803,0.36126972716863426,167.03394162183835,24.936470194771903
SUB00724,5,44.10056854841762,246.30626604154705,40.51079658578589,11.766753855625339,6.786164570171311,1.0,1.0,2.439768407811901,0.37604295265354337,0.5278000944579916,309.07725226241104,8.781939705944152
SUB00724,6,42.54924437084063,340.4850057143719,53.56222155670097,13.192457786885518,5.463870585782784,1.0,1.0,2.093672794674525,0.18903536574124363,0.325101978632805,85.45567567324736,12.657102599433323
SUB00724,7,41.91902966873576,228.2434010044384,63.77377748653811,11.789362314437135,5.476602377689897,2.0,1.172767935564747,2.846527528687462,0.2648271560798361,0.28434488737047214,204.72720675121482,10.893468860554453
SUB00724,8,38.112203960786935,353.9749743868633,37.118792863839715,14.759397786311114,6.644397235039029,2.0,1.9413033746124952,2.64350654227235,0.2370249873962357,0.355358766660192,117.8114067830544,16.442638250610052
SUB00724,9,42.01406326768248,342.0557123273255,30.718396328747158,12.083729542827326,7.186796494654599,1.0,1.0,2.409034331590385,0.5034159552370464,0.4603665158589657,157.81358895564176,24.190303497825628
SUB00724,10,38.404081041464465,261.73043265263976,63.86445421596723,15.818552145651607,5.763019374409414,1.0,1.0,2.944765258203449,0.49821461734509687,0.42055814287323623,147.28610375705085,12.683804252138025
SUB00724,11,39.664004174764166,342.68436098202767,64.55833675522186,12.165231585305516,8.0755333371371,2.0,1.4495849851802207,2.211599556141609,0.4838179103838417,0.4974614372157512,99.7183853118153,23.93858862098086
SUB00724,12,27.759857773505875,367.03175805660436,56.09228717293262,11.029590797525858,5.349921649101507,1.0,1.0,2.388665010130685,0.20705735347706486,0.3982094501309893,130.83434238858425,9.295539660771862
SUB00725,1,5.729766920767917,1528.1533627268195,64.31125980366609,1.529888209151558,0.8419015922423015,1.0,1.0,1.979975038013627,0.4837162935953676,0.572697333264415,22.589567407688573,9.496419821232003
SUB00725,2,2.129809339516213,1364.1005043572356,48.778186509419996,0.9542080996137692,0.5205350891992477,1.0,1.0,1.8214380373359766,0.47761271909814873,0.5782454348919819,15.662460602202506,23.92919855447129
SUB00725,3,10.448463960389674,1599.3200932815562,42.97312208254516,2.5240444738482877,0.7662862016885911,1.0,1.0,1.7540424926233693,0.494723824173689,0.2507036340222137,79.23513226203139,21.45072481359226
SUB00725,4,3.195453450376888,1545.6071628289749,70.67592721442,1.1066790629508767,0.676935485219731,1.0,1.0,1.3498372091262947,0.4214533591144731,0.31953846920821827,24.114871084515304,18.547641031752732
SUB00725,5,13.707486330228758,1407.6101817319118,66.99725871085471,2.7913928144350795,0.7426006819893828,1.0,1.0,1.2971337345182603,0.22131549705899167,0.30144941717041074,67.39875744309592,14.203016126757765
SUB00725,6,4.405440826274024,1233.0397221438657,69.52882325189543,2.780073138848607,1.4398099749081188,1.0,1.0,1.476195750745001,0.38328499733392907,0.5693635376714687,28.48254362232221,19.65009749960048
SUB00725,7,12.703868633278413,1538.5679193471915,76.85501599696065,3.006827220435818,1.0348344173157038,1.0,1.0,1.2092934099475423,0.23325528107729937,0.5319545655427675,95.90551879353885,17.160296868610622
SUB00725,8,7.3250998873001425,1699.0166151599828,53.38030667550342,2.472175210813599,0.3986519533786166,1.0,1.0,1.5273794755915198,0.26275919057645414,0.3767641853462914,56.3010532314509,21.574618958323732
SUB00725,9,6.3324254942127185,1695.1286192522016,76.64531436659881,1.9910847914884324,0.10811675291033124,1.0,1.0,1.4949203510811797,0.19819262275638055,0.42869790201176416,16.490965561403595,11.870888789854538
SUB00725,10,7.720015997152052,1732.3660032213093,47.15709820900584,2.6855206514504317,0.3016188633964035,1.0,1.0,1.5908561170400568,0.3775016793531485,0.5810708410434158,55.69310914301585,26.490433089859426
SUB00725,11,11.632217170119613,1349.49311410655,57.37624872097042,2.0334942438902344,0.8760171932306909,1.0,1.0,1.1076004914449369,0.5478019693159966,0.27836693175460214,57.69142050839915,12.93746435938753
SUB00725,12,10.666220337177801,1514.5519927509001,47.99084503667442,3.0312546533123745,0.633132175543629,1.0,1.0,1.974157340833355,0.22371644264378104,0.4410378389630927,31.91606142880818,24.22435876033555
SUB00726,1,53.90346910905382,697.1960337124459,113.31383443845917,3.8461322421955204,3.1912317561128916,5.0,3.086500934209594,3.0337222931033736,0.5103846343910431,0.5729616116385619,320.7322524721947,16.197995164214763
SUB00726,2,52.242493648408704,591.7371649795404,105.0575083163996,2.4195272884178523,1.7120871371621675,4.0,3.1882276225430575,3.9199398783274804,0.42444630652877013,0.48992794655803157,369.8279255660847,11.143240977653722
SUB00726,3,72.61095195541975,756.3034434806801,61.91557327296486,2.352174013212479,1.8932344813443627,5.0,3.054263824721844,3.004410844769363,0.5198383378328729,0.5074803874002779,146.32211048996967,25.673352839855887
SUB00726,4,65.70259684956896,675.1329772728527,93.1389775908358,3.742144281973375,1.6868943363677142,4.0,3.174604119091052,3.0845094106951647,0.43905572421328465,0.34209442990649386,326.7930601230815,12.902937634492774
SUB00726,5,73.48073711125953,744.7837412835496,87.99979096505989,3.3393022606229708,2.8145847379568103,3.0,2.585773545402247,3.3647267340585927,0.5737658098395867,0.3421423529720994,372.01727879934805,13.891620851972144
SUB00726,6,62.83012193344701,445.5338998980251,102.78066583394786,2.2104683636708633,3.4985739631176904,4.0,3.011631718584666,3.234749888406604,0.5753917574233471,0.527229640950481,183.45937361020236,18.676638247933038
SUB00726,7,71.15420210807784,524.025715966042,103.67288051769174,2.7011800514332727,2.830411758299327,3.0,3.0,3.945039694534069,0.5438541421395288,0.5510157183516319,399.9390217870395,27.09469406597706
SUB00726,8,58.01619386942495,779.6604343894661,107.58069640131316,1.8474486171223239,3.3993135262176124,5.0,3.384579664160886,3.4788716785027867,0.6432492048912214,0.467370764386676,284.4696809447197,14.340018859159073
SUB00726,9,61.231873300731316,486.5633369942172,64.10283935839934,3.257306372644635,1.933604076618818,5.0,2.5461076824242053,3.903898993070576,0.6281483240049202,0.40401561206729886,234.33818689378865,21.571474217822786
SUB00726,10,74.25671133856777,579.303522304227,69.76817107877912,1.823199929545386,3.2717554459023512,5.0,2.912439586039464,3.6334347811653425,0.5358350594873745,0.4967630860747686,451.0123823685216,14.816592435715098
SUB00726,11,60.28521389590105,604.9253197944748,96.24968268512833,3.2050587160254302,2.6758318901277924,5.0,2.900379044888918,3.5533683569371943,0.6126332699412812,0.2728383290493675,321.79292117113386,13.472071150347883
SUB00726,12,75.5615647002608,567.7329355323255,76.04075588518783,3.5300813745664352,2.629786598146611,4.0,2.9395290981949054,3.2155249798099113,0.5981755140724578,0.3108917174022402,341.86611696417407,26.039441927897478
SUB00727,1,9.65934382831472,137.37145658658136,36.40631282165013,0.21724079045987968,0.2821789403849799,2.0,0.8294390272699941,1.0,0.2558246357060937,0.581176170008045,37.05208425643828,13.239055885241577
SUB00727,2,6.32924137915384,130.38394541347765,37.204382975631844,0.5179536786497176,0.6327839328406183,2.0,0.5180139638480247,1.0,0.19225825594097273,0.5498494475810674,38.36709996638177,14.580864893003135
SUB00727,3,8.525693815499343,102.80384875727218,21.948065877755923,1.108458005327155,0.5195310499275089,2.0,0.9274932285017066,1.0,0.2275309796210502,0.26785277522781586,49.060445854680914,18.406860171293754
SUB00727,4,2.8309558516754425,109.4472468285491,16.442827009746456,0.8068756435728537,0.957101623756978,2.0,0.8172239325172402,1.0,0.48173309455844604,0.28597327126254407,20.51468494914192,13.49697952405102
SUB00727,5,6.5925384421812385,118.79128195346664,29.232337706670606,0.26093243987705694,0.45574108318089634,2.0,0.8481489618475127,1.0,0.2915545410428558,0.41263980485603835,35.03317459754318,12.229758706034673
SUB00727,6,8.708513702212896,106.93819149867066,16.664622809924513,1.6759052223740658,0.7299586015174547,1.0,0.6118050925403504,1.0,0.19740132996041124,0.3307883646141999,48.494779818047014,22.669027571687657
SUB00727,7,3.9880716067006134,167.851986907006,27.20151365818291,0.9259235292255856,0.9563460765077891,1.0,0.7405228465144276,1.0,0.2380923596988978,0.4076926708975864,9.57725980056727,14.636091526229471
SUB00727,8,9.080283660956944,87.57595526925415,30.351556662682874,0.0,0.23884439659929602,1.0,0.8565283182096268,1.0,0.21355520306617692,0.2647518439532875,37.85137347979334,12.22304895078291
SUB00727,9,4.892315785549493,114.92121498081583,33.229547172987665,0.22034819076338263,0.1730846659466131,2.0,0.562934746007842,1.0,0.3739779790116238,0.42654789274424276,12.540641731979195,17.296837433298343
SUB00727,10,5.3240665985065165,134.61295002141156,16.274790182515062,0.601469579341804,0.8733304739595403,1.0,0.9813940672918524,1.0,0.3149025551092773,0.3963107992869885,23.20619637072267,23.18216267304444
SUB00727,11,6.857060098554127,152.93400797233235,23.00334101322745,0.0,0.6200446912360488,1.0,0.773797935350526,1.0,0.3116476313895865,0.5719738713846934,32.72276737245796,23.3830088635762
SUB00727,12,8.42973285879763,119.26763613698206,42.42436887687788,0.0,0.23230313312234696,2.0,0.9296705759622719,1.0,0.3096779152823337,0.2615145741944216,43.703440911389755,18.2971159199569
SUB00728,1,131.06039699548325,458.3626142349865,34.628325932972146,4.599156510860454,3.2796729192639322,2.0,1.7015777389001232,4.0319521803408325,0.31694161953740896,0.5957483964095087,646.4892175589739,8.62891703943228
SUB00728,2,111.02294938866754,382.66854693338394,51.31646645979451,5.960886450686722,2.0395557721071635,2.0,1.906706548368327,4.857383739834668,0.534135627769472,0.45113399656905234,776.2025596423417,16.27592049725279
SUB00728,3,129.35880972316917,540.7866536992441,49.40874820677282,3.8498831149381254,2.6497412841374945,2.0,1.3462560042750331,4.345234954958707,0.3299733247975665,0.34972233210974424,667.5034543328001,20.77120411189177
SUB00728,4,132.56268718808906,359.14729843526084,48.24818254935348,5.397785275483687,3.7249399982488196,2.0,1.1325268305519924,4.707512349970036,0.5450571338263571,0.5008633435366969,589.2668406855903,19.745521960256706
SUB00728,5,126.5461377100684,446.63284701684853,51.109620587870495,5.525286251856468,2.3032961303235813,2.0,1.5277186109149143,4.535013076857128,0.612869705622561,0.3456450653658314,644.6947193447812,13.700512103587755
SUB00728,6,132.00900231547377,505.959596049435,38.203582233690085,4.352152535234729,2.697910899979039,1.0,1.0,4.269213206193393,0.3739978034188495,0.4367076569190946,422.25034630187616,18.66546785714568
SUB00728,7,121.27390241318847,401.20054932477575,46.316702358980564,5.274523290076895,2.5033297834999093,1.0,1.0,4.281752564257701,0.4903403518006406,0.46806875128839043,378.8705904556553,23.20472735015017
SUB00728,8,133.5204636538976,501.5273063954993,47.28267728748558,5.912040960864659,2.31765513718304,1.0,1.0,4.864912933931087,0.48474105440654625,0.4879427016230863,1011.587838975056,22.190342383797947
SUB00728,9,138.84084677865513,462.09223321705406,48.77178064170269,3.983165016362273,3.7361457457287686,2.0,1.414172314700307,4.314751419384412,0.38866376486502086,0.32127299951496335,604.1840717719062,26.263459206112614
SUB00728,10,120.05665425107875,460.7466647777471,36.05372363326643,2.9865835126826203,3.0754674728614564,2.0,1.7052057813826984,4.560076885067187,0.3970416907873051,0.3301729432762752,587.0548868598594,26.862810747421825
SUB00728,11,125.69130245857869,500.18205000896967,42.30166274541528,4.967880116410457,2.9967328484419777,2.0,1.875912932590318,4.01144208395241,0.3831319898050667,0.2569732766097829,887.4027407502407,17.775362363021944
SUB00728,12,110.02016896003659,530.5489550716538,35.99400923080597,2.4880112080354473,2.776255283891804,2.0,1.3088771546961064,4.76226896420928,0.5953031448986045,0.4115852344962567,329.4309052679545,17.08456446757225
SUB00729,1,2.616247484927241,41.02233609370805,13.189511158114467,0.2863998307196014,0.4950133610841879,1.0,1.0,1.0,0.3652568037835602,0.5669462280061949,14.204784969169001,22.201340858291097
SUB00729,2,1.3176108549196615,59.93287188792277,7.675829648700785,0.0,0.25960729113625225,1.0,1.0,1.0,0.23222988377234252,0.2744479551934124,8.96816656471118,11.752017841066174
SUB00729,3,1.977697082654609,76.7787737634534,7.253589854192468,0.0,0.3444905827834322,1.0,1.0,1.0,0.5150288566271518,0.437671121416402,12.502285854698156,12.349159659060442
SUB00729,4,1.7120889245163333,49.738405660277536,7.560030459047633,0.0,0.3792634440516529,1.0,1.0,1.0,0.17749925972093,0.3463322734464161,9.786802922604387,10.768795932919092
SUB00729,5,0.0,59.95914191050503,11.647545531065893,0.0,0.08402885887574418,1.0,1.0,1.0,0.3348809961103976,0.5450215430684124,1.0,13.727293381591277
SUB00729,6,1.6704516343748876,36.1597217408804,13.19614447881608,0.0,0.4449138919735988,1.0,1.0,1.0,0.1822983650484033,0.48246989533256945,11.01480392535477,16.958331063740797
SUB00729,7,0.0,15.817507836940871,23.2569696796575,0.0,0.47467281002061684,1.0,1.0,1.0,0.22616644906035144,0.5504387219516413,1.0,9.543901846991231
SUB00729,8,0.9937577337553081,59.53238824018118,19.22007634529308,0.0,0.040524600231244656,1.0,1.0,1.0,0.48618399051721717,0.37092922793938243,3.5652765626857508,9.920159297784389
SUB00729,9,0.0,52.47017386422723,24.093621524533763,0.0,0.22382103846968204,1.0,1.0,1.0,0.2067818670155773,0.39394889241373143,1.0,10.14026139118652
SUB00729,10,0.0,0.0,18.89959695137539,0.0,0.4692981433968931,1.0,1.0,1.0,0.3310359352088543,0.47289242641499074,1.0,10.682998985109302
SUB00729,11,0.0,0.2154721005372089,9.403599907960075,0.0,0.33265656778535935,1.0,1.0,1.0,0.46985037629744464,0.3902563248689285,1.0,13.029520817432909
SUB00729,12,0.0,9.995539770362027,8.27892980173437,0.0,0.09777563236695042,1.0,1.0,1.0,0.20053488708746364,0.5758922374518081,1.0,10.344040598439218
SUB00730,1,100.8521271307662,316.79178208730053,30.543129825480232,2.0853310978301174,0.8519601900453442,1.0,1.0,3.8388763448631633,0.25403197161916424,0.407210748556674,240.1609682300408,12.164383765311397
SUB00730,2,115.22418863442036,198.1325884768407,39.6780815037699,1.3724805585292428,0.9559535310314438,2.0,1.9239381949155645,3.9075242988382786,0.6137543200758837,0.5488873541402428,856.8682582980679,18.943391721262948
SUB00730,3,115.4562284758395,208.8280744167159,37.36333575155069,1.5478356076138124,0.14755522207266086,2.0,1.8810406480237658,3.2647641576170456,0.35592072932081076,0.5839469485531587,356.2632841794027,21.493639620087457
SUB00730,4,110.14284985378931,266.6754605716134,40.941284017793514,0.09051137022912109,0.4964427698731757,2.0,1.8655989122932102,3.5246966064892806,0.3676791097064285,0.34588702962522544,549.6939248458465,21.161794004769014
SUB00730,5,113.22890536322691,296.59172163171297,44.94671254331669,0.41524795929329117,0.5709898757019021,1.0,1.0,3.5102321389510456,0.3374722365374353,0.5425848518221628,702.7459480829339,26.7036003318675
SUB00730,6,112.08708834506585,304.61145138879937,30.206081072056683,0.9270198772170157,0.8321620841805515,2.0,1.6567983546110592,3.537309487976918,0.40457934993001177,0.395182386251692,263.6152963639866,16.28348044493566
SUB00730,7,98.70121980796894,242.8861387148807,23.321320504658786,0.0,1.265760154568956,1.0,1.0,3.9922041024083783,0.5197654036602289,0.2665057239619543,342.2005435672216,15.785694941272183
SUB00730,8,101.07942272107567,264.5024792903952,23.27896019566272,0.2258056172450098,0.14699754279313165,2.0,1.9484342616676191,3.2273453900764775,0.5338903731663023,0.5350208831264499,649.3118151390108,12.480327324559797
SUB00730,9,97.64323871460289,189.36652479984832,15.998349258288433,1.6497912071588903,0.15712472756229762,2.0,1.533397162268181,3.7194203745759777,0.45097068733495294,0.4384328694717454,701.0630195949872,18.646444564344065
SUB00730,10,101.56944542570903,313.6354803801466,16.671194723360713,1.3519403450053908,1.1836912097028174,1.0,1.0,3.004115695706327,0.25878722585791847,0.38597255677013376,372.96755696573086,9.662627972193626
SUB00730,11,95.85044250964505,267.2524225179577,44.66659810828415,0.0,0.8582572737201016,2.0,1.0862127860514756,3.9417326826305192,0.5459417609964895,0.3300847348144389,339.31963659691183,8.13831080642786
SUB00730,12,120.46571326409467,209.68206102212636,26.775369527203082,0.6649003312769378,1.2648668868206814,2.0,1.4946558658868694,3.8728177795700445,0.5355810336588872,0.5231921313458647,620.8240023638931,16.2375284544535
SUB00731,1,43.03444461324072,293.31821345961293,47.94267786545299,13.420614140624824,7.060180728772617,2.0,1.2337975706622828,2.0681679524563545,0.23603957472124854,0.5482967376671158,152.54330029891645,13.011877758925177
SUB00731,2,36.84890259577505,214.27670504233117,34.52276154164925,10.641490049967684,8.898112915858079,2.0,1.170580487374094,2.5143604484839943,0.4355014745692558,0.26926660826215554,122.7046569493515,24.869088202642676
SUB00731,3,42.988253369686504,387.1733804539665,52.738699744986036,13.05402474664409,7.491213855324044,2.0,1.797217960455253,2.683794516284266,0.2241511632156857,0.5609005669041689,286.00550342744987,11.309528641209884
SUB00731,4,32.515219371315865,237.0866314534492,32.44415217018075,13.768774504617816,5.378475586194851,2.0,1.7072736494671052,2.355399610147019,0.2723108978864558,0.4640698572681925,102.68145999931379,14.892208973108477
SUB00731,5,35.4310645338404,180.35478709867883,62.50651653387887,13.882302989155324,5.870136454433979,1.0,1.0,2.8760469970219225,0.4394742360091146,0.26102663321733727,281.1142873222852,19.773974416264526
SUB00731,6,52.56659266546711,258.4550025165027,35.40935381834679,13.394095801943125,5.18849969789161,1.0,1.0,2.5338117815352046,0.3213402265380203,0.5521185019353139,312.68561108780364,27.165061787700587
SUB00731,7,41.44470428664691,203.6538090549237,32.06325311995075,15.52260330726327,8.6660227815583,2.0,1.482693913440548,2.5572050574609024,0.413244430347369,0.5650833880590558,138.68496538013224,20.776976483402798
SUB00731,8,48.892755793507156,228.12823014630402,42.46251467302251,12.040153725027475,7.575402911526198,2.0,1.0141785996664106,2.1968656444955457,0.5401056914198868,0.5987617790964016,327.6391455397506,16.189877416917575
SUB00731,9,54.35571640115118,387.05571595062224,61.8399404431579,14.802626254652274,8.472395916806805,1.0,1.0,2.716646874338661,0.3330007736199996,0.37364463949281657,155.5094296372621,19.929838746316904
SUB00731,10,35.03813453821323,288.56672179008905,48.16572556605355,13.989420460745407,7.644173517106127,2.0,1.5552224033742101,2.317452535937585,0.3417228141116267,0.5333987031590307,243.24084634164802,24.17375289237511
SUB00731,11,41.91191231235616,279.81466601159434,62.51450977393425,13.291067244983354,5.390163546678853,2.0,1.5378775236499247,2.771795502252968,0.40710741039859377,0.3218411433143261,281.56715953516596,22.883175864843025
SUB00731,12,42.61098126297088,199.35041593364875,60.68372212894216,13.46337758049723,8.693898992342097,2.0,1.7651539040858508,2.8818849395094985,0.30511519653641256,0.30843185044476196,254.32822282500237,26.367918300281538
SUB00732,1,1.1282783902906244,1684.8975550231492,44.87216172385036,1.719585816693185,1.4661597705434357,1.0,1.0,1.472863759943889,0.20800903049815064,0.3740718869128603,8.447574218492484,11.442727420960033
SUB00732,2,2.1756886660245653,1308.5109883634536,42.880826098261224,1.9348851300680492,1.347772080479603,1.0,1.0,1.01233881469297,0.4075425859756766,0.5190412700077329,10.671716294906897,22.715319765945708
SUB00732,3,2.328089400316271,1724.6570766965754,67.99006945977781,2.5065291675010903,0.771784943716881,1.0,1.0,1.734540803182425,0.3266452162784082,0.5355024707409972,9.067279639617704,13.3803637779612
SUB00732,4,6.644809381355348,1626.833933642672,78.6281999419935,1.1706392819747697,0.5658102233932093,1.0,1.0,1.093457911346687,0.2462258319132383,0.34551433914581964,20.666609529384772,21.322746634569235
SUB00732,5,5.583998604171048,1266.7517816975198,73.771045559329,3.3689461900380824,0.86206355099894,1.0,1.0,1.5703993027103036,0.525043470036486,0.500045081861536,19.798128491352387,14.98866039068915
SUB00732,6,6.929094196416439,1501.4404293086013,47.1104987947766,2.584996033187001,0.7113606634869647,1.0,1.0,1.4716096302465633,0.438221963843068,0.4670234053558851,23.156011543639316,10.845991544129166
SUB00732,7,4.587263065539386,1341.4200539603964,69.61201641761964,1.0934295778623144,0.5488964920838437,1.0,1.0,1.6010541230504765,0.3580789431042215,0.49692992172027206,16.545875766043448,19.838732975433963
SUB00732,8,0.0,1595.5641054864875,55.74071402995346,2.8303849789121607,0.4425541545702642,1.0,1.0,1.2990941435947148,0.27950071088911055,0.43950426125885567,1.0,26.5643533470485
SUB00732,9,4.465181240876442,1772.4536618721347,52.901152000947036,1.7621230780938166,1.470146673422538,1.0,1.0,1.6870644867280973,0.2502314760893957,0.3126500616185409,24.706296068238302,13.689639385812075
SUB00732,10,5.045517519089947,1494.9643976268205,60.77925201666599,3.5931094585217696,0.343767533896477,1.0,1.0,1.3084061732746117,0.47191518720459824,0.298169700182613,23.01134038103182,14.20066071061984
SUB00732,11,3.2479784351517083,1544.0763099158974,48.68070834134798,2.9924008223748517,0.16972325642142644,1.0,1.0,1.4727344023575828,0.23852157519817802,0.3934031531597857,14.467638851046695,12.414166638034624
SUB00732,12,0.0,1526.440574208399,45.87464576722973,3.406791443824641,0.16266847092272424,1.0,1.0,1.793962302633938,0.4303667391704247,0.5641061860547668,1.0,8.847925728643544
SUB00733,1,77.06214488645769,494.3910257113515,86.14450300544277,4.813494735466504,2.7900150111824105,4.0,2.8885330580932527,3.5231906161100994,0.6175633196560433,0.258983761096987,605.5497934082724,21.371906672582202
SUB00733,2,67.77729538529259,610.8678782263704,91.11633153138433,4.374922427278962,2.3147921981287127,3.0,3.0,3.3242960832032695,0.5938776166884149,0.4527210704716522,341.1600961088887,10.173700899629939
SUB00733,3,66.66431332985724,702.4537335565085,102.5471632814991,2.6901935068659517,2.8349276445180864,5.0,2.9960630005723425,3.15789665127297,0.4919817159040146,0.3722909076900893,501.3391733143093,27.18259021880544
SUB00733,4,51.98326348696769,509.3035297295256,82.38889706447168,2.842666346733898,1.700681097739694,3.0,3.0,3.4017550392080524,0.27097107687899413,0.5378410071831123,156.86038872524904,17.84673022948374
SUB00733,5,60.87997979665658,657.6175430723597,96.92046874370774,4.057297747320771,2.542544187961629,5.0,3.319228622942697,3.8252445210731785,0.5085968866027585,0.31521142149916603,475.4439099367072,14.283509086855581
SUB00733,6,74.5748049723191,748.0892240867337,96.60206327007643,1.8869821391060548,3.159360225423719,5.0,3.419547846846737,3.489158836724301,0.5091652953436684,0.36553085642444283,172.1809831975056,10.831564979641767
SUB00733,7,77.29315710282964,746.7064440702565,118.39108989002503,2.390053152172571,3.2471533627546787,3.0,3.0,3.7202720838921772,0.485898850643401,0.43002358005518826,215.58424322292194,21.69254077946824
SUB00733,8,76.51750561536196,713.8685549320442,92.34372474184225,3.7023357195398896,3.122425573640795,4.0,3.0141935029802114,3.383984542865992,0.3505349575157827,0.3405902278238449,488.76282559845515,9.998917163490017
SUB00733,9,68.58058333761255,552.3951364911557,97.85258087467376,1.6148930443206657,3.12288055623907,4.0,3.460085286418802,3.6268386477489223,0.30937428227201247,0.5393984872993502,501.0218447534936,19.71605492907274
SUB00733,10,61.78253293764558,686.5308904354799,114.86436728030637,3.026275509131474,2.36320072099267,5.0,3.245725744243537,3.0212968212997677,0.395228737845702,0.4013027711455255,129.45383914325836,19.179798258239373
SUB00733,11,73.90590823110063,550.5113126352145,104.74360635148491,1.448423841012558,2.908632149586327,4.0,2.8878988324625743,3.794841060207557,0.44004442524705734,0.263656328006045,485.29500801251294,12.011167475297366
SUB00733,12,65.11327409677673,654.0495741690755,69.85269004794579,3.183244255624534,1.7516722316553466,3.0,3.0,3.327248427657517,0.34527780160863775,0.31555127722530735,192.5718921459928,22.90571541956316
SUB00734,1,8.848225672878973,132.6703452478326,18.17350043961437,1.5781511018256247,0.5268843372832316,2.0,0.9324216302989053,1.0,0.2628230228725929,0.3188859561538097,69.21572392455043,25.909428742022044
SUB00734,2,4.263974640111384,204.10916730946207,36.998566386092946,0.34709678203029704,0.5239618071747184,1.0,0.6906987645446193,1.0,0.18972663653832286,0.2802070759970807,25.41589580693988,19.527935557260633
SUB00734,3,11.1402748828139,128.96653823781145,39.096559082173044,0.4540183148024562,0.002651407880427281,1.0,0.9733679823582628,1.0,0.15977846882243463,0.5851902741903694,57.24785632236764,21.373955002886635
SUB00734,4,6.798710495223819,94.63142027684438,38.032727073219014,0.0,0.6608241292291175,2.0,0.9655315099024289,1.0,0.36631541834977877,0.3553590310252809,50.06803800239699,10.122469566940865
SUB00734,5,2.1953572967072197,127.33331105292305,19.253956243777527,0.02118035396916096,0.6445116218401357,1.0,0.9333151698266497,1.0,0.20485408886593395,0.3258298288127732,10.297617212725724,17.741083146530862
SUB00734,6,6.1522365666562795,157.15269017698986,35.033797511647286,1.4580757902835741,0.7815559054496588,1.0,0.6026648647163393,1.0,0.24852291599861673,0.5883392587870029,37.055783377201394,14.122827474745483
SUB00734,7,4.163266803137755,118.8534305273776,35.05637623109753,1.3043846135110457,0.8481457935260931,2.0,0.8894808626320516,1.0,0.35557274361773994,0.4587572564778608,29.195818618509858,10.921386416541276
SUB00734,8,1.8290975155167803,72.54097962557482,34.98399548176495,1.2141587797850577,0.5911855189321262,2.0,0.9362078431699852,1.0,0.45381584075286063,0.4531801110334246,11.211090100498103,19.417644386351128
SUB00734,9,0.0,130.7965513380278,24.15958479728841,0.830141444513927,0.1198766556304377,2.0,0.8887319415381205,1.0,0.4434778877929817,0.3454741552318358,1.0,22.36677167576947
SUB00734,10,0.5007608314532614,183.25720953073508,40.542739816887945,1.3945208246007548,0.5944995547089477,1.0,0.6640779108969925,1.0,0.27375194718063944,0.5030617929822002,1.5907184318570886,27.77146953737034
SUB00734,11,4.466078393749397,80.0301004089524,18.60475349711679,0.0,0.7835873549882809,2.0,0.7992865978401473,1.0,0.5299950054622983,0.5791213985487152,24.616195950323686,9.823736990269651
SUB00734,12,5.612034563179209,150.4344386485687,18.302371582615137,0.6994316925442274,0.8594087495718095,2.0,0.7532799758218867,1.0,0.5157962726820398,0.5701603267353624,44.121640189227826,26.42082459057139
SUB00735,1,133.85212019021898,474.9410329713326,36.46112247684388,4.138032634159811,2.188416818644838,1.0,1.0,4.235393094893745,0.3985520010333239,0.46851720236838423,742.2422768469362,9.51295759484345
SUB00735,2,114.6159906278069,301.00764767452114,35.627686759427796,4.535631424404106,2.749159505221235,2.0,1.013922241350414,4.03215089073796,0.318046609909604,0.2591565974072108,872.5779145336305,25.678798266727657
SUB00735,3,138.1072155675987,498.234846437355,48.050357340542675,4.497213985327066,2.718007813407299,2.0,1.5589391326136766,4.8243461680261195,0.3592329917719045,0.3101800745443714,856.2677309732632,16.818860240973507
SUB00735,4,138.17444120278077,386.06014096931966,36.80431777840153,5.702367637118819,3.4668619663931253,2.0,1.2620163093155878,4.742951549724824,0.5682198369245464,0.5213772840264443,633.9352954287414,11.793637683675357
SUB00735,5,135.9272460166118,361.45763800641816,44.28843961449242,6.342813751070809,3.037946450678789,1.0,1.0,4.360624949684064,0.2828512315767516,0.5339564026760685,380.2783957528746,20.521705076457827
SUB00735,6,112.51571824892157,315.24127720940146,54.18830380468172,4.9647683856271945,3.572003936140643,2.0,1.328939107525199,4.790211247924816,0.645955197275983,0.5092964528627049,834.8461800145385,18.15647512383051
SUB00735,7,133.76271580970794,450.3257586312152,48.162399137912516,5.296807261772272,3.823090365374649,1.0,1.0,4.443429857663874,0.5715155809754063,0.41439846199687846,311.67876084462057,18.042913227879637
SUB00735,8,115.36004407663182,522.2453069643133,33.959430792166415,5.882764473038156,2.0100588118159104,1.0,1.0,4.476136587866938,0.2947349306414089,0.4930149427218873,554.3625484485486,23.390877894885122
SUB00735,9,116.43090562243387,310.1268814063656,31.553567640570275,4.261487329349354,3.716661037517646,2.0,1.0176506575045559,4.126178363648941,0.4885640888972419,0.3609761099814678,922.6660679037572,23.910743587369392
SUB00735,10,113.3911655664853,399.216526104634,41.312001675581726,3.427927724434508,2.565975686601613,1.0,1.0,4.304951710671939,0.46960891461808985,0.4529288446777632,296.70563920251556,8.734337350869033
SUB00735,11,130.89004926076964,329.82950901177634,30.626928928339943,4.765673404871375,2.6811538979176763,2.0,1.1088929875841171,4.394013696543972,0.39843365281965715,0.2832921593548323,527.9127587086717,15.425412242152179
SUB00735,12,137.5193756834297,511.75880933716115,30.15033206892121,4.5513054779071895,2.7297213527316027,2.0,1.8881891590599524,4.149270712236988,0.5839495328521728,0.47924780650859317,281.70441729650406,17.303502222731524
SUB00736,1,3.040612199553137,80.32422544647228,9.317896795957537,0.47610073846465034,0.3110930306002158,1.0,1.0,1.0,0.4377893158074033,0.29254840305442886,18.595034950610646,17.63989469272064
SUB00736,2,1.4361152177211205,25.80127706204391,13.782084163826827,0.1840800281312468,0.4877710642831167,1.0,1.0,1.0,0.5364388810908098,0.33762463997828185,6.229388516301902,12.12720487194762
SUB00736,3,2.1652880017337877,89.66032349003893,14.215728203886984,0.0,0.44770744115707367,1.0,1.0,1.0,0.36090904632104404,0.47073061695499296,12.393968096471719,11.080709909590748
SUB00736,4,3.746233708627556,57.059054668738796,7.551575909505528,0.0,0.49307581434741055,1.0,1.0,1.0,0.27470674420041596,0.25265072226936397,27.89595576875354,23.738996922674957
SUB00736,5,3.7929193856910053,53.452741995801645,20.96877003496712,0.0,0.08164873505203224,1.0,1.0,1.0,0.4497602589313744,0.2505338693996121,11.860336716144108,12.24753385584303
SUB00736,6,3.622013520730193,4.905802406478514,17.740785987090394,0.0,0.19342357248998288,1.0,1.0,1.0,0.33144712469358695,0.348556741812039,18.051248996994996,15.834404822501678
SUB00736,7,3.802009035729445,37.47421949512368,8.53169188474023,0.0,0.48901566428408805,1.0,1.0,1.0,0.49388427589462114,0.2852413335373855,29.97235797566215,21.29267619430837
SUB00736,8,5.263021106328754,63.541765204729295,20.361284089589542,0.0,0.4267207545945187,1.0,1.0,1.0,0.46275803431365403,0.4701459141716791,35.01534207162712,22.855110793676936
SUB00736,9,6.838132246101342,39.01474918200515,21.870622999757693,0.0,0.034793902638611485,1.0,1.0,1.0,0.4982346924332245,0.5902507464683411,21.018085516992933,14.85696044852579
SUB00736,10,6.541148151317238,72.824226225485,22.237357753071002,0.0,0.30552316185098627,1.0,1.0,1.0,0.32726815848053203,0.44677517518154386,28.568484260988114,19.85732945678862
SUB00736,11,5.420657009211059,42.20317859437725,15.965849074506178,0.0,0.40259281365633287,1.0,1.0,1.0,0.22900076845694922,0.30277381630198097,13.902849878545359,27.238997607239387
SUB00736,12,7.304398126729866,29.761628448927713,17.79060581324348,0.0,0.278005642417104,1.0,1.0,1.0,0.2795760708875204,0.573346512695655,31.31618140182746,26.283910987010458
SUB00737,1,102.44116995745465,257.2822221963708,39.9173077160508,1.2803836575358851,0.7035081443356179,2.0,1.1255941194758337,3.2294187521887614,0.6423655778067963,0.33081503574043625,306.2417909321033,15.78192240409142
SUB00737,2,115.8039843868219,191.0465805279258,20.48762924530892,2.0013364192740415,1.4341235924787235,2.0,1.9854335562303045,3.2849711447164025,0.45885254467567704,0.4313007784509109,593.3598537578297,8.786109789370432
SUB00737,3,113.29823445583493,313.03158139081944,26.115250626345848,0.8234327436573128,1.4079967296649722,1.0,1.0,3.1279951939773634,0.5440207718848357,0.5134553898254882,613.3308342854609,10.514922759017725
SUB00737,4,119.88834686118426,322.56997251067986,30.087195126976443,0.8812300866600123,1.3157212705871923,1.0,1.0,3.8890489376305983,0.36026185443671155,0.3779673449776296,287.8537645017804,12.101241661910686
SUB00737,5,98.48627916250341,294.1277842049374,24.180163312181303,0.2542127424892518,0.6729458190946426,2.0,1.6329091992896432,3.495910721934739,0.29971508119112034,0.3798033176758189,217.64121548823198,13.33918019514039
SUB00737,6,120.02043525512772,247.57056463497162,25.15952082283207,0.46837425265887395,0.8238221239940556,2.0,1.1190912500427612,3.9623233769149797,0.47472426954792313,0.33396525584907605,434.705921395281,27.918520158994127
SUB00737,7,110.0553438331388,185.3334905645178,35.13923991873776,1.6361887988504464,1.0852853533295126,2.0,1.8961458707737602,3.2882160176250443,0.4496549123672685,0.30835147652157346,227.88948569652527,16.347549515149797
SUB00737,8,96.66692392979216,167.01203044662833,35.474469416603114,0.5958227695890099,0.3299386517380017,1.0,1.0,3.103627461624725,0.5618275990895496,0.34177272456837615,323.3113735443233,10.298167745095528
SUB00737,9,117.78635554126743,290.47096884974377,18.370538688340975,1.2449757247918383,0.49048446252816463,2.0,1.6814188311016975,3.788904012972031,0.4289437654223619,0.32098910899334043,476.98187918376783,20.475436167127462
SUB00737,10,118.50842918149309,269.44614361236484,20.511411694305117,0.779914879609923,0.11742022109767436,2.0,1.599427355793729,3.883321143208251,0.32445596482356875,0.5362055111419997,423.1332461381531,23.541567189076815
SUB00737,11,102.16140059996248,216.5798415614468,39.684209014386674,2.5094624411362396,0.8273977755570006,1.0,1.0,3.368914077074926,0.5979063830880884,0.4569917461895483,714.8666488996085,26.226721208931007
SUB00737,12,94.50272608141614,191.6870580198251,25.16796286114656,1.978128002812192,0.8459019950519198,2.0,1.1818820012299405,3.689119232568048,0.3585937041661704,0.4672809707591399,472.26138432229493,27.043910672827376
SUB00738,1,40.82295405644894,296.2540771146965,59.52249257159128,11.184138264346311,5.356487212734464,2.0,1.1814618785588054,2.7466404385256613,0.4900782888066574,0.5057063191254583,190.18720950143782,19.953353944461984
SUB00738,2,49.270582708074606,250.1151628521434,42.77088254773212,10.482940647056397,8.750044982300956,1.0,1.0,2.1886322620596954,0.2955199806082775,0.5943126472020257,385.99554026944423,16.528861746156693
SUB00738,3,44.457512169387755,290.58411643584236,31.42303438940234,13.877513554581613,8.192013660835489,1.0,1.0,2.8343829515130894,0.39471699386793124,0.371886899114492,159.61830098791037,20.665179030472352
SUB00738,4,31.027187811828338,208.83162467857258,30.135306023278247,12.700544439839273,7.764507079839994,1.0,1.0,2.4941613440291888,0.49513932784568726,0.26518702458006016,203.42016348865192,15.647958982884077
SUB00738,5,41.453289372878125,392.24158084768465,30.480788724789893,10.201956213672002,6.763256038943183,1.0,1.0,2.0984042803516294,0.4704901165656802,0.537159053905901,168.18050804512393,12.797308593932645
SUB00738,6,26.754256583091767,337.18473094934683,45.810395962564144,10.423571871068999,6.449086110323675,2.0,1.9859576828869177,2.6022947425808045,0.3513224972415345,0.35668017899751586,78.25247647373972,11.553698390474349
SUB00738,7,28.75077004290452,400.5138637569352,41.103707587871405,14.953735096617267,7.054995488920298,1.0,1.0,2.267859289174507,0.3764970225940361,0.5125801065682536,194.21265383670138,17.655813508767093
SUB00738,8,30.488927000390113,239.68208016434295,47.31936057294709,14.481224131582227,7.365851179559858,1.0,1.0,2.581067878958621,0.43703718274238257,0.47085709348487226,175.19535119651513,25.785760436996757
SUB00738,9,25.753143946275436,341.24691860991743,58.00253949712646,14.19340571994798,6.662307494317581,2.0,1.2079265621524469,2.3621640232261365,0.25930067489129915,0.5899655560691263,148.73128635390108,21.574980462728348
SUB00738,10,27.26394989542187,293.77393082950744,53.51228322791104,9.837358869414754,6.302327381505142,1.0,1.0,2.3420902154943857,0.34304068706064667,0.5905921961632492,111.63282234555155,16.508215564163386
SUB00738,11,25.147448325699234,318.148061392675,49.39344619473758,14.320074579212674,8.679393576600859,2.0,1.2823498873027144,2.0088710322609753,0.46511922095948877,0.28123512005137297,110.7488862522322,26.19419555730362
SUB00738,12,39.15263401990972,297.9284887398933,31.55667904518611,12.251893033565478,5.899401427875934,2.0,1.6054419147384624,2.449927756877258,0.5356512651890991,0.28365466088292196,203.16096641369475,17.45545873149021
SUB00739,1,8.258776602440495,1540.0589884190044,43.94013064249127,2.795042881535063,1.246681737932839,1.0,1.0,1.3455674879618957,0.2611423550632446,0.4508039391032374,16.67005417520372,18.65032421909204
SUB00739,2,9.738732004037026,1211.4119992305102,66.7656346832029,0.9573974822884077,1.426629194650119,1.0,1.0,1.3857655632372186,0.3462301809001266,0.3808664508449672,53.59343403900277,12.39238828790443
SUB00739,3,3.400605633044114,1372.890242330531,68.00774606226642,1.8696111647852747,0.38596911226608405,1.0,1.0,1.5655463120006665,0.21891292958428496,0.3920592161803255,20.532562715512846,19.974023505952708
SUB00739,4,6.513674626729443,1330.8195807810816,71.74398932891968,1.1461513721141596,0.2843445580753461,1.0,1.0,1.5295668196131216,0.5295676947693335,0.4394271981043133,31.91900190125269,22.48886083635706
SUB00739,5,7.9315906902853825,1548.6184566553272,56.966017987829986,1.8486231158737474,0.9776612099742201,1.0,1.0,1.4982515251869453,0.5151464793724142,0.5325076892751178,35.19993420378505,22.05354247986268
SUB00739,6,8.672840115171192,1589.7037040163862,57.23082380545157,0.5529662724124804,1.3711004554200517,1.0,1.0,1.0111177807388114,0.4799923244534652,0.5915506755988117,33.4962884065842,22.99567026333145
SUB00739,7,11.941345053203005,1679.3379936079054,48.79700384463652,1.4392141417301851,0.7729491839136777,1.0,1.0,1.2954287618476343,0.4973682018370327,0.5898561512820804,68.91312120104952,18.94871094247754
SUB00739,8,9.528152185861972,1636.7761903803482,51.79299522385225,0.0,0.7847498395399942,1.0,1.0,1.4869202010830982,0.5363244795793048,0.5380344310583197,27.937891092983136,11.624462850769707
SUB00739,9,11.32733052600889,1430.1243808729862,42.816112550277346,0.7899623932576956,0.1795754418094882,1.0,1.0,1.1386084662324878,0.22410710603066447,0.577751820943861,70.17861257526306,24.83235832966699
SUB00739,10,5.476721602616852,1699.022280880677,43.36730114177011,0.23511356014899143,0.9012819509927965,1.0,1.0,1.4791442819772747,0.33669453407916095,0.36997297133112406,34.8038778227184,14.981405468456803
SUB00739,11,9.693230662435333,1504.3806080089141,56.71593307848195,0.7322975414857595,1.3182052321832582,1.0,1.0,1.6667050527123077,0.30870745915531883,0.5972751527794589,38.4209149663507,9.739000811770426
SUB00739,12,11.946303265711435,1250.2900529130732,41.03022619853847,1.9012263741158284,0.3418491121081934,1.0,1.0,1.320840924014044,0.39905086960153346,0.2604287950742724,95.22966160483907,13.294309296546773
SUB00740,1,56.1452947276409,503.0252944176873,92.48105710806848,3.6591141879381714,3.0516017084555465,5.0,2.9499606176026636,3.141551653293684,0.6265070943930662,0.31372921116181085,321.21366353649154,15.764283685030847
SUB00740,2,73.24756899406225,475.42706343070654,80.68443323192778,2.19812985707585,3.2747145107350204,4.0,3.159707771757147,3.335805799579935,0.2506205268378965,0.2708693663094544,414.3091953486159,24.167679106099435
SUB00740,3,80.18898799030381,481.40194847856594,84.52706554334429,3.5080206700734067,2.3791603468782148,5.0,3.4475682725385375,3.7375817811748586,0.2618296024286309,0.3858881860374668,369.53219847022643,16.520435019387754
SUB00740,4,57.169863502809044,486.1048801390878,74.21250330358448,2.051011867421275,1.658356189329407,5.0,3.1669586383694117,3.266701936809792,0.2634818005828976,0.33520355925842216,349.9454511572959,11.799715865476117
SUB00740,5,52.64406995749334,576.5242252710893,113.04461748634532,2.7700548028692147,3.315474783288553,5.0,3.1667017504963977,3.138945140802463,0.3777451728189075,0.32439327872378904,364.28244254148103,21.501746310348008
SUB00740,6,72.72138009115923,665.0613119703154,108.20853014745471,1.849201019673174,2.21441401649606,3.0,2.8186619987339663,3.913138583501808,0.6424642616118487,0.5089813755857324,519.5174118199769,8.001191275934353
SUB00740,7,76.33607457735826,517.708232917888,97.47023199754898,2.4025659479402552,2.103048859616961,3.0,3.0,3.596634198469407,0.6185891188253767,0.5265337398116195,190.98567538665688,26.33419132524407
SUB00740,8,54.10735214652625,699.2419612016585,116.67437772874115,2.0353116408625653,1.7567002233736893,5.0,2.748189346013273,3.935432239621849,0.5609987241180073,0.5510802059678941,237.80909152441149,22.757283797360486
SUB00740,9,83.82616879813015,481.00823748387194,92.31505489920642,3.3438710532381872,3.1106509605561836,5.0,3.307921633062188,3.7653430453686134,0.6305299889993116,0.2701233443947579,229.86961905318643,17.891331856993162
SUB00740,10,76.64046227270721,719.7959077029885,76.98176759660973,3.501376526792203,2.4332920467536985,4.0,2.9006163460217427,3.103510099718865,0.3503220804179271,0.41810212261284285,500.9950309530043,11.575390443965482
SUB00740,11,56.54282717542112,604.3914398994209,119.38685900488036,1.3557289514400188,2.17029718935923,4.0,3.4540442994237566,3.937585305379803,0.3943310303725459,0.2809465774281287,393.7718908747141,11.660500190277016
SUB00740,12,81.56781829942828,587.7065814997994,94.23375799951813,2.1379965036342456,2.5333997823758176,3.0,2.732354547887909,3.852810661547376,0.35482211592002655,0.5829138762140753,418.0081481654568,20.044394880208
SUB00741,1,3.663991975380208,121.51793298641299,18.83661978103644,0.8832552085776311,0.5578495311367511,1.0,0.715207377749772,1.0,0.48614201424882986,0.5622085654243661,9.540188492824145,17.985302385447422
SUB00741,2,5.027337665649759,142.30435080854716,36.75774759287727,0.19106601645224272,0.21737664749104457,2.0,0.8872200595499504,1.0,0.415670794017706,0.2911203970461098,23.697851015160328,8.95677497109335
SUB00741,3,4.727140949793377,33.54981090964507,37.2714810925425,1.128299993627219,0.08961195753492845,1.0,0.7153868395478116,1.0,0.32403925656992894,0.5363237734603687,18.031822781910545,13.763855155698765
SUB00741,4,8.205069988495548,87.23938974650788,26.579266190345752,1.9149029699276645,0.44114631067457666,1.0,0.8096360161727161,1.0,0.3520917907586619,0.29473802402043314,37.38537773074774,20.433597058748326
SUB00741,5,9.943683598121385,100.24583256881773,33.66282151108624,1.5134546152318422,0.19359205594352957,2.0,0.600971761786421,1.0,0.2361441305800077,0.32367553594420934,58.299959542594756,20.7223343769656
SUB00741,6,1.7935099844438893,86.3844653969698,25.332668634977004,0.9702824308388841,0.24814468830741077,1.0,0.8667688841303945,1.0,0.47330027144725884,0.2635949932938225,6.670587458121562,27.405999066658588
SUB00741,7,7.701568845467954,106.0884266459693,15.681705266420007,2.8293985603007368,0.8245811657677083,1.0,0.85925629441303,1.0,0.5001509958817102,0.2612632723881435,46.379784702278826,27.693453194680036
SUB00741,8,6.480541903767463,68.94945532868164,22.991465547586905,1.582603460138978,0.9648350494385582,2.0,0.6978108998310093,1.0,0.43076308843882205,0.5006208402842753,22.709079084121537,16.87284586592919
SUB00741,9,2.908072201225375,74.06947763246946,30.29940002782681,1.167415187689798,0.49465019951981626,1.0,0.5500438090005428,1.0,0.15547021000887665,0.33095422381308814,11.405888998003784,9.621065771686332
SUB00741,10,0.0,101.8845709673748,42.15113908795005,2.3580710127873257,0.7634498407425735,2.0,0.9148523688791472,1.0,0.5070364743367924,0.5151863100993839,1.0,11.630991610615233
SUB00741,11,7.709060632413767,124.60121428298213,20.32786967571404,3.2236824365245633,0.794072520658823,2.0,0.5715741034148031,1.0,0.3947404602496237,0.28012222144509596,42.96831704359199,10.97408326761589
SUB00741,12,8.39701999849217,74.42180426426813,41.82974857561046,2.5870708456921214,0.4156815971261394,1.0,0.9669644708377738,1.0,0.22825399927468326,0.4047362453293818,40.95137488015373,22.138932574121007
SUB00742,1,112.66008243321173,368.768490921957,42.16824274081914,4.611638158030129,3.770294731125269,2.0,1.8209886224284544,4.431589693081254,0.4305716341544189,0.37775737278489274,746.0237096399977,9.342708206559449
SUB00742,2,111.38809841401218,311.2939530325634,39.785147633148135,3.285236747978136,3.99801781190618,1.0,1.0,4.769445200281903,0.46295083680053206,0.5312534702660211,566.9343797616285,19.67129146791578
SUB00742,3,111.88743016170567,328.3901853260937,30.384475621396163,4.659134124627704,3.2422267894815193,2.0,1.5639096934000731,4.461146451734642,0.4342270419178317,0.5548800683066237,304.97449418638456,14.872765643357637
SUB00742,4,124.24852483121659,404.3629410469062,54.69908731689106,6.465954825237109,2.6748541392850553,2.0,1.6124143764479744,4.178923893274644,0.2546331226797812,0.3800007516998669,662.8155928393213,10.479031085677509
SUB00742,5,126.93912286143917,515.7359161780336,48.05528054426465,5.373396969263242,2.308350388268149,2.0,1.0270923670823522,4.911169432466975,0.39138689166189844,0.3701732915005014,483.0906194715624,24.071084754395905
SUB00742,6,124.23494045700949,529.8195724605176,38.84477639108003,5.781056004643072,2.7433222901236114,1.0,1.0,4.959591873253606,0.6293327882498468,0.47151450060114397,606.268370877527,14.525083423178915
SUB00742,7,111.85186192204408,407.7679162172455,47.169281043714925,6.622707150531589,3.3851917602430843,2.0,1.5061358039797057,4.704150254874171,0.2592005221438896,0.5868067558566008,712.5489578307877,18.84984179072481
SUB00742,8,133.70032093919812,404.4745464566647,45.82116328535798,5.080196274436129,2.5942614146705196,1.0,1.0,4.221186402469506,0.34651896220345724,0.49246640140516285,592.3493098774718,24.1321861760283
SUB00742,9,128.367480520805,320.16125458591296,42.637541783026535,3.3262198237352996,2.8762084418650793,1.0,1.0,4.362151864629784,0.5618407285525884,0.5641998897012799,880.9746858563396,26.346159116011634
SUB00742,10,124.47536109761137,444.2824828897841,39.83663884731123,2.8453060515589685,3.9989913256100245,2.0,1.6318860256803895,4.53649264116226,0.3180634817550667,0.32553399301284797,429.53430689715447,18.6579026428488
SUB00742,11,118.48561439665707,419.0669594500267,53.1091149525721,5.502521183616155,3.9762205677894533,1.0,1.0,4.96713980259024,0.46357367662374915,0.5237831030759237,864.788517153262,25.11813670485285
SUB00742,12,123.43933643796097,457.5606344393447,38.71957836238536,3.7597912486787504,3.5429197526322502,2.0,1.0662533672732675,4.656688645112018,0.517167957281633,0.2985081587394815,833.8935528669896,22.624975520990155
SUB00743,1,0.6264192207647504,74.33690337592347,8.331443759197812,0.4661994815025899,0.09772484738700582,1.0,1.0,1.0,0.19101947794634272,0.5328230105761242,4.2031223819850165,20.833353021974673
SUB00743,2,0.0,18.02456671815456,23.14030422924015,0.09359601795187533,0.4931474283515877,1.0,1.0,1.0,0.23175647376751182,0.4197161526780674,1.0,21.038819639264954
SUB00743,3,2.136208891476943,39.9728452003968,14.768995359697147,0.3204715936629874,0.10876945681755418,1.0,1.0,1.0,0.528991034593059,0.49954346299206387,10.23014602742683,19.85810633120966
SUB00743,4,0.0,39.6945209519754,16.91943333726126,0.038503841487645796,0.41832146674775816,1.0,1.0,1.0,0.20861787952314023,0.34529902866185613,1.0,17.496895221492615
SUB00743,5,0.6369168895231305,17.259403099792003,9.332180620550453,0.43576546429309115,0.4306300031322611,1.0,1.0,1.0,0.33451106625775584,0.31939886101971254,3.423305063285911,27.294372689763403
SUB00743,6,0.0,63.40616940646774,17.368564353091013,0.6348364232697651,0.2408546339688799,1.0,1.0,1.0,0.3746209976472713,0.4008999516865228,1.0,13.612110793056015
SUB00743,7,1.9393501584805037,43.33031686341468,7.098179328763862,0.2607188691450204,0.031057712829415718,1.0,1.0,1.0,0.48446837741339,0.2958188230074294,14.27372441270268,15.95731867440734
SUB00743,8,0.9749640710822607,30.80868010415965,8.236847072785933,0.7254262954436557,0.20205933627374933,1.0,1.0,1.0,0.31487994081540827,0.26137573221408733,4.746193541049928,21.373152430058866
SUB00743,9,0.0,78.19355517651137,16.237759345362026,0.13288461409182806,0.19773895523391072,1.0,1.0,1.0,0.416130526212369,0.591824271250295,1.0,26.52319937492448
SUB00743,10,0.0,33.48389805259076,13.700194092490861,0.5351731475300916,0.4178737560665444,1.0,1.0,1.0,0.15714497828569432,0.29638802903262434,1.0,13.500664517699615
SUB00743,11,0.0,37.58029533758212,8.065055467891483,0.6276769049816115,0.2969698845172875,1.0,1.0,1.0,0.3855494818908368,0.3517154305884615,1.0,11.238055709347227
SUB00743,12,0.0,0.0,9.506634498714714,0.8184034519342465,0.331798856687338,1.0,1.0,1.0,0.27101196823880946,0.2566287714069544,1.0,8.70436592479477
SUB00744,1,109.67829868770926,189.4638756546792,24.80906577323495,0.1386446761405038,0.9757723544581357,2.0,1.7149246307661794,3.554087373206845,0.49862658906064106,0.3638193973495927,654.4757535620603,11.81184598020867
SUB00744,2,101.9909750379613,274.7572471604901,35.7636899380141,1.3957846665043712,1.2574193693208056,1.0,1.0,3.532920312942921,0.3728222344239267,0.5597412898092518,227.28901003182537,11.457454907006204
SUB00744,3,123.8838439839072,222.43438286433056,32.85473310796671,0.24534333375945622,0.5273273100564932,1.0,1.0,3.289116638804455,0.3049327230458223,0.28567798557904417,763.9882210630319,14.694762402462661
SUB00744,4,103.200212144829,236.2602635801365,27.42975694803753,1.9912562991537777,1.1711188348651302,2.0,1.3475068211755044,3.938012391092067,0.6047841517879857,0.4895714297643419,500.11201229377616,10.902108991617148
SUB00744,5,105.27644427242251,139.0470507877651,22.965751514448456,0.7609545466610442,1.0574139694690494,1.0,1.0,3.2417297587242793,0.3224862686910456,0.3002702144848553,583.6768029640749,10.463972357916997
SUB00744,6,114.42728949476076,254.8792048704795,15.479575105959352,2.5627539878737604,1.1893055705446502,2.0,1.6266384272835246,3.3767965922718073,0.44225105345729443,0.42486097383372395,522.2196431670699,12.819322292573961
SUB00744,7,106.5261264048693,222.57800322701243,27.45768154966116,2.242459194070483,1.416681407944441,1.0,1.0,3.2622477242709444,0.3131313752553203,0.5830006462858346,472.4509033701169,23.85009649716269
SUB00744,8,121.2721568398533,156.526626183639,40.69699869388184,2.3074791203864633,0.22536201894459706,1.0,1.0,3.5391633193957395,0.4987583431002691,0.4035388637435068,829.6035655283184,21.038401974058495
SUB00744,9,116.64720106342392,124.95044057846964,21.8701170601125,2.559363208874384,0.8783607840393768,1.0,1.0,3.9101785824873785,0.6417264444675673,0.43514141833303266,919.4976477207437,19.25658879554259
SUB00744,10,101.90122994177851,256.7845815122428,24.895128406105833,2.3212454286013537,0.2812708189959597,1.0,1.0,3.34143631043826,0.32185965234533853,0.4301133518239495,789.8506785342307,12.861702128697667
SUB00744,11,110.67617125850441,275.38986383316796,28.968041251786083,2.3677175946491094,1.0301764772496491,1.0,1.0,3.4729737480487946,0.5333320610359406,0.3069639451051421,740.2259187211841,8.866679735979186
SUB00744,12,126.08431226964872,129.15003989551678,42.30785446804643,3.2615627454929386,1.137728689016393,1.0,1.0,3.8352949324031598,0.35391750092889485,0.25716348880668677,546.8771186613563,22.44959044472017
SUB00745,1,50.958798056301106,206.95744415711917,37.685431443533744,15.297872202160399,7.759422289060291,2.0,1.768164522021032,2.313639701376676,0.49136196290844847,0.2723107539608422,293.0842311832137,20.478353529782915
SUB00745,2,41.04649891540653,193.96779951985755,50.97991971732671,9.986694828018258,5.501283643705287,1.0,1.0,2.946653253336422,0.17473736143253366,0.43074184569984875,285.3761386956163,11.383289458829836
SUB00745,3,35.8818922627302,311.92522348145064,44.77297643198334,12.870121306597099,8.573515039852776,1.0,1.0,2.7557184204628635,0.33283485782655153,0.5217179561622372,224.81609920684863,23.38806687618795
SUB00745,4,45.85492428223432,291.46903104003167,60.038385397955636,14.122624726333896,8.837123101571212,2.0,1.691961606025187,2.829684300906442,0.5121546531553741,0.27900386633616125,245.1781423307842,15.95253397862485
SUB00745,5,34.233436765150536,305.4171095990077,32.0927366028163,12.95044172048675,6.353259954436889,1.0,1.0,2.11194567816032,0.28470391990501687,0.5813046233553478,162.15910832088062,26.953054763525078
SUB00745,6,35.73893296865141,246.27236825421193,61.32214916358201,15.574742059268832,6.402251898786677,1.0,1.0,2.225894772164436,0.28152764646635614,0.3601230604964696,268.38056158707735,16.36339023673075
SUB00745,7,49.14430967422804,319.5655050765843,30.055040078606808,10.098724722432628,8.994694772162042,2.0,1.3568273200542975,2.6740612339673873,0.5369439081662966,0.48150346323918514,139.3166091440396,11.941397581561999
SUB00745,8,47.12743363205162,304.5111572369464,36.229194645395694,15.036142753612946,6.316095016453993,2.0,1.9374180224386577,2.047904431149389,0.2526302529593386,0.2698763666787261,264.8679900028543,9.833488689090483
SUB00745,9,38.331155821531176,210.7230144256469,35.91168022718804,9.446638571959614,8.636220039776578,2.0,1.3537538988759132,2.1574900507663664,0.23541597331781472,0.49937963490202675,146.60920820172976,13.658741434336541
SUB00745,10,49.53907071892356,264.40297328010143,44.85256083238548,10.124287029255703,6.039145512797235,2.0,1.8203279865283006,2.497395634924162,0.45591362888548914,0.40590177267546934,285.69958044823625,14.983937431227435
SUB00745,11,40.95392262137882,337.659241152727,31.371026458380168,9.637957365562073,7.951292286230933,1.0,1.0,2.7278455408199305,0.39226009585748745,0.2706757108885701,171.69207709260402,27.442925479881175
SUB00745,12,50.42685819463474,273.42435593397516,35.5479893295084,9.744401232505425,7.3520002844412975,1.0,1.0,2.942451847670975,0.31700524762077065,0.5518436172078274,305.9258872377486,22.741121012553158
SUB00746,1,7.626403037071682,1202.4064957559444,41.86259706832122,1.68944873189806,0.7234862488491869,1.0,1.0,1.8362603371407755,0.43926709170922074,0.39812547127147524,53.19360854229533,25.57065053328494
SUB00746,2,5.621046341573062,1442.6203451022761,74.18011023638539,1.161661687641646,0.025572176063551666,1.0,1.0,1.1129825976018362,0.1654283007064755,0.26099979964970393,32.932318158337615,13.27859172417062
SUB00746,3,10.876514138913318,1458.4415995889617,54.630962436803436,2.3705228194109393,0.12475384238780618,1.0,1.0,1.7870219277251729,0.4535917715156771,0.4520829887822392,40.14934988957955,23.542646675617142
SUB00746,4,7.564983343189546,1725.251219179917,49.26129094083122,0.5167775632941415,1.2728731318762263,1.0,1.0,1.6860251022765471,0.2999737899154648,0.570026661544287,49.036284468742316,22.37612289267321
SUB00746,5,7.599341029772866,1343.6932067170928,51.94936439268196,1.3735548304122922,1.3620944802681219,1.0,1.0,1.7633367839594287,0.45704146150612235,0.32161216768533984,33.76085334390662,27.564925094845705
SUB00746,6,4.877891157898204,1623.8529991443281,44.402856124969425,2.465078635972136,0.2758070802041727,1.0,1.0,1.2497061955902646,0.4024005833505172,0.5904471850936088,30.298335489478717,9.05549251598494
SUB00746,7,7.883226418113409,1499.6551985694887,77.55653099784963,0.9270924989142226,0.7336405005062155,1.0,1.0,1.3815653411136837,0.17901351002862897,0.4301235390440633,28.573860123194365,21.792893280703726
SUB00746,8,3.4507064782595016,1812.2891359165953,69.05415352385432,2.194922442562266,0.7593576864053455,1.0,1.0,1.2489074050341706,0.25201656715524023,0.2925960380161086,11.40196985811854,21.018193651959997
SUB00746,9,9.933396416433117,1329.1369980260959,66.76764920270703,1.3625131208220833,1.1900580936825327,1.0,1.0,1.5847108360131363,0.4030147329828635,0.46977510521778376,38.72085302569064,22.383094506276425
SUB00746,10,11.252801801800818,1299.594423389068,57.56590322367359,1.5869494566687425,0.5102651257113738,1.0,1.0,1.021356702465036,0.33363987407271006,0.44845246647946735,23.130348692613676,26.63467344131073
SUB00746,11,7.672612177901386,1790.9496326924823,71.76097609694035,1.9258751958167157,1.2723991814292348,1.0,1.0,1.4801643083308251,0.4315219601739477,0.5054843973120811,30.663513443186382,26.967136560830703
SUB00746,12,9.609477685615031,1262.2736196197375,61.27284351402896,1.6980649861382817,1.1478146914946812,1.0,1.0,1.673457112942796,0.4829338903815966,0.4324403511726674,75.72617328869595,25.844465249831593
SUB00747,1,55.89530153577685,547.405506559921,82.64132864906111,4.5613711190597686,2.9276661956675896,4.0,2.5169941118336365,3.917169421914042,0.6090893772180755,0.5739270798936396,226.4685198414755,8.756262651886905
SUB00747,2,65.29808394583142,760.7351133155844,91.47845996536053,2.636607072005634,2.3488292321631854,4.0,3.2897249310586325,3.936351485538017,0.6481250701970108,0.43294336568709657,219.2359302680744,12.574780131308884
SUB00747,3,75.67746012397568,653.5866313199227,66.26396592106212,2.529688722085749,1.7548812984436912,3.0,3.0,3.3006182017019605,0.4162880703757317,0.49181039330844356,468.18775483632305,12.076815926976774
SUB00747,4,51.763123730938204,550.3327020711893,65.37478809660138,4.083803731881063,1.9893339741028655,5.0,2.6961880914368317,3.9769161223156306,0.2903921461745158,0.4197838532538986,281.12620339848235,27.77403386311148
SUB00747,5,72.60706079561551,575.252989561614,62.04074770871091,2.4281745897581635,2.729088723015498,4.0,2.806136748248709,3.186766160919187,0.5861656046232492,0.34743258251436926,510.04579211442,18.603438015997796
SUB00747,6,51.4187457558353,437.0098278426506,74.5285500945994,2.4297009853370963,1.6864902755054458,5.0,3.158944370941786,3.112555776631377,0.29304739677444364,0.5156186366706015,103.66188157023896,18.027761401637783
SUB00747,7,74.4248289422913,566.2006278673546,117.83748137556412,1.9391159822823967,2.6832653844830423,3.0,2.661644358259303,3.760255242203438,0.3060813250370493,0.4514110907605975,572.0338051526923,25.368968782575656
SUB00747,8,65.91025072968351,533.332804412485,74.15825373782377,3.846735946110394,2.4955565149780514,3.0,3.0,3.942200668347724,0.5242697173197751,0.4037996530989696,394.59424104334875,21.08248733025716
SUB00747,9,61.80988852851469,694.3538710940538,72.13809237839537,3.097035664098578,2.6586169117651193,4.0,2.5098251932806144,3.20978179912459,0.5570302292069587,0.38560551297150125,321.94737705721843,16.300997594307027
SUB00747,10,46.637256309501176,802.768902226938,104.70600196518438,2.278527894090839,2.023133014103962,5.0,3.3105487056673972,3.629902563954772,0.3135860131293443,0.3364764000737513,214.84483067115983,27.928253506951034
SUB00747,11,52.48077621669561,671.9796102401183,87.31245684102518,1.985158368452653,1.5217241571586897,5.0,2.6170272157109142,3.843327064460883,0.4611612345607726,0.35074293285488645,118.57935929467057,17.30327207356791
SUB00747,12,44.237419415976866,712.1900796405396,67.60694221033741,3.842209921333002,2.1947985871374396,4.0,3.1075797519176183,3.1546448166887266,0.3438487864711027,0.44700702516676616,307.0736112733177,25.953587389818818
SUB00748,1,4.374979900005749,131.8536204805248,25.633966082614567,0.06443934974214663,0.875407865535942,1.0,0.5254162610062506,1.0,0.4082501946955005,0.3739296113325433,21.302241267734768,10.276267701128223
SUB00748,2,9.450303525435856,117.64107798928268,20.319271117011724,0.6969043870537095,0.9508787174054871,2.0,0.6547742868097757,1.0,0.33584319349684444,0.4820043278290719,54.955628540764955,18.588696809867315
SUB00748,3,2.7387592576514526,154.83834206205847,40.52167940501798,0.7510144507305263,0.5871979942440059,1.0,0.8801267764603548,1.0,0.47211150425329096,0.3185432727874936,11.113792911761955,24.08051980838605
SUB00748,4,2.9118540602626046,179.20517257114565,39.50741982456786,2.0529789748331226,0.5189704446483421,1.0,0.8414641407514899,1.0,0.17215681546515244,0.5696792183382091,14.762440260834161,23.030531231476694
SUB00748,5,10.560036555092935,175.77686285112537,17.50618140790186,1.1183108379536444,0.5057826816568737,2.0,0.7802483208400124,1.0,0.3822865493891039,0.38618672383153896,23.877020806370815,11.764986808016648
SUB00748,6,7.450769812451686,106.08374829371733,30.711908575019574,1.287016778436557,0.707219041843981,2.0,0.8161876043592631,1.0,0.18491399758436916,0.4511327546935765,50.648937705707894,22.707970009820475
SUB00748,7,13.886547729918469,114.81340097677612,19.603681941473205,0.9042952533930557,0.8233400571555166,1.0,0.8599929263261055,1.0,0.2784492709473535,0.5423411836664989,91.77264971987074,15.793680030327666
SUB00748,8,5.185698476521126,115.8109166434673,19.512755574118653,1.1029416642229637,0.587876543959877,1.0,0.9539318709636153,1.0,0.22373811835025856,0.5434615933741302,39.91518498263827,25.197225021912338
SUB00748,9,13.022136256626336,110.98266247123337,37.34205536064006,2.3588942599609806,0.4361086908981495,1.0,0.5869810122745595,1.0,0.35912918458395304,0.47241359888484064,65.43156955855225,11.822285979834838
SUB00748,10,12.381066417002526,105.45769613787284,19.10217433364797,2.3160225780396915,0.6482101741086481,2.0,0.5236824891248308,1.0,0.23292064132732654,0.545113236558572,71.47385548953974,15.857718400065302
SUB00748,11,6.478933160647685,193.2796512307752,42.55121631467773,2.2414230042658767,0.22661991334566023,1.0,0.7711136591463419,1.0,0.4579258345933923,0.43602499345612844,46.459033839994774,11.235648020479196
SUB00748,12,13.534473821832659,181.77595912812288,37.22643874564461,1.7698628410634658,0.7381332934156067,1.0,0.7077880025161727,1.0,0.48334521176911205,0.4661959111261069,76.00432340924452,12.525040397593703
SUB00749,1,118.28675560011341,407.57171165424404,46.62187967711973,4.326630259197317,2.577573560253506,2.0,1.8509669880594966,4.9282203478516635,0.48032466903946314,0.3694218468269121,606.300911328315,14.014893370159609
SUB00749,2,121.75991361435085,531.114119800847,30.818586719207286,3.9040508342607514,2.1074705541599634,2.0,1.406842795638612,4.597976404312844,0.4356042418612175,0.29263560517742815,273.4924673020024,14.612894266300152
SUB00749,3,126.65741983660543,471.89366922738543,35.87652374731655,4.1227929833239605,2.1156796313685415,2.0,1.590633374461351,4.520772832255814,0.4009966404334626,0.3531719720091126,480.33825760910946,17.046160583503806
SUB00749,4,120.43311165842519,378.36438791906636,37.54653728554152,4.615719297571778,2.1898591113298513,2.0,1.9617985323702045,4.404334646118827,0.38109822127986326,0.5027030261389496,408.21669180127424,13.237815845262478
SUB00749,5,140.1834818710936,395.4209595751,48.35234029319892,6.4377970556296455,3.024717188022135,1.0,1.0,4.5667592764148415,0.2952379805678618,0.284267694655036,838.4015626030582,23.073237287966563
SUB00749,6,133.7571778884712,562.8622414247969,47.508634866928816,3.9852551474257507,2.237243484894889,2.0,1.456414025404826,4.312430415243924,0.516537659524721,0.2657289482574158,983.8496996154761,25.471408659195742
SUB00749,7,137.5953761521094,524.8335728329369,52.73236806897015,5.138345947297738,2.284516365057998,1.0,1.0,4.460355195739453,0.6318330570172975,0.3138235470154499,1093.8018418031497,10.052319425170994
SUB00749,8,118.80068960819665,453.74362122441914,50.59120757171874,6.394487860688622,2.392461784414958,2.0,1.1200590872428435,4.1869832697091045,0.3211651032434514,0.4228320527263778,602.7582190026695,19.752659257427737
SUB00749,9,114.7738829579616,492.72489458842597,36.095341465577675,5.514497265894352,2.2838227797533275,1.0,1.0,4.367068885368544,0.5702547339083668,0.3242450291376646,529.3621933464873,8.264284962896946
SUB00749,10,136.00323842395616,500.40890350149954,44.9856959236778,6.732969725334227,2.930671298768836,2.0,1.5890055095973228,4.672805735966784,0.2509367015742422,0.4432864149800526,801.8053810346245,16.38576616231261
SUB00749,11,130.2479122817434,343.1431575044883,36.24690911954495,6.141486193777,2.8190449822404453,1.0,1.0,4.326348315526168,0.41780195286375155,0.45709520132701764,388.1654572681413,21.3197857633435
SUB00749,12,125.92021734181779,434.62020072110397,32.13487517786551,4.437846524540511,3.9446097323083693,2.0,1.601026973512962,4.167303740551984,0.26846773294853554,0.43158779080401766,268.36797698790787,27.113166325683395
SUB00750,1,2.2023156418503156,0.0,21.704187114197964,0.3658895198522584,0.09690412559945277,1.0,1.0,1.0,0.2346608265492208,0.532065767025184,10.625196218164026,14.975682710978512
SUB00750,2,0.3291790174212289,0.0,8.826224542016938,0.27847136991036403,0.31633480642062295,1.0,1.0,1.0,0.19039061979006472,0.45332049493755955,1.545396929277346,14.81829825571214
SUB00750,3,1.7260392902103754,43.64391761649449,13.475391679523373,0.0,0.4631476924645845,1.0,1.0,1.0,0.28026976748610377,0.5167637102881844,7.877516112408886,15.143453472428988
SUB00750,4,3.750132214139909,97.03031859824674,11.851735641067753,0.5412066185798023,0.47910666198682456,1.0,1.0,1.0,0.2346582654853066,0.2609292167033157,22.53220296128968,8.582567452495887
SUB00750,5,3.671596158512023,56.30010153323064,8.7142067162587,0.473326430151537,0.41046026870214164,1.0,1.0,1.0,0.49075249810508015,0.3475249555563447,27.806469577824938,17.37885528209871
SUB00750,6,2.6108708588619756,38.185383987924716,11.965700671701796,0.6491727487195373,0.18728061970818,1.0,1.0,1.0,0.4861530448688012,0.3089348133300509,16.898613444866214,22.324770802912308
SUB00750,7,3.5189654296822215,69.67852567346209,6.480966533046599,0.60450676446776,0.06931781396790804,1.0,1.0,1.0,0.18614685273696682,0.4531749442703612,9.278528056546701,13.586775338193457
SUB00750,8,4.500958665253195,50.57941315857228,12.35272219881201,0.4217734529684556,0.269066499749934,1.0,1.0,1.0,0.2437247143584238,0.2540011173735619,24.574108088813894,11.03550058482564
SUB00750,9,5.234614614135951,26.480260751513,11.923566630215344,0.02886357184766375,0.36451951803182686,1.0,1.0,1.0,0.23194788108098066,0.5252174540008954,15.472385628053734,20.868953843135785
SUB00750,10,7.396406303763541,76.2943153861257,7.6258584688657605,0.2766977115954827,0.24755170045461034,1.0,1.0,1.0,0.22692501859913103,0.46772672912666524,35.07139175416434,18.248769869252072
SUB00750,11,5.301252539245629,69.99185384203749,22.13601729400856,0.6800062261988498,0.13332864837774777,1.0,1.0,1.0,0.24205036450212977,0.5955687826907954,37.061344608045445,21.47498930882924
SUB00750,12,4.43480730282457,72.21144782879065,19.541544623507946,0.32665872013563263,0.39642303615466395,1.0,1.0,1.0,0.4442188700820686,0.47231497830948943,33.86645095264566,16.53037900539894
SUB00751,1,102.69470122977886,318.6190562904064,44.618588349336264,0.5114140052030799,1.4573864664802354,1.0,1.0,3.0491680625566717,0.31800580270830725,0.2899772052422866,624.9972832177607,9.221062793000184
SUB00751,2,120.4257661605702,241.8900023276493,23.232294803975837,1.3171617652589394,0.6895279799750279,1.0,1.0,3.733243460034989,0.4807198512352996,0.2678366894126877,946.8764517999663,9.63882238095131
SUB00751,3,95.86586722163563,319.4986320997808,34.41645923503882,0.359057466989002,0.9237975769554851,2.0,1.3793311086836004,3.0997297037762337,0.567735702566675,0.5827059677033104,193.72834187680115,24.701162356763874
SUB00751,4,101.48109932629016,280.9812019334758,33.04378145530859,1.5813128121158007,0.3972168561569483,1.0,1.0,3.7572870896565465,0.28570874361847287,0.329185675019171,589.502696913843,11.608998392607878
SUB00751,5,105.05558594333041,205.4004084387132,23.630590387659623,1.9727610748095108,1.3312994496744575,2.0,1.9460237560911828,3.582815566910219,0.6450419024936868,0.3324201366778962,828.027991867439,11.483255299264858
SUB00751,6,125.38622279502636,311.49263692186133,24.06201964541069,0.4055528447333897,1.1030081466447634,2.0,1.6031566400447343,3.01194129065369,0.6045519675685538,0.49442472147905087,908.0759943967236,14.010526664089381
SUB00751,7,111.99224329120129,301.6254525020063,26.886193392112407,1.9409856314723153,0.12674333301923507,1.0,1.0,3.5151680565372967,0.6031242102948202,0.4353587342317006,764.2673844406164,26.347282405093768
SUB00751,8,104.30989542961744,280.2961140502356,18.148310341644326,0.419655350967651,1.0771547133047286,2.0,1.8874342891029572,3.7537578748440685,0.5263476425528961,0.5455117965091887,803.1365119404386,27.29771694492336
SUB00751,9,123.45689189318983,316.7807904644577,28.560881247075418,0.27821936370066463,0.15948848394423526,1.0,1.0,3.798276846647484,0.4160422921732413,0.2536464953220142,441.50329907121767,16.37265516821655
SUB00751,10,122.75050355317055,280.38982430921516,43.63495592475759,0.6879733402680006,0.17116897497705974,1.0,1.0,3.00388809502607,0.5082951275318017,0.43927879440016504,611.6166348082215,16.951609971457817
SUB00751,11,125.20963827532316,182.1983067060178,40.07958739607615,1.7869789369388935,0.08942652619173846,1.0,1.0,3.810955770302735,0.3094563211145558,0.40825735292700405,680.3164337134479,16.80859875768322
SUB00751,12,128.18789338342305,314.7761869109115,43.510091788640956,2.1497443641280753,0.5999208101470732,1.0,1.0,3.9157656599037414,0.6243649287247589,0.4541958843155657,783.79364181134,13.06816724271892
SUB00752,1,38.20124865217585,226.29758130427305,57.46805328232281,13.545497049789397,8.357022571244576,1.0,1.0,2.33177311074307,0.517986641656549,0.3673224227075427,259.3400185954793,26.4077399857594
SUB00752,2,31.287068682139903,215.9218255655352,62.33673369216855,14.162591811971557,7.065927106497187,1.0,1.0,2.834092000061684,0.5334904105677384,0.3088895515556261,78.3005740569499,23.673000529658932
SUB00752,3,47.99377640644093,264.28770230405723,35.654566568220325,11.368479128219446,8.09378671575241,1.0,1.0,2.6002282536476446,0.31424787418065503,0.36909771409589986,296.31663087577317,9.118999924534304
SUB00752,4,30.434029358010335,336.4425502534925,43.521926141109276,14.932293475033179,6.703537698106012,1.0,1.0,2.6272223431070754,0.19759162009553116,0.430013946106914,217.3430104812088,22.366634805889596
SUB00752,5,32.016904776667175,339.4631947225369,35.90789948304381,10.393545445279132,8.377200145033093,2.0,1.190716751066272,2.4937284895502927,0.320178620898421,0.48047372351035794,254.30621929298442,12.153131897515163
SUB00752,6,41.116927761810636,353.68257697451514,45.51507134820322,12.653138673281507,8.665918062725845,2.0,1.5475186461614228,2.0684132282988825,0.3442524404704771,0.4869414856136739,158.4681601748933,26.89438105414972
SUB00752,7,40.97741760387839,264.31453942404715,51.92284393081342,13.287804135695119,6.243701782312729,1.0,1.0,2.7074811108778376,0.19744398640888888,0.2729539550293648,192.76107503698404,19.05051214964513
SUB00752,8,32.14018938335613,366.7466868954528,63.54410719294631,13.252385780529321,7.965020495256171,1.0,1.0,2.2703582450456232,0.21462946673225874,0.2616235387642495,228.27584928221347,20.07081862779665
SUB00752,9,25.435905207606293,231.52980582118226,34.56246499384374,13.094828582778737,6.051488492059834,2.0,1.0888503485697045,2.387734598877166,0.3360336892310022,0.5060799854262817,77.93938430576752,14.97232935412514
SUB00752,10,35.93784446188001,359.1149760933779,61.1466257276646,14.32926638675474,7.1979693310141535,1.0,1.0,2.220248577543054,0.3297494998138337,0.44890240825539807,265.0635029286684,8.435180056872277
SUB00752,11,29.221737691483455,339.23224124113233,42.718939374944576,11.887701582731163,7.8622020734212406,1.0,1.0,2.070778581583575,0.40902030790462063,0.47335386346690045,139.85046139141778,18.8184742151482
SUB00752,12,42.14609677237647,271.52350155805937,31.347937110586237,12.745364366366124,6.257799642119264,1.0,1.0,2.487550268799483,0.5360345430812766,0.255674411948162,269.51020209962365,20.166299692231203
SUB00753,1,3.633240987251624,1434.3333313919961,78.96027576097629,1.4638319619429205,1.422123097979005,1.0,1.0,1.1990217424526985,0.5150447318421993,0.38206568935436125,18.91423738090433,18.33109384563358
SUB00753,2,5.7000411487681095,1397.199277209101,44.35674602397637,1.984089744780937,0.21536917732610222,1.0,1.0,1.377814912371349,0.47779269055754126,0.503791209720867,25.741160957902427,18.25888139348665
SUB00753,3,10.594619916114187,1418.3784073978625,74.90326039103411,0.8211603560415903,0.679971509220631,1.0,1.0,1.4985908879092498,0.23610356717223707,0.42489466226217837,25.912686799487147,12.446019659744636
SUB00753,4,3.06476204551935,1484.2270782921044,50.91276983896886,2.4291144006022805,1.1080831512982128,1.0,1.0,1.7711294870315117,0.4723467929768177,0.5623759233919637,9.705747878846012,24.908288388475615
SUB00753,5,2.9624858709880564,1310.343129049587,50.39522308925902,0.7496574868043276,0.2692543347828931,1.0,1.0,1.7677481788913632,0.4250355461969939,0.34607454725907666,10.679492536304437,20.613061815740373
SUB00753,6,8.692130136708723,1386.1143526603728,47.31484370283126,3.1356973209235566,0.7585304796354996,1.0,1.0,1.7671012433536557,0.49467189399688916,0.2830895013614255,67.06923420318137,10.444896237086315
SUB00753,7,4.076375323647843,1388.2552067145132,40.80046890908249,2.591910938434884,0.09155390375434103,1.0,1.0,1.8681422729608939,0.5216975951767219,0.4265229523389223,9.459059719558002,21.42637028982475
SUB00753,8,10.325304723772325,1471.0679875276257,41.488041904463586,3.771985377193327,0.03712241949500539,1.0,1.0,1.4364469273427996,0.2461690224865109,0.3689742467252549,41.71585886546976,25.49690976898673
SUB00753,9,8.064079030537767,1449.5087482883446,40.31531054570581,2.2481633081079195,0.6662617471669032,1.0,1.0,1.8985087551876656,0.3042179563808205,0.25036308854748457,56.27432206311692,13.022127595974268
SUB00753,10,7.418128106576898,1528.6994402635084,74.37130762609559,3.3493663733923267,0.8755991660113904,1.0,1.0,1.3931063366060321,0.44141117774337046,0.2980325320261676,33.09574295392317,14.346260221784805
SUB00753,11,10.944431149438305,1391.3304810094494,78.1926024199037,2.7454455249374528,0.18001885436181564,1.0,1.0,1.2145608720982735,0.1663359283324389,0.5977578306728555,25.10892087268271,15.699966400853093
SUB00753,12,7.172809474888993,1258.4265747776183,61.89177122716707,2.163947284439171,0.844085333116612,1.0,1.0,1.9996403108616823,0.4612272025521763,0.3361577588637792,46.15526649378395,18.0350178947361
SUB00754,1,77.06081960457999,530.321014937714,80.98432142725267,4.743325529521866,2.0506974542105914,3.0,2.7383406967940007,3.0704204822674446,0.36902935694359895,0.3475120866260557,375.69120333265613,27.541487923705517
SUB00754,2,66.34612568504153,518.2921899622856,70.04530149792703,3.9149081593448978,1.5678344547881349,5.0,3.009260629306305,3.7918114241392673,0.3611585001977582,0.2715794167413487,181.46754197789141,11.508930289988124
SUB00754,3,75.64520430941309,603.0492652906623,115.92435183284195,3.1296603128307314,3.074481082516816,3.0,3.0,3.1171854975660596,0.31319096662058377,0.5305842150417939,320.60857725632366,9.001410900642272
SUB00754,4,77.23272187191907,694.4527379736763,63.48819753973022,3.1249053971881415,1.688253166955817,3.0,3.0,3.2912693832285185,0.3771378456845551,0.453987931654926,226.24823605805247,22.644191827347107
SUB00754,5,64.02564610556965,699.9384908412434,61.08598668336413,4.079717955141774,1.590711577967017,4.0,3.2073884728282747,3.749019174168856,0.6020472742816343,0.25405747852860244,347.0139563679808,24.42375841277991
SUB00754,6,73.54391719642126,781.8856864092014,79.50720422456382,3.960131400474855,2.698297861459114,4.0,3.0069014064733306,3.5753827884597955,0.6441764693852557,0.30245444512387754,344.18297608895415,24.61754779305323
SUB00754,7,74.26999775715052,455.99851313169296,113.3590007463831,2.994994306696193,1.6441050937167543,5.0,3.3280387808317777,3.027720550770243,0.5119048531747862,0.3868718815891168,462.6227101093925,25.98713830616539
SUB00754,8,72.69155283508056,577.0134685919912,93.90923747210661,2.3982993145864344,3.232076457445884,3.0,2.5693971113534575,3.854245035954802,0.3266641149942327,0.48492957791981567,214.6879024134276,17.34427622849794
SUB00754,9,65.00642351744492,674.124764314768,81.4902742909946,3.334798715420235,2.4073246875429226,4.0,2.769641312963622,3.679844273099555,0.30980495680153775,0.32325887072427756,276.325091033134,12.959682252840736
SUB00754,10,51.62411813707388,734.998087173122,80.28211941508755,3.047615891232291,2.8392436282808164,3.0,3.0,3.099978116107815,0.5887653387313836,0.558061201161655,290.1013077317207,16.80774745447137
SUB00754,11,48.601973397703595,734.5124213210993,94.5875348267977,2.7565677380930955,3.4374766396794794,4.0,2.5863397847591947,3.8002597913355673,0.31262131067137444,0.27177759007789876,111.78017935405178,13.402574680986337
SUB00754,12,68.51898441339583,511.40223696449226,101.14843074101847,3.0616611960899776,2.985744089775384,3.0,2.6119056272594166,3.8400830420537666,0.3776457431923548,0.27617784800145906,145.8302918715982,12.528620942989432
SUB00755,1,2.9210549205161875,118.19404947500072,39.57099390228517,1.3984991964533255,0.05622930168835272,1.0,0.7404667505644926,1.0,0.19714596514938423,0.4953098176715526,10.080634192156541,8.592468165786428
SUB00755,2,12.485668178830279,146.70957752444718,41.013869793528485,0.4344311380246082,0.5359278087006019,2.0,0.5026028969210816,1.0,0.478358591650477,0.594795500425171,86.86843718477529,19.390264970810456
SUB00755,3,14.789398194622802,101.81067847213875,43.04009340814973,1.8941419121156116,0.8302555618515239,1.0,0.9953947848746294,1.0,0.4113548026208119,0.3253459223050056,68.91681731956771,24.33554407663867
SUB00755,4,6.99948878060433,114.47739489572373,33.02922788802594,2.1447471473877036,0.8492816531575221,1.0,0.7602697892491626,1.0,0.25974070257996706,0.40953027000133935,39.443930260131324,12.827868071251038
SUB00755,5,11.290184075280571,131.58227713955333,28.946751776137095,0.4714571043666705,0.9443320637987818,2.0,0.9237919293349857,1.0,0.23845779514862286,0.38036662838939506,31.371081601302595,27.097273884893987
SUB00755,6,12.050345425890676,133.25318533191367,35.13705329907222,0.12858967493739568,0.08882730648404757,1.0,0.8603892776357114,1.0,0.2154534349691425,0.299434022687093,34.790107817687904,12.34751075655237
SUB00755,7,5.695039868331596,36.15391843795501,32.59751510383091,1.1032299735929811,0.3485222344460249,1.0,0.8307796820558063,1.0,0.5300148534334049,0.5781048228493784,15.35768707581009,13.509369386337129
SUB00755,8,13.666751121544813,158.65062589977964,30.072287746080566,0.6453086673905554,0.27670551929983456,1.0,0.6865955023065786,1.0,0.40711588422072365,0.3066766086381799,52.67372509495874,20.39227268002615
SUB00755,9,12.303849236860884,101.81935917248337,34.30132831273136,1.7432692266702783,0.740405622472185,2.0,0.5584101635305774,1.0,0.3973149253844923,0.54885137398951,38.141830687860995,26.16239596453614
SUB00755,10,14.726696854203425,146.30109129169261,44.17189571985351,0.14077626849943828,0.7024846633745806,2.0,0.7365126164227779,1.0,0.34345617820011354,0.5521340544114821,42.66690156285589,11.538470646239933
SUB00755,11,11.459997782406916,77.29907749351224,40.251631552958244,1.465831745768729,0.8084165330900723,2.0,0.7143731072247468,1.0,0.3687256321314336,0.49056739442875297,82.43620599238247,17.661482566187054
SUB00755,12,9.336602595189966,122.72074621020772,17.08456230376367,0.02842675230998573,0.5932623120459842,1.0,0.5422022632809577,1.0,0.42549976044693394,0.28761486256886615,27.72982759234601,8.849010168286323
SUB00756,1,137.75699627125726,440.92915148794185,51.79769773610715,4.776519215409059,2.163195120796951,1.0,1.0,4.87116854464899,0.5025107138108215,0.5905706370317562,903.3363062353855,17.20340715344189
SUB00756,2,112.72660628687761,341.5733743657386,33.98639344559025,3.8715673329298848,3.828931752343919,2.0,1.1028544231496444,4.84462490449389,0.6353614642717869,0.2826868772610345,835.3037870987908,25.282999036157115
SUB00756,3,112.77154581355836,315.50221153949843,45.43548407408361,7.201220954658224,2.8262852326404024,2.0,1.0658870101379014,4.565023001703296,0.34322375461586874,0.552653882044204,744.9612352729533,14.874459182869659
SUB00756,4,130.3200778476767,478.28444296576873,49.52745012418294,6.172378861330711,3.098059319891039,1.0,1.0,4.959477726937356,0.27411005037073166,0.3802905394242567,987.888951727044,22.900916129989454
SUB00756,5,124.80719400298673,452.51596581661227,45.48182107705896,4.3011538736112245,2.495152413419265,1.0,1.0,4.515762040209881,0.3109736708288696,0.43947848846113774,288.73456457129214,9.930659438027881
SUB00756,6,128.20528368616087,401.3892288105814,39.53051359542413,4.886010534549961,2.0835939115345816,1.0,1.0,4.022801267769024,0.2828664415599883,0.42410819270395195,767.5581188573567,14.339963532404298
SUB00756,7,113.76412626605408,526.8104611682874,32.65367619875948,4.889853706947637,2.292467651023927,2.0,1.4958672956016168,4.622945443322043,0.4698190612930845,0.3374121547850747,674.4315015186783,13.140131105947034
SUB00756,8,130.32414811267734,417.6143567382695,30.371931268722676,5.822050392521168,3.8506646838409297,2.0,1.0604068338508397,4.208704061927177,0.40692306895559416,0.43871395484545495,893.4788838007073,22.702600466486825
SUB00756,9,110.23188618616939,523.535363129879,52.95407497168568,7.459250794931319,3.1212538698949626,2.0,1.4144216603440727,4.83710130376336,0.2847034476238991,0.5835807644088875,866.3419864383305,15.276887939626409
SUB00756,10,115.72334818843922,467.29860626157694,35.732547384052175,4.622652612116869,2.0753188295033196,1.0,1.0,4.392015982431714,0.3424978887026313,0.2999017742751591,761.1286230447829,20.22268025497984
SUB00756,11,124.35513258501742,480.3532402484169,45.31234880470643,5.467693789911991,3.8888081325948995,1.0,1.0,4.798228428451348,0.330964155275844,0.31578201984557586,927.6974321101663,9.665021196903648
SUB00756,12,116.67050514996946,459.8240121913919,41.36856714977802,4.311875486777318,3.889443931680054,2.0,1.3336453192656441,4.021703719042884,0.42228617096224275,0.2831759791161191,401.773250595227,21.040597866584104
SUB00757,1,1.5004884671989849,58.55802692040592,18.89874106731026,0.18836434400413868,0.4142793053290628,1.0,1.0,1.0,0.22159790116491548,0.26738066299507957,11.776469339415797,21.968211062476854
SUB00757,2,3.0444956481040597,46.40931900943882,24.003379601327286,0.23910468235312185,0.2692627364379568,1.0,1.0,1.0,0.43520243316615903,0.4288509755692883,18.687716438040226,10.554799881544064
SUB00757,3,1.9445914334261833,55.62883568750418,9.586435678945122,0.15147091836827414,0.4366885836175287,1.0,1.0,1.0,0.24993291542288038,0.44475972278711073,9.31249365195165,21.97208953131272
SUB00757,4,3.1801769948292486,35.57337576223503,20.748582134387377,0.0,0.45416229088013443,1.0,1.0,1.0,0.22716503328212512,0.4703309616044815,19.11251699777811,27.323900049278006
SUB00757,5,2.9486119513587115,46.24272826691712,18.986303054479244,0.24899402517976807,0.47719584153516215,1.0,1.0,1.0,0.31747611665606756,0.2740018864184077,12.033537637203933,10.420259850336894
SUB00757,6,6.122300246142462,56.05751237147213,12.148674712186466,0.0,0.43915479306638255,1.0,1.0,1.0,0.2987732648991315,0.2621987434356894,46.781444813501814,25.091981539590044
SUB00757,7,6.145261038354876,57.805174868983585,9.036495497250312,0.07744199945781971,0.14430788856390403,1.0,1.0,1.0,0.22667732120238124,0.5589850732531456,22.949024106318316,12.007436983280426
SUB00757,8,3.848582562777568,40.13717397976979,5.1840677481441055,0.11774826044693124,0.2682447630819201,1.0,1.0,1.0,0.3805815187581517,0.49427875692260104,18.185870145654153,15.692481482324656
SUB00757,9,5.6659762722654845,71.3348356260048,17.066979238006088,0.0,0.04388473326108033,1.0,1.0,1.0,0.5026961198821144,0.2914306762953405,38.75695657504699,11.476064935388191
SUB00757,10,5.482296885184083,39.00163553947151,23.663628846950264,0.2520538528489673,0.1369832140264015,1.0,1.0,1.0,0.5191311075983274,0.47611973611874103,40.65493158282695,17.637838638268548
SUB00757,11,6.102443770274693,27.036078643687084,7.505736723660245,0.2779474639651124,0.12747557465378367,1.0,1.0,1.0,0.31960771727438836,0.31180518023256254,42.284182531627266,19.71519642257935
SUB00757,12,7.1719730469443554,64.9605675148809,17.79046276166582,0.0,0.26035807148186907,1.0,1.0,1.0,0.33156793206691826,0.3231697961221683,55.65851788005753,26.665533223424752
SUB00758,1,102.89090658460562,329.8959650032013,38.50515586613577,0.04495993008377351,0.21265569533231748,2.0,1.2471915577438528,3.4927670792196603,0.46788982968352155,0.2765579748673405,347.3298349173415,16.16966097906228
SUB00758,2,119.28247092870122,326.62659042328363,29.211668584118307,1.2701202349530527,0.04381626102609398,1.0,1.0,3.9843639988593567,0.49956476565334007,0.4992198629487472,880.6250087134302,22.000297310060827
SUB00758,3,107.98365987741762,237.5126333500838,28.782410626433013,0.519992560481364,0.9909680671230348,1.0,1.0,3.2609032731900287,0.5346882596914834,0.452365696357087,457.7419026970667,16.75362853738337
SUB00758,4,114.63656824195448,263.17049561390706,33.34440748779997,1.2813063748031617,1.3231866597234723,2.0,1.3410338721369621,3.475932775705346,0.44117204294016776,0.49565248737526013,361.41364095797894,11.867365291647333
SUB00758,5,101.75923549411868,193.65249744950012,41.09051228799974,0.9096267877827919,0.16209375847380475,1.0,1.0,3.505216350613997,0.5160832155702889,0.5827222407309035,383.0248774979558,17.884597106651267
SUB00758,6,105.625303621041,121.10068873441956,43.66473020827661,0.3572033682281452,0.5853886378193951,1.0,1.0,3.9146698258962216,0.5430726219889632,0.3968888905396056,582.1002738835881,11.15960617214424
SUB00758,7,110.52372135942231,257.8297592525821,44.26683133426882,0.0,0.758199048850619,1.0,1.0,3.8078385989432997,0.5734287142397048,0.48579930619486,374.70817242571155,26.76182370058278
SUB00758,8,106.2760018909377,263.7818357210793,22.817030932432324,0.38904864959886254,1.180677421755403,2.0,1.234616596683212,3.85989994894137,0.31618115793951285,0.43043439525776556,474.187189523574,16.69326284184919
SUB00758,9,105.49357643045374,235.50117031675967,39.59553727059581,0.6380281884440311,1.2234792517807467,1.0,1.0,3.296893597503075,0.5886121600452228,0.2972307895417861,357.24491055542086,14.522206600061883
SUB00758,10,116.12892365248048,259.43704154333983,29.780475001076375,0.0,1.1680914310665322,2.0,1.6478487550029584,3.686716208642256,0.4242303803401507,0.31306440233671595,448.5526216814513,17.213582845045096
SUB00758,11,123.97389268166215,179.44837132201053,15.369176024783402,0.24748657528113172,1.370108570050238,1.0,1.0,3.546239154019057,0.5656560763129739,0.29643502019066464,874.8054339075383,17.346067636361592
SUB00758,12,119.54858910267798,268.23928798084296,41.04748101588119,0.0,0.3245571484739282,1.0,1.0,3.8680768140944126,0.5469384447282989,0.5892624138701053,482.53561970773137,20.3983944626222
SUB00759,1,31.52229447320961,278.3004167046164,46.46029378059594,12.483308550162814,7.953976383078894,1.0,1.0,2.9052466835976816,0.48406255574335977,0.42818074679536894,76.6757692938508,11.195233398781719
SUB00759,2,43.54904269681444,202.70711908781132,40.49624176271735,10.19780360133725,5.809092004833039,2.0,1.902487857291833,2.181341413677156,0.40125155355499154,0.534175254559855,240.48533221024007,14.918360034318896
SUB00759,3,46.42172679083098,252.86112045893745,46.31394300134731,12.923868640909557,7.682870918594038,1.0,1.0,2.397762111219237,0.16756522053131614,0.4208102735728237,348.17205436336565,26.856264829315023
SUB00759,4,34.03985413170954,368.91659816426676,37.026684063230555,14.962033576006299,6.504360359209377,1.0,1.0,2.390507762114797,0.286054776399577,0.5454229394680654,252.2528615183749,20.456221244053882
SUB00759,5,33.574174232959585,298.8574110403539,61.67510592882204,16.430690549176163,8.630126705033003,2.0,1.6333334292258201,2.2654825351709116,0.5202200114047154,0.39175822958479367,215.42676071798672,22.159638972878646
SUB00759,6,43.34439295366055,335.4506041282185,33.9177576016698,12.062566309733665,7.633265084348373,2.0,1.2303835403567267,2.16622408705486,0.20381315964175822,0.4975990258344046,321.75389114046766,12.59671473234182
SUB00759,7,46.03507018419372,201.54485673651646,42.56850187932496,14.089933481729386,5.821033249318441,1.0,1.0,2.4684478913761976,0.5343093551988324,0.5021635529034625,147.94180178825124,26.25353450354172
SUB00759,8,41.001761370707385,333.2902093561602,44.03405536961716,14.222195767898178,7.36080292954928,1.0,1.0,2.608767687394761,0.42475800862020485,0.2771117810749494,212.41373985418875,16.625366600937554
SUB00759,9,41.52701960056061,226.5635544569526,55.74645432820628,16.45414346457602,5.867219892131436,1.0,1.0,2.4257519375134593,0.4505701004559236,0.3809360016656237,129.22944740884773,10.119940214996168
SUB00759,10,39.64595262850851,373.8042915921458,46.88420733696188,12.682903787385815,8.771579361002052,1.0,1.0,2.0938676985976765,0.27711955239128905,0.44946710414838614,280.4416772851029,13.69952839457929
SUB00759,11,45.33393098189572,297.17734226589903,61.380656667570854,16.734332211810965,6.245766303452218,2.0,1.177802728306243,2.780464320832027,0.1880819713749724,0.33994964728878646,187.4681380055738,14.685999933046336
SUB00759,12,45.424498624323746,350.48601551556635,33.391558044890346,16.51408156766172,7.9513414073839375,2.0,1.4282162995858285,2.048111445999769,0.36112708624528866,0.5433828410620472,213.67533256391835,12.025343140801787
SUB00760,1,8.512420726835511,1768.7510921362039,55.147410700068036,2.7489142549392462,0.3448967774270192,1.0,1.0,1.3365828250712752,0.2544410356405642,0.3719604265767539,35.148759194939714,20.440496647251706
SUB00760,2,5.109316264879054,1792.2135640681672,53.10302455269785,1.0411100218810616,0.07096062023620531,1.0,1.0,1.1206485374529034,0.20884581803437624,0.27361854162001753,24.270579110911633,14.675131939882615
SUB00760,3,2.6022830224543565,1248.0780898100631,43.71812754307144,1.0208222998785217,0.4151310844921705,1.0,1.0,1.9527664513213943,0.2179038915895683,0.3959390318076612,18.55330018490482,11.025023498832361
SUB00760,4,7.094301368277582,1421.3063410766315,57.30707436620081,0.0,1.2164957727352472,1.0,1.0,1.3540571448887697,0.3090954595067392,0.5926339127982492,23.978548956746522,27.86490584257522
SUB00760,5,0.5861701186852986,1343.0716151246436,66.81506198379786,2.4466610593769373,1.1696990992085827,1.0,1.0,1.8998119946150036,0.28820279918480984,0.3346768712703532,2.9776976385949254,14.654335135443283
SUB00760,6,3.281796105745937,1303.2751514956233,70.633328875572,1.2477913719756384,0.2589034660891578,1.0,1.0,1.9404425600214938,0.32322068294722084,0.45322327818663805,15.030687193712188,14.003452402193174
SUB00760,7,6.872848988566584,1692.7253900683077,53.25859941596414,1.7007355670728166,1.0381942499965089,1.0,1.0,1.6169766684705773,0.26480097767738137,0.34585699650662705,46.9531326516593,23.898165247615097
SUB00760,8,1.5287701432653784,1433.6717137657204,43.86451005325587,0.0,1.1818904546291067,1.0,1.0,1.1064146605983929,0.15203771126019072,0.5297653880943503,11.239839320566562,10.549908935412349
SUB00760,9,0.0,1643.571439352774,62.0401236612565,2.275446058396086,1.060257027577821,1.0,1.0,1.0749042961704387,0.5314947072644097,0.3842115369985653,1.0,27.84943599763152
SUB00760,10,0.7502705628469455,1356.6821808581178,40.728760358335435,1.5225485409326749,0.885752616815428,1.0,1.0,1.673248944061402,0.2529637780467734,0.4683771375375543,3.484649007584186,15.642906915072707
SUB00760,11,3.4726082017039155,1309.3273022443282,75.1726580381405,0.15735452614018108,0.5356763997793335,1.0,1.0,1.850464309458091,0.19591177447272917,0.5555057307058198,12.031160597171239,25.321252438779737
SUB00760,12,1.1659053797646735,1678.437883169491,62.66312074611519,1.1297318727897991,1.3928377531162022,1.0,1.0,1.4547188057687173,0.23838159172973145,0.5009783190297692,6.046401305877515,11.003164775026125
SUB00761,1,61.17225800140892,459.5150875515964,63.72999529695231,3.111946153855259,2.137436427268751,4.0,2.933343427950563,3.5846750063520596,0.598858156748108,0.5779516869279051,434.8661425395937,9.338003764862787
SUB00761,2,58.54760036115177,764.0850944117392,88.00511250777615,2.3805235325802596,2.458463922510151,5.0,3.3722964343681547,3.1489308595894565,0.6181543346328627,0.5688458978147745,236.4646312814543,24.451407554674763
SUB00761,3,77.35839223509848,638.2220023786904,87.75042913374844,3.022955266843195,3.132344849284111,5.0,2.699784856967331,3.543383133342302,0.2504296687386209,0.33909619296085725,184.97547654306484,10.294535365010976
SUB00761,4,74.02170334021467,680.6231779274897,103.21843997099782,3.024223443475383,2.829185920467958,5.0,2.671288842051147,3.3175940067605985,0.5531392328246022,0.4224157481232773,452.43459973546686,18.534323832924347
SUB00761,5,57.28638739662235,655.3951324848877,96.06976652516117,3.8094273956116966,3.0774947205087537,4.0,2.9784403821457164,3.334577396413776,0.2763921218398656,0.5823721965300195,433.16316079571624,11.194006558462624
SUB00761,6,51.56331618844368,693.7280384916492,94.64213776698068,3.661771702792555,2.9483737969128154,4.0,3.345991727135509,3.710809402164829,0.43512345766479177,0.2757033669814571,260.15683276732506,20.93983871016379
SUB00761,7,48.16093676352153,696.9244346621904,116.72012866110774,4.418547448037341,1.6207304392659678,5.0,3.2119785397011533,3.7717661409432788,0.5383202781293035,0.5049412645160676,384.24753648614166,16.498648657033
SUB00761,8,54.563431772164826,462.2236503491845,85.01489316225297,2.9627546666737605,2.3743566684171746,4.0,2.96333230780644,3.280532261747121,0.6064204442653068,0.45672479844591096,343.8775907930105,8.777923079128588
SUB00761,9,67.11829671505323,711.84855720785,91.46772792871585,2.3024655598684656,1.5250511179361814,4.0,2.731694742365832,3.0198704942378356,0.3541176014880033,0.3809781059735425,341.75868128009034,16.16329777096294
SUB00761,10,68.75809772669625,529.8925121254989,84.26084064536077,3.1382766602462655,2.497206696698145,4.0,2.555452140666,3.932726779925397,0.5959482333454375,0.5097012398063889,195.95432532306762,27.045276141744566
SUB00761,11,58.16899494314257,497.31388864124847,86.1450984585347,4.257832027306885,1.9307191365098066,5.0,2.580083228737719,3.980095316388798,0.31763685062868496,0.31641013727331674,341.50470542430213,11.870443343368981
SUB00761,12,60.760282226475525,576.1875103721642,116.6909544955523,3.589019156021326,2.404979915915648,4.0,2.610887221062335,3.2903677963640208,0.45210980195983463,0.3110879385681349,182.16628908100418,15.44473362238723
SUB00762,1,3.612259964943304,156.74171424247768,22.392574471772093,0.8084179870330508,0.24792064287717197,2.0,0.64548864131347,1.0,0.218808570046212,0.3323805728028312,19.23489368422874,22.711443416111713
SUB00762,2,9.486437818578924,93.21895537532986,17.369068002047605,0.5726259281184405,0.8306094218109059,1.0,0.7747707044553507,1.0,0.29197861709922523,0.26367609954149046,53.767207456478474,24.091294314307916
SUB00762,3,8.525941280219696,87.83951433039651,18.445450267485608,0.0,0.8352596015741375,2.0,0.9772074313521126,1.0,0.15354858675057845,0.3081482385134115,48.62353255401338,18.406587125710796
SUB00762,4,4.925629557303944,113.0836009448359,33.42605497723232,1.5121320036985186,7.599570378002962e-05,2.0,0.5766982666579064,1.0,0.4105751492987565,0.3199719807067022,35.284975956901256,8.335465250329818
SUB00762,5,3.750118950193327,77.99664480714993,30.47160992668386,0.9758128130680366,0.7867181309602086,1.0,0.8368364246054635,1.0,0.4771219573157549,0.27931074824843405,24.639930348822805,18.39291228342337
SUB00762,6,2.8311881749215626,117.71171645872217,34.98854844982233,0.48140929821743794,0.44485025440090675,1.0,0.9336178423573438,1.0,0.28651932707799876,0.44295457193989707,11.75053014952925,15.43465239881936
SUB00762,7,0.0,93.99864552235042,27.71947976573056,0.0,0.3092819830581367,1.0,0.9448806468367279,1.0,0.5208664925124382,0.4256081426951155,1.0,25.251647267945092
SUB00762,8,0.22225657012290023,147.00107388386488,40.688660033506935,0.8920486849941789,0.33691571674759235,2.0,0.5144158740167302,1.0,0.5199118616501878,0.5089406604757793,1.0,20.86471207879475
SUB00762,9,3.0426413330696973,115.70709650494005,39.54357913611986,0.9614762574504785,0.9261772809755725,2.0,0.9122847454886724,1.0,0.16962453726543777,0.40902583885019805,17.51907078048592,27.30235527867398
SUB00762,10,6.391837933930047,146.2579550445492,37.08602732509767,0.5689981210313988,0.34249931917397647,2.0,0.5763205471175332,1.0,0.2625677508548262,0.5613109982188799,17.95130804730951,12.612186120527697
SUB00762,11,6.630412072551774,151.3250911371024,33.15378585841442,0.0,0.3992996836053121,1.0,0.538793240227565,1.0,0.5089288626916683,0.5879475063681081,43.51188463474171,19.727850321494255
SUB00762,12,0.0,133.21863155685406,35.34009586521808,0.5612758484873481,0.6510437552013101,2.0,0.8242611769492518,1.0,0.23702054368118236,0.4107415060458938,1.0,22.485645236828432
SUB00763,1,132.88726849905896,539.4352498006828,51.17810756992096,6.699543606988445,3.109261137471912,2.0,1.9663701058988008,4.822203957229006,0.4157599259536473,0.3059875247629569,327.1250805614634,16.57762178825852
SUB00763,2,119.76396672276003,423.4714127415552,40.79325008031785,4.925418748609174,2.028067716736195,2.0,1.3625309813831175,4.24045071993302,0.4097699647184043,0.5410619321915624,549.0491557364184,27.401718716106874
SUB00763,3,132.24165092929186,379.37609074178914,30.304901323820392,3.976082277184579,2.1190616173288035,1.0,1.0,4.279728049818105,0.5238831274055737,0.5759567764526619,331.56625274488795,27.27243278070713
SUB00763,4,124.18339717313424,538.8776677498798,51.63167363671291,4.928430276568062,3.7130088336712603,1.0,1.0,4.48589436230811,0.34013255860819036,0.2790045493308088,600.8174896966902,25.150127274793075
SUB00763,5,129.44558206084423,398.5826975337023,37.502309060305976,3.446252031200938,2.9874223921465024,1.0,1.0,4.9446756127517215,0.4536797222926422,0.5709801063395296,398.4981180824449,12.978353089459386
SUB00763,6,133.43371869383222,535.7862320345486,52.44054895219431,4.316508801094849,3.3000179239165175,1.0,1.0,4.695918311451708,0.5940524150693772,0.432469609015131,359.7541393777634,15.694834713397864
SUB00763,7,119.62670164959604,479.6977695968434,40.16645498246215,5.605130250024841,2.5510104935313267,1.0,1.0,4.65586356315108,0.27254637588101926,0.5209450000935829,535.019841627402,10.41548257331729
SUB00763,8,123.0566759332688,505.7206004152238,38.558720681431474,4.821463251492775,3.9033561286267164,1.0,1.0,4.072482971509837,0.278698908241354,0.3577405712067998,641.9176749650901,21.932164606412613
SUB00763,9,136.59597387815157,506.4168232875435,31.438729467721334,5.086862249822696,3.208087956980134,2.0,1.4494911775968005,4.317048433837841,0.4005281707678767,0.4957837803995313,922.7492170531035,26.20255107798914
SUB00763,10,118.87513555713724,552.9127810855359,43.37525512296907,3.6854536989065796,3.6189890290414723,1.0,1.0,4.909468310333793,0.38630037570459264,0.3415126767587098,654.9132886783531,11.194466308290016
SUB00763,11,138.8089961061031,365.67746910874234,54.465513221013424,1.5430521034033824,2.4686104429269293,2.0,1.7189070614824051,4.480229025959751,0.4363803641883325,0.5459759637311363,475.8787115189962,10.305241237018103
SUB00763,12,128.03200879144495,448.79168548036245,36.4178590541387,3.4701049901940526,2.3106574691878374,1.0,1.0,4.676308521814285,0.5598545628450032,0.5231970169914213,905.1126603162185,23.998165979810437
SUB00764,1,1.3781284979062858,73.54989219291889,9.65355134378132,0.452601083182518,0.22186365405524705,1.0,1.0,1.0,0.32721238191437474,0.541261512954473,9.934516547930071,21.925863502231334
SUB00764,2,2.5334286256327045,53.896933211195574,20.332362026679682,0.02228380774636668,0.08498545334780594,1.0,1.0,1.0,0.3243262722222118,0.4725853793407805,15.390199680724283,26.38585176041129
SUB00764,3,0.1874734905170038,54.381340539674554,6.086080141462542,0.10003227328170222,0.05981186386794213,1.0,1.0,1.0,0.31307024543929673,0.40004065755872964,1.4022175802596217,14.954645333099865
SUB00764,4,0.6358720069412152,0.44073641898397753,22.671744431663182,0.0,0.04000270351896967,1.0,1.0,1.0,0.5436829153720991,0.2853120855719426,4.108393195032455,17.299008243415145
SUB00764,5,0.0,51.50854860949643,8.23762417144195,0.31508284854357566,0.1211975698693249,1.0,1.0,1.0,0.3624060514981827,0.3006721982758015,1.0,16.70584997753627
SUB00764,6,0.0,35.66838485344828,8.407667813319389,0.13021028441706453,0.3589146487406845,1.0,1.0,1.0,0.36253521624015794,0.3156979300622217,1.0,16.65993527447982
SUB00764,7,0.0,87.80630503877993,6.688842920298943,0.4790001616367777,0.031643615826285276,1.0,1.0,1.0,0.40774331279939746,0.49564963557739483,1.0,13.225663829861244
SUB00764,8,0.0,74.83909871206626,5.13880653437136,0.03132157409357891,0.4736322611532694,1.0,1.0,1.0,0.2237718040381398,0.30397295003407804,1.0,9.391567172568188
SUB00764,9,0.0,88.8531108561613,8.011364625044022,0.617025231175101,0.045299803878193434,1.0,1.0,1.0,0.47518799170161374,0.30263556827469995,1.0,26.944117656893738
SUB00764,10,0.0,64.88811261813493,17.665599862366236,0.5014941648864325,0.2690107860464548,1.0,1.0,1.0,0.308063456449968,0.5068120148087867,1.0,19.002259319456492
SUB00764,11,0.0,78.80568812316972,11.90779689138785,0.43160650749100304,0.22593305883962728,1.0,1.0,1.0,0.23250058391856418,0.46092553558199456,1.0,25.799853186325013
SUB00764,12,0.0,58.072505426515136,17.155849184541466,0.5418002573170684,0.009085831818494705,1.0,1.0,1.0,0.3051663534045772,0.3520397079478838,1.0,20.293485673236887
SUB00765,1,101.89356771481829,317.0057466026289,36.3772706659135,1.0485156173460581,1.4558287723796077,2.0,1.7547671569218384,3.1619932033739646,0.29344963638586696,0.520324711125099,730.3813037228367,8.275624726507136
SUB00765,2,94.05970709562558,241.29255664383348,38.903039355262564,0.7473780120576764,1.1084450066896623,2.0,1.0001942998192497,3.1570527805132427,0.5781624028608574,0.4215998207066064,709.5813143659406,11.939104593820419
SUB00765,3,100.29391641233646,288.6418788167934,21.128249237402947,0.0,0.9271885126980812,1.0,1.0,3.547993740965088,0.3020410761973731,0.5874644661964372,284.8337877411975,17.180013029585506
SUB00765,4,119.80712606416334,219.76262434570074,15.568517471528741,0.9736283910293669,0.8710941092390293,1.0,1.0,3.8576581975653195,0.41028637630036413,0.5269848801449215,858.9361896427073,12.487735979602176
SUB00765,5,120.57879715362212,206.7129116823918,16.700998208732013,0.21038072272248176,1.3457728182278075,1.0,1.0,3.8489557155846823,0.5076282485371294,0.5392319279160359,629.1231225515472,12.945658644347226
SUB00765,6,117.65132234528109,278.81039203496124,19.62105777757385,0.0815082434077331,1.3653589756760247,2.0,1.3989730373212446,3.185502806211643,0.45391377226335294,0.49777413580070284,431.12662543153226,25.301608026419363
SUB00765,7,104.8374186477125,198.57968493930835,34.611904406180685,1.0066432304855952,0.5159828883872147,2.0,1.4917238235175212,3.1534367777254797,0.6257023704917238,0.38111146327552725,379.7400756902071,11.14660579833615
SUB00765,8,117.99633886101105,204.66743791905864,38.86219516345776,0.9883002735644634,0.5904035318041738,2.0,1.3074590527904224,3.240915785240059,0.3657229456521428,0.38812084893440335,713.2180232378357,20.283233265037637
SUB00765,9,103.07268662038844,232.66416179351197,33.70562073476215,0.7019933530081655,1.364791817440268,1.0,1.0,3.081383973746252,0.5824280641604476,0.46987967911541956,659.9291442448931,12.394117899272114
SUB00765,10,114.0724312479922,301.7111997480318,43.275678423598094,0.0,0.35145070553219226,1.0,1.0,3.812849919178932,0.6029555772359809,0.5032595697214806,379.6124380828747,8.369957683840909
SUB00765,11,102.14104844871345,267.0574795570795,30.927321691753754,0.0,1.0849175490377192,1.0,1.0,3.386920735640672,0.39647900224844934,0.32977690766879464,673.3099055063944,10.041743100651615
SUB00765,12,103.76275694001653,172.01992872196635,20.388376363814995,0.0,0.021215094711530214,1.0,1.0,3.4555689004968295,0.6287489570762103,0.46474623487335376,322.0838406787011,21.12519798550137
SUB00766,1,46.76248692155096,244.86721808163858,36.6992308655981,14.193764528250105,8.66021848166909,2.0,1.1636754478380822,2.0263243608735464,0.1637588364037639,0.5563536203242458,371.3088126321697,15.990854300221867
SUB00766,2,33.29921156580579,290.8993479603351,49.03381591693599,13.924757557640653,6.8311475405964455,2.0,1.230922249882901,2.470525744499168,0.507683547179941,0.33127192148585893,250.973534262046,25.57704600198579
SUB00766,3,40.105981654261086,264.6258861753776,50.08499023795012,12.41002106548713,6.451079128177476,2.0,1.0794134158031028,2.6904752353783055,0.4449928743342375,0.2681093796566754,174.12892920635613,13.420879742576549
SUB00766,4,36.24010410670727,265.5623680774078,46.38873302366318,15.641121200707293,5.958885721082808,1.0,1.0,2.9002701426713267,0.23021901398775863,0.4077111818605026,183.90800106349923,20.735200763961153
SUB00766,5,39.089035770103806,382.59081369653194,41.78163893085367,13.036741235603097,6.992148226883378,2.0,1.3789481741362903,2.8834767761705895,0.3222101296825849,0.37414805327071776,268.5880768453814,22.829656210801424
SUB00766,6,35.63255236634109,261.330527829998,32.8766701308585,15.031754105076434,5.274486572081583,1.0,1.0,2.5989252365508273,0.4400520345735627,0.5013339126614238,90.39595806232072,18.16266026539711
SUB00766,7,46.6460112111822,254.6715613923608,46.495919008493665,14.822806759091172,7.438019533489298,1.0,1.0,2.2624974207609485,0.3266970958826379,0.2643654048732807,227.94316965433495,10.93908443989136
SUB00766,8,34.460449690665435,305.887422954413,56.52167329755967,11.868149203987032,5.947594184929199,1.0,1.0,2.1453203752268615,0.49730224462102846,0.5489128272633272,93.94306709433256,16.711211676442428
SUB00766,9,32.860163506540374,395.4954191368819,43.304701488812476,14.436402967900461,7.5892428670509275,1.0,1.0,2.576802194488345,0.38278774163442075,0.4800247937293705,191.1959287889019,23.67476599021274
SUB00766,10,31.121544278503556,267.58169478759305,35.52972921546833,9.918885117471246,5.707157337257602,2.0,1.6010062261619593,2.3149310810913226,0.3063203588866741,0.32574699727087303,196.60696646198315,19.291335992680658
SUB00766,11,33.595988800629236,233.21964157641625,49.22506871290328,15.512618517352712,7.778709669631956,2.0,1.4172428151980507,2.338505009622558,0.5225762333451415,0.43979551009428736,96.75262963328288,19.213929449828566
SUB00766,12,38.59112791053397,380.49617186647555,49.063131949434926,13.587094564335072,5.5942825905146965,1.0,1.0,2.8029677454475235,0.1799472959496074,0.40705689852885885,265.10961758335327,19.36089118460404
SUB00767,1,3.360611714652991,1550.5052765839023,70.19461154480283,1.5719088289515495,1.349360704785036,1.0,1.0,1.7760373470382471,0.22109773102858826,0.31113803944296475,22.555890172338604,21.81406401071849
SUB00767,2,4.15663916686815,1381.2601309428355,41.25171913087518,1.9014472408232446,0.11127551915564954,1.0,1.0,1.0101846795685034,0.2534880729996563,0.5990123520058761,22.479325410251715,10.348862821769844
SUB00767,3,6.789192105969429,1482.4656402036846,58.878664316942675,0.6633849401593317,0.08748860783302675,1.0,1.0,1.004074800731176,0.4044836613334787,0.5526283383062014,35.490396632298484,23.184122182348254
SUB00767,4,4.992092070527436,1340.0814592117865,53.119578167848246,2.2290368428438843,0.6810384933478438,1.0,1.0,1.6478283402695602,0.3703283657710415,0.46012843617859184,27.34220009126354,24.470042108350004
SUB00767,5,6.035465514207933,1584.0362449504162,64.48230269642431,0.29831557586417434,0.7638408707032189,1.0,1.0,1.0502913472043098,0.4102287311076974,0.49073602086651746,32.73742414063933,18.399220051199265
SUB00767,6,0.0,1535.675533047089,66.6712727557069,1.8275043443771906,1.294214619442057,1.0,1.0,1.994450583632442,0.16792842242400652,0.34844076348598146,1.0,21.486315644646382
SUB00767,7,0.0,1498.5338314318926,52.868423449276136,2.0061151047858212,1.1536014288331176,1.0,1.0,1.0023561349992498,0.29642907480749864,0.5876248318034252,1.0,10.843004274053794
SUB00767,8,0.14315860637853817,1585.9923027143807,42.448650873814884,2.4212120127908645,0.6614405678164302,1.0,1.0,1.0605341696405468,0.24966602632650944,0.2627063687454999,1.0,15.205855678261937
SUB00767,9,0.0,1616.7761765533107,53.21614589676754,0.9877354305041615,0.36671323948408313,1.0,1.0,1.7030686431693485,0.5409427155115551,0.5619080949020627,1.0,27.87056693098499
SUB00767,10,0.0,1672.6986828444235,78.39339328208627,0.0,1.3434134270131528,1.0,1.0,1.0637099370864516,0.37221317984746183,0.29518870147353715,1.0,10.745703320944505
SUB00767,11,0.0,1385.304445660294,60.14144124106115,0.6588241747228571,0.9507873931190294,1.0,1.0,1.2091935746179052,0.1581288813807146,0.5374472879837542,1.0,22.580216936784645
SUB00767,12,0.0,1349.8683952977508,64.71440349168162,1.1725590190117756,0.4201421808883842,1.0,1.0,1.9274410223140708,0.23826517734331762,0.5149834148229095,1.0,14.042326471522523
SUB00768,1,75.36406952415739,749.0607224543958,89.48339464956183,2.634388310985375,1.7711076049669954,3.0,3.0,3.915509795942654,0.4069318525315542,0.5288042261909731,374.42435201803863,23.73654761115273
SUB00768,2,64.79300224926675,626.9523772731155,98.5500341090848,4.901257168281506,2.6715995739029994,3.0,3.0,3.3721095682914344,0.630855965207233,0.5139713812072917,366.62504732877443,18.206689439239845
SUB00768,3,67.30500536745635,447.925768966776,96.93496502192166,2.4539833389719163,1.685918175437003,3.0,2.8263678724520385,3.897933229708748,0.5514607003989203,0.5790346205708297,251.4441185556306,20.446652466227793
SUB00768,4,71.35856147858613,768.6003432550131,98.79802763280858,3.4656208520349465,2.507344472733866,4.0,3.22613921846177,3.574376184375846,0.2648906495408662,0.36734316681697476,216.59752786048844,8.987512966699999
SUB00768,5,74.29838397837584,786.5922788825018,64.93647965438295,2.2679131284222205,2.50601862384738,4.0,3.1365169403374393,3.4611999969982676,0.525174063561911,0.31517331814587213,329.38626599968455,12.322008198408238
SUB00768,6,62.518017170638544,723.2001185290231,119.14822651122822,1.508463587957478,2.709581855476041,4.0,3.4125669172971036,3.6024804330045983,0.358365060945798,0.3536121421958741,273.05199795741584,16.155042017879346
SUB00768,7,72.75065565497795,650.7290001525513,92.0898172422307,3.6858938372344836,2.2417662196970385,5.0,3.372520471192737,3.853166230435493,0.3638398117725621,0.446841123730575,206.42590564711415,21.07951406778009
SUB00768,8,55.03159520530023,567.5082782310311,90.8066533508941,2.457230508206392,2.9556366654217405,4.0,2.875828035974957,3.3456592268881256,0.43172641218513486,0.30223417748956927,196.59264891197202,17.69122105818176
SUB00768,9,53.930828393693204,486.49330634656667,104.5848415568743,4.084467532557884,1.9963045295788142,3.0,2.5045700802706197,3.394107577729487,0.2564520366047466,0.29362875348377543,317.7501253407844,21.6791198551935
SUB00768,10,68.9939775567392,447.33819948086847,75.2466268430264,3.4997907025309867,1.9897164602443522,5.0,2.545159632697806,3.9479115006608203,0.5704949172396095,0.43042322186274734,420.12781211165503,23.192633572767114
SUB00768,11,63.36180235743122,708.4953194265787,60.25860264114237,1.998361992777442,2.3552495966345885,5.0,2.920317042597338,3.4497391531750545,0.45900266142798696,0.5881770649371619,380.58081523270255,17.25458125389244
SUB00768,12,73.48223605701523,477.08250469333075,115.23128913709067,3.3548303365753935,3.356561118043545,5.0,2.8755867012204153,3.7318575906215945,0.3309193732838634,0.34688120652199306,242.72131188328436,18.34242343549182
SUB00769,1,3.255147331870643,85.48580857251491,23.379859133964374,0.5506434003219173,0.19576500820368636,2.0,0.8058186916649357,1.0,0.3351133419738919,0.460134442446106,25.905280543727812,25.563857238717
SUB00769,2,10.921947314382052,90.93375779704301,31.01036697441195,1.197425108680983,0.30259474525675545,2.0,0.9114802772949813,1.0,0.1975927808108075,0.5158758554717634,83.42116547587194,27.64082326692392
SUB00769,3,4.136913093947441,89.56089433298553,38.98525519692809,1.184269009601328,0.9414608257096397,2.0,0.5899003315189573,1.0,0.15209529557506143,0.4724210329633697,32.47384929746457,14.936040735229362
SUB00769,4,7.5403813869883765,101.82846481350126,15.832512352397933,0.0,0.17187634050733114,2.0,0.8165833384111371,1.0,0.49858601588561735,0.41177641666713255,34.787928380470134,10.214136505511213
SUB00769,5,6.3466859383642795,149.99470109916268,40.374965036444934,1.117643010930415,0.23089473627480617,2.0,0.7719906442714771,1.0,0.23924121983268015,0.4161764451340939,45.1219892352821,18.274215345362563
SUB00769,6,13.61361389983114,76.05220764609604,27.296498419137706,0.0,0.5358051505087735,1.0,0.7831205260713491,1.0,0.47486835842510755,0.5463837504015996,82.20383166602508,12.168852717319314
SUB00769,7,6.468629717524016,86.18795645270755,36.21917880093322,1.1571477010039124,0.07872441438424971,2.0,0.9267629005702274,1.0,0.19042665147499166,0.46271379701656995,27.76705423059288,10.533143088588472
SUB00769,8,8.009612671624202,81.72688140999813,25.109831879740838,0.0,0.7405282381353966,2.0,0.7798670213056829,1.0,0.306374442262204,0.5511268072224558,55.6667529381562,20.90250134985614
SUB00769,9,15.783297269370522,126.8593491286927,32.482393728667375,0.0,0.2944135679275237,2.0,0.555563216137744,1.0,0.3879183907742234,0.48607293250204064,63.91856087662799,15.788342128147827
SUB00769,10,14.529051116113404,154.65426575441256,24.570725192466583,0.6178316715967006,0.9547127077421811,2.0,0.8664528570487261,1.0,0.24753053640883035,0.3428910884748048,30.580228187988027,12.01104597913048
SUB00769,11,15.04870308630576,108.20465790670157,19.40716737714545,0.0,0.9641238921714868,1.0,0.8675547680975423,1.0,0.3978115552682807,0.41739544924882827,118.79202887010993,12.40233714470639
SUB00769,12,15.13530896092697,101.964386451723,38.50403526557248,0.0,0.08238300435801804,2.0,0.8678240829905728,1.0,0.35325294904225524,0.4129800349246481,75.45501955525806,13.733619354135577
SUB00770,1,118.3011640887347,521.326690610221,41.78878218834119,4.682925917269513,3.480017115698896,1.0,1.0,4.571052757943414,0.5830668977001001,0.5661728618935749,765.1691198495579,26.195610918722195
SUB00770,2,121.96538021383685,506.1381812964648,32.296616839902526,5.421531913016173,2.6848732108810256,1.0,1.0,4.610123572253051,0.3780309979036659,0.401238886395898,481.8751758065553,10.191933988707497
SUB00770,3,136.2254329668409,314.74449952840575,47.57558794069746,4.229094180924667,3.115045390300029,2.0,1.0643578124114295,4.500631226171507,0.2950411798303795,0.2877309074336153,693.5302301754554,14.33882472133336
SUB00770,4,113.28787393568733,493.77405284134556,34.834198204838735,3.120793268991004,3.5323137969698815,1.0,1.0,4.730027511796463,0.47737364146616024,0.3141544974902559,820.0802547459165,14.211089683256814
SUB00770,5,118.3266577484121,507.59897115594447,47.085373949192416,5.16819277409535,2.8238305177437253,2.0,1.6572484664479956,4.163911383756077,0.44703467278113873,0.2873638475814173,646.1928970773685,18.058034419805853
SUB00770,6,118.81029327937252,480.107626863981,38.18116464257338,5.356785437340422,3.158787102073632,2.0,1.7320330634967687,4.958269152271341,0.3586747746563861,0.42525311949724337,300.12844433741105,10.396064972061358
SUB00770,7,125.19347864478044,494.7943696433345,48.034575920604475,5.696017444719663,2.6377755450656286,1.0,1.0,4.459292422237759,0.38103023928144264,0.5434821233324718,366.0298163601722,8.672399020948571
SUB00770,8,129.3873861387437,481.4629653926026,44.53293020562367,4.766616499715727,3.76296663801328,1.0,1.0,4.674605779145788,0.64668365056275,0.551344078955669,886.1745683568652,14.258488039515775
SUB00770,9,125.76704076263174,461.360439310105,44.791641316433505,5.7580016158024465,2.1027804244274293,1.0,1.0,4.322559447392008,0.25204017280368085,0.5796865777308675,969.0726827646278,26.85111614997006
SUB00770,10,141.80660442962642,515.8272252862687,54.01697967445965,4.976744803422368,3.651207548974746,2.0,1.624801528597224,4.18088409409639,0.5405231674359238,0.5996264600535102,667.8436432717857,13.96624086668683
SUB00770,11,129.62931940874137,478.32866220473267,34.55333766397173,5.410126648569362,3.4168673379566794,2.0,1.48826995991876,4.168102212836664,0.6478340266407752,0.451292492823269,767.4024946081684,24.8220598964083
SUB00770,12,115.20816635977963,435.38503862538323,36.64654304145563,2.6600853620520803,3.18398024299366,2.0,1.5238232890154135,4.700709259232925,0.4182179579749492,0.3816610397782974,830.7072878600475,27.856225947718734
SUB00771,1,1.1149920054443472,0.0,24.60337760464916,0.24728461549157732,0.045667936786018104,1.0,1.0,1.0,0.15004023003516911,0.28514915654509565,2.2806112352373673,12.919178466668994
SUB00771,2,1.5246485383252826,3.866386222628197,15.829201020493173,0.3037732640915491,0.29499113564622653,1.0,1.0,1.0,0.2717924208191058,0.5100052989821076,7.7229433707857345,23.96356258447182
SUB00771,3,1.793275241184673,56.28798030397676,20.536327634088792,0.0,0.34503060330591784,1.0,1.0,1.0,0.34846445414306,0.5505313721417633,6.216823958921386,18.39557001919585
SUB00771,4,0.0,86.33018122207197,10.495552955010863,0.35585167910066984,0.44548052264925875,1.0,1.0,1.0,0.3393578764236953,0.422012241117323,1.0,10.882233516438665
SUB00771,5,0.0,35.725470325779675,18.079133593167533,0.0,0.43351899738417676,1.0,1.0,1.0,0.18082475808591963,0.5250799965841346,1.0,22.625970608292157
SUB00771,6,0.021651428153150354,71.78628116707614,5.604839583698582,0.0,0.010876367709604762,1.0,1.0,1.0,0.40274122433077597,0.37398245760783455,1.0,26.86637656761273
SUB00771,7,0.0,45.21767149700143,11.221740323016387,0.0,0.16038062712329587,1.0,1.0,1.0,0.4672556595841142,0.3422932191381399,1.0,16.872535696877517
SUB00771,8,0.0,40.60181116699283,10.949373846171992,0.0,0.3352057078593172,1.0,1.0,1.0,0.2604603210084551,0.3095224731617027,1.0,21.052059292155818
SUB00771,9,0.0,18.120848251605928,7.470659204120123,0.0,0.06647161776998856,1.0,1.0,1.0,0.312562833357528,0.5077420345075325,1.0,13.849544003087283
SUB00771,10,0.0,67.46386305609063,12.548788467849064,0.0,0.429478437476079,1.0,1.0,1.0,0.3154007188903809,0.4079893955867,1.0,11.09142530089382
SUB00771,11,0.0,71.41714936123518,12.76332768682832,0.0,0.4040984264595971,1.0,1.0,1.0,0.2690688384968081,0.4347455347916734,1.0,8.85959100267994
SUB00771,12,0.0,107.32769287297496,6.30724732389941,0.0,0.00012527447368793077,1.0,1.0,1.0,0.37492187846706654,0.31921023889447564,1.0,11.387970094109711
SUB00772,1,111.5151189194803,242.13667965744787,32.17734147328164,1.1543891152670258,1.4359425410565247,2.0,1.853694868366955,3.954157904663225,0.622915758440163,0.5261155451982471,305.52056818279925,8.617694918028437
SUB00772,2,107.60461619575895,305.4563201007182,23.16589698777075,0.7576117657068715,0.9047327873754127,1.0,1.0,3.1591739042098785,0.2939908583661564,0.4142730699687577,581.2820724252501,21.93254105501448
SUB00772,3,104.54231597598117,175.10066278613672,36.29181946758739,0.681568315851845,0.8329347458290399,1.0,1.0,3.325689048887941,0.4817543802349864,0.5117159509357488,330.0571697274673,22.87637755370556
SUB00772,4,113.48876174164864,218.03217821994537,28.458781572048295,0.7717189843148382,0.9865873772262354,1.0,1.0,3.2805415726658604,0.6095754409547747,0.41490967461802686,657.6599760552583,18.729561003923628
SUB00772,5,117.51135055177265,283.8761100611709,28.023106807115234,1.3092053364737959,1.2844672541993416,1.0,1.0,3.9116382317285057,0.6027844716179384,0.519635874357001,456.24406216549795,20.693580459610022
SUB00772,6,114.35138540240874,285.84084762722904,37.78304910100368,1.3702425575394492,0.31559028725628974,1.0,1.0,3.147593774474437,0.36526256370275234,0.5562725404489786,418.0646021642378,11.317536156957422
SUB00772,7,117.79913944619287,300.92146951462246,32.41475796067729,0.2551182502442323,0.6116642257819764,1.0,1.0,3.911731506303795,0.49263035658663,0.4583034220592722,427.678054228047,10.09972612652975
SUB00772,8,116.23030300902035,233.74595827150455,34.81758215386823,0.5860031349753313,0.9729776680461175,2.0,1.9719949606147464,3.4804569977816877,0.5247868078185316,0.35062708317727087,283.47191221735187,8.485535937225663
SUB00772,9,112.77300484173888,161.37996652697828,31.883045844839874,1.366933979004633,0.6891926259316471,2.0,1.9608360833177922,3.8155287137348615,0.4728504192296059,0.31976938492108586,250.08177672361427,24.989032260929804
SUB00772,10,100.44836074814192,198.24140473314503,28.280173143575823,0.37298787878408735,1.4235129223871843,1.0,1.0,3.849554055262831,0.6428129567097413,0.5566772097917123,232.89114083005433,16.384520022428525
SUB00772,11,121.98375349987734,280.27595277207024,40.976041189331845,2.139745689229032,0.479833334764723,2.0,1.6701740370896943,3.005071532704907,0.5281022906590347,0.48910798107433084,495.66534554250137,17.768114044532297
SUB00772,12,96.89731202638963,189.42111435379428,38.95609233971395,0.527337504679466,0.8720546907771412,2.0,1.3900687882780585,3.8117893105515255,0.43627112927505207,0.2654949700669702,550.5923904160619,13.992804664016862
SUB00773,1,38.7906264229,275.66373863081134,43.444145254420576,10.70127224902081,8.109662798611033,2.0,1.8805126180718907,2.495248295197336,0.4500488794745149,0.2808370904332413,281.7417219532966,27.733094434061854
SUB00773,2,41.25602802293602,368.5464977212372,55.531820236191294,10.716503739803398,6.911917720482023,2.0,1.7815458572133078,2.5768842894222077,0.42689343526758683,0.4096591590081595,262.8172604069,23.20855919451978
SUB00773,3,43.017847523802516,301.61020406748213,52.50296619825713,11.671112546940515,5.166682340307564,2.0,1.6355622800431218,2.813921579306593,0.39135593367295374,0.2958776063407573,206.69141710218244,17.997378527375613
SUB00773,4,36.84298350241373,390.14210156101285,32.64583761073494,14.341516427206681,5.400260488706527,1.0,1.0,2.4432209530552242,0.49518689964287554,0.3404962306680378,196.18292943200245,11.610671989573202
SUB00773,5,37.33150488324595,359.7496975921079,54.86547843575951,13.073350317891151,5.460457427802041,1.0,1.0,2.2289871847081035,0.17750087686095864,0.30817020633787995,200.06585417372347,15.850151859405326
SUB00773,6,37.70837132423634,372.383466349016,57.28125218620967,13.40970935835856,7.904981947878184,1.0,1.0,2.672406350533496,0.417412558202388,0.42869324761705074,222.27038745111417,21.36591995415833
SUB00773,7,42.746681947780196,359.83180195776447,58.073724313157456,11.669298773240962,5.3811958211634074,1.0,1.0,2.9676349971335627,0.42283055496695443,0.5136076601038182,119.93523624306734,9.554143926132562
SUB00773,8,36.70931480406103,335.80781506126345,30.626246672898716,14.307075258100529,5.262089893322198,2.0,1.9163429565541739,2.3918904088693536,0.41797240621116716,0.3835856720619365,109.90987128913153,27.46464641383056
SUB00773,9,36.18042693217329,246.1074774565442,50.23337918127029,14.300738715235426,5.918354608602966,2.0,1.8867436074020434,2.8368333270582693,0.22629707357551085,0.5178938717677142,146.42461319814237,17.396124594114596
SUB00773,10,40.54057416490084,278.9301387624017,32.291036790396475,9.818677859187186,8.105900347863418,2.0,1.0145274964113442,2.8236793420773214,0.405141511964894,0.5841947552428448,109.80345877325719,22.96093372553031
SUB00773,11,31.703254379113886,387.04820268497207,45.812385727647964,13.058859719865369,7.542802851928604,1.0,1.0,2.2619230846349367,0.17990738124615246,0.27701184543889296,232.86541276516107,15.248350208478572
SUB00773,12,30.387501037905682,344.9623979777724,42.08963501082829,10.112124506178155,7.586348315844129,1.0,1.0,2.8218104169930145,0.3640977215944033,0.4335607833183938,133.30391705327375,10.34874995253204
SUB00774,1,5.011957967039661,1347.3358484567946,65.50697786449095,2.810048226935722,0.5831408136152254,1.0,1.0,1.577694996397888,0.3772701622085105,0.3068807745975807,15.615098184246111,10.181895613102249
SUB00774,2,8.712886079692034,1392.5732224535464,49.63524313590352,1.6604517587902918,1.431471180258261,1.0,1.0,1.2384029964652152,0.5211239994679497,0.4457757820948973,37.301287335990786,9.189245175878037
SUB00774,3,9.341331265006978,1553.786629425726,64.88776623653644,0.2959413700689187,1.4399513655674951,1.0,1.0,1.8290091074913866,0.24025229744043455,0.4732608505208743,27.82643798162761,11.010578419925874
SUB00774,4,7.854876559785817,1571.0106823232418,57.235311480203634,0.30787804606627045,0.37213586482480765,1.0,1.0,1.6008132379476017,0.4249482609560524,0.5305579118217125,20.230105821975602,25.6223133512482
SUB00774,5,3.3125608618598537,1587.2390401053144,47.01870660411831,2.948690655482586,1.1107891103391438,1.0,1.0,1.0413828890319135,0.3983996823960301,0.25950191670628625,21.43047022712568,21.023118031411585
SUB00774,6,1.3530113993187123,1725.9865028809293,72.32775803486778,3.1290545337959634,0.6034764566343012,1.0,1.0,1.1156030287221612,0.5134590763653771,0.3448071410326635,4.818014775472016,13.308553808490519
SUB00774,7,0.7333796792691238,1355.9736045408674,72.08144511311242,1.0744842880132977,1.4892497667333782,1.0,1.0,1.2455622103646502,0.4780579427193964,0.5349748156086891,3.9250473202874456,11.819733742887658
SUB00774,8,0.9342291558548514,1564.7637725414038,41.00772903615705,2.551455355172431,0.13949741973313495,1.0,1.0,1.2209783641746563,0.33973288214333147,0.5252528435434226,3.3833456551918655,23.225166840533817
SUB00774,9,0.0,1251.7459043385593,67.2727287752177,3.2595650394144977,1.206129865998684,1.0,1.0,1.5329243317884398,0.2635001483582673,0.33454006315895946,1.0,18.29990295311426
SUB00774,10,4.366897154540871,1551.489204198102,47.95809261187851,2.103859491387608,0.09997580078923807,1.0,1.0,1.8636094636622218,0.2591447880110107,0.34060998966794087,19.173223514526317,20.225156686464132
SUB00774,11,0.0,1481.1908115915523,71.92529986649025,1.817745050754253,0.7122626442969382,1.0,1.0,1.2260208374640618,0.44184106843318915,0.44932966614304126,1.0,11.177056880971731
SUB00774,12,4.664713721734345,1625.3675702957555,75.64867837702374,2.5969079061759848,0.9876174652764496,1.0,1.0,1.6763049065656852,0.3059248429660152,0.3285405849504447,20.76886660009069,10.602526415678499
SUB00775,1,66.05951452511876,801.4676075096814,110.9867308844775,3.6647724010953406,2.180107692380256,4.0,2.660079353534846,3.6854079944743248,0.6476909029930058,0.4864726721696355,217.99240822574595,26.049629107783197
SUB00775,2,61.294767997989,581.5358335251532,67.49459898418775,2.3283854753443447,3.2350164980442186,4.0,3.272958875595104,3.400895807628388,0.35666820309934877,0.44452888489081616,481.60948579482107,19.628330175207644
SUB00775,3,75.40653778311147,592.2586707865739,81.76821759941886,4.891286632500517,2.5373074121271637,4.0,2.7563215505493175,3.223460470600717,0.6286747694706628,0.3598097380822785,258.8506342317342,27.823860464009467
SUB00775,4,68.22776139047737,632.5674797276396,74.7210006522732,4.467431543133892,3.0249094844215314,3.0,2.5815053782756774,3.006607861574024,0.5840510234273172,0.4483226566994646,485.8553771048342,24.878302558333996
SUB00775,5,75.75784860737816,781.5345335933451,76.33537194311572,4.524286596880237,3.145537225791356,4.0,3.370783788809846,3.36058831250495,0.28512378781219505,0.5971433794167018,589.326374067936,17.038117868699263
SUB00775,6,70.17356390737022,553.2145295662632,73.69031888761823,4.607558348138496,1.979888607057186,5.0,2.7933119637320587,3.6009804996449906,0.6335153809625115,0.3509876897069169,213.0363286937619,11.867278823125913
SUB00775,7,61.23071178161292,724.244065921072,88.11575330696556,3.549427998184622,3.1656768566832714,3.0,3.0,3.6785809218793224,0.35661862304036496,0.4327367970724156,422.8033937991037,12.102641878597906
SUB00775,8,74.56598032909088,584.5897416372745,108.70470309786124,3.2409104117069454,2.6501213519871794,4.0,3.0342716297185204,3.265410422997325,0.49971469026665416,0.5982248313140799,320.70124859195187,20.479520048932265
SUB00775,9,51.82528327980633,726.4436220827985,107.16243879319573,3.4256668172245943,3.2063133360464846,3.0,3.0,3.9702888579339555,0.5333201664249816,0.41089118678149616,153.70572622552731,27.16187790744885
SUB00775,10,67.7262807015878,585.067770031066,81.29961431348941,4.415190133143645,1.991539560159792,4.0,3.4219830574178,3.67011569602239,0.57603955743674,0.2570444641281179,461.22206477922185,23.721071826551096
SUB00775,11,66.87174445018756,734.2679681404853,62.08424603775567,4.471765661236722,2.8160408155364185,4.0,3.0795940897026473,3.8717582663005317,0.6029463987598855,0.35939535068063866,441.45897581503783,14.876354240645972
SUB00775,12,73.50522861382991,787.040723182516,112.5273306163109,3.6656243413703993,2.343003877952264,5.0,2.6750028194612656,3.6477525621439897,0.6440469861186702,0.25335694395649916,525.9355479522922,13.223965813114829
SUB00776,1,4.3335271801094155,151.83719404296602,28.49143972353781,1.4848603878325592,0.2824027993701228,2.0,0.7858301892233388,1.0,0.3483110099795557,0.4032416481353782,33.03547916012616,20.155036467448813
SUB00776,2,12.305410936189665,141.98514160039008,31.21435598965838,1.7755847058643484,0.10061429608225847,2.0,0.6276624431247104,1.0,0.4490666966154673,0.5902778969476944,25.30430380772288,21.75182394070781
SUB00776,3,3.5781272596355316,125.23746558784822,43.15755190881718,0.0,0.6579088869002115,2.0,0.6594452226752565,1.0,0.3165602367343109,0.33246062129270526,9.476380054117408,10.352115491707602
SUB00776,4,10.537082170801263,125.84207342226952,22.03350473186326,0.565474114519664,0.2409131592495244,1.0,0.7059010338043596,1.0,0.26556589776334066,0.4558339652156975,35.253004228482794,13.622419209616742
SUB00776,5,5.953472180635583,93.22478248981471,33.48502484021507,0.0,0.3637273758886165,2.0,0.6547382885306998,1.0,0.27134100868774946,0.5232445958887874,12.33257546199873,10.779422346688495
SUB00776,6,5.020909508940468,110.26809599870829,29.27985055234423,0.9472798564400867,0.12954866542337384,1.0,0.7122917101154602,1.0,0.28043953031673186,0.536649113567488,37.04315874080437,9.219974381344784
SUB00776,7,10.719931370126561,161.85655529034145,25.126635797038723,0.16696534997423473,0.08344956938092862,2.0,0.9074568064034594,1.0,0.5175343362743714,0.3412835642362505,58.81663952596371,15.822369353987408
SUB00776,8,6.394225290787448,124.08663308086216,20.63938248292989,0.0,0.060298956267582415,2.0,0.5724963844418893,1.0,0.181084607142671,0.4588191027225308,45.57385051465149,9.879807891605335
SUB00776,9,11.702418715993652,127.97150645605194,23.085301775865826,0.0,0.020702566995141836,2.0,0.8156180695638731,1.0,0.5417498589297448,0.562297867890672,45.01702693982105,20.441457801037107
SUB00776,10,5.581697003771059,172.23946754813122,22.56383098299784,0.026884160957459713,0.859154915587503,1.0,0.8718565255822981,1.0,0.44527112374035316,0.2915867262977585,17.350738062872605,25.6276954019689
SUB00776,11,14.130276054311823,73.35433869102175,19.66766568054033,0.0,0.9302958626082968,2.0,0.6441254328657464,1.0,0.1926825486699736,0.47395169494010514,50.13416374291525,19.918287151698024
SUB00776,12,9.222453382751633,103.7006809061529,34.61739727720477,0.0,0.18050791852622938,1.0,0.726813695410395,1.0,0.5245196485163918,0.3352746154910278,51.76664081765639,12.19023604323984
SUB00777,1,128.46087593315602,447.83741923798885,35.34303585046561,5.779404430020503,2.1706159952969357,1.0,1.0,4.423671277750192,0.4946742091114099,0.2535702211999979,683.205294270394,14.109060461187008
SUB00777,2,135.85625027224788,438.0662141388043,41.99824621633232,2.931706866251973,3.902649984804316,1.0,1.0,4.7311789667435,0.4356454271833914,0.40863571700623413,497.055712958042,22.613337525845168
SUB00777,3,130.9873437442731,463.5259853083066,53.28571733316084,4.794676424478992,2.084416362081095,2.0,1.1790444992184164,4.356132857838331,0.4983154493518904,0.4195650718722392,484.5687849067079,14.084890084566535
SUB00777,4,125.97147280948488,469.9484329866441,47.258908237096094,5.050796671398038,3.932071187552629,1.0,1.0,4.662757359265591,0.3421979865878523,0.37509793067755093,984.9413795746193,12.91030864387259
SUB00777,5,134.55189511770183,496.55698663787115,42.03262991664328,6.566724147474194,3.0915864298660187,1.0,1.0,4.269298270574792,0.6010809879683212,0.25001696453809263,631.8345327905048,23.3182207490427
SUB00777,6,133.43379088038495,315.4332133705018,43.04164348753955,6.768316893637392,3.8578661421771083,2.0,1.234486538493168,4.496826764142341,0.49354730546640446,0.3824752183504213,636.5136162143258,8.480541890679426
SUB00777,7,126.51119381424735,521.4836948413283,32.89331648868928,5.08262789188411,2.704366888224851,1.0,1.0,4.873004381134835,0.5283673676325201,0.5801882338574949,575.6018072379137,23.303084577783075
SUB00777,8,121.54147473641338,393.5592308265703,36.175545616124076,5.710294332959499,2.1107362436235864,2.0,1.598180555201915,4.955602013027429,0.5819264150829928,0.568865518197937,877.4018682620357,10.549899707272221
SUB00777,9,115.34196668914915,363.0151877490875,42.18056320114559,4.597170067621247,2.6382537969950968,2.0,1.6470922411303013,4.350975724814064,0.37920061664076676,0.38418525671026504,835.2910512960894,10.367753808162172
SUB00777,10,126.59672706056536,526.7517893400734,53.447521000993234,3.6821001346903826,2.0198870431850473,2.0,1.5116461366303855,4.977045087859601,0.5498682017117008,0.5195195022979953,507.3280202378182,20.97117451827693
SUB00777,11,117.79383375427378,430.49656338772473,34.34751053840516,3.9161210591106834,2.40000247388757,1.0,1.0,4.0714162188928045,0.4426980433816602,0.26916715036941735,402.91078316186474,9.926787737764977
SUB00777,12,123.97748028458722,323.18716037821156,38.29544847375041,4.280497355422767,3.327057514338864,2.0,1.251465625186058,4.88353041558005,0.4103743500690946,0.3963912721662589,812.1224927579619,24.451123927880854
SUB00778,1,1.5166472118882386,52.60893133144853,13.12110109597606,0.6312693092758671,0.31553740079773757,1.0,1.0,1.0,0.282183552139761,0.5511559756434906,5.089378322131689,25.738279548378976
SUB00778,2,0.20914032146553962,38.666905042367034,14.209623302982212,0.14972019656996927,0.035247770963931224,1.0,1.0,1.0,0.32294187112407996,0.3792605675415549,1.4961504565674422,18.50290844892941
SUB00778,3,1.334409484312762,49.06203951933702,7.1855557776480605,0.0,0.1996623817627307,1.0,1.0,1.0,0.1610067623912346,0.5729466610379255,3.6692850055585997,23.971254412032923
SUB00778,4,1.3766338392935582,23.188034951642884,17.954506467537243,0.0,0.09123979377882346,1.0,1.0,1.0,0.20815684602904044,0.40638125710267686,6.9924355487524,23.14760120783197
SUB00778,5,3.1925029246693986,53.067233431495296,9.070289433422394,0.0,0.39605393148879153,1.0,1.0,1.0,0.16771229659455805,0.4025651102385957,16.583439783302566,16.118199376289496
SUB00778,6,2.3164676036142713,20.251821716152236,13.440786512244722,0.0,0.237568700748421,1.0,1.0,1.0,0.19544617528044222,0.5751407569141738,16.13963853743943,22.715996678444974
SUB00778,7,3.5983660099751043,38.622554083604356,6.919916900235732,0.0,0.020797145540278117,1.0,1.0,1.0,0.4494584443514831,0.3465464957425021,20.44205059979053,22.66936785647869
SUB00778,8,3.83219204317503,70.05929655010857,22.25171236819365,0.0,0.3030693008009937,1.0,1.0,1.0,0.2875458208050739,0.5075655888241966,27.301172325177514,21.273971624992296
SUB00778,9,0.9317639362734189,25.600608947999774,21.653904635877357,0.0,0.49429894955611403,1.0,1.0,1.0,0.3035057631762751,0.3618679935991257,5.986190072036854,9.33412155186204
SUB00778,10,2.3225587058437553,6.905213233491422,23.962153423938343,0.0,0.01840169525416957,1.0,1.0,1.0,0.39302024938975577,0.34967745886391116,9.4536789053156,25.464102199414594
SUB00778,11,3.5287060220879543,7.549956514784093,20.116808558873714,0.0,0.2528881613902027,1.0,1.0,1.0,0.22944881485580396,0.4248582219147963,27.745031147294807,11.640601333232127
SUB00778,12,3.5542024108057895,47.05057534583153,20.856177674351088,0.0,0.1756579507006676,1.0,1.0,1.0,0.4754839743490987,0.49470088939025103,22.92756092049077,27.446657223231075
SUB00779,1,98.55439138219056,278.08696807482403,42.418732536124864,0.3147543189845796,0.47103194271821175,2.0,1.5229068676405588,3.164422754910145,0.28593067174975834,0.36902558122477747,412.4847306763513,27.084062034858206
SUB00779,2,105.62939609237873,159.5657137613083,23.750192733135265,1.2029213702432928,1.1770697214703374,2.0,1.2956337892894132,3.7265107839599794,0.576849096344356,0.5244511561529648,834.7810630399326,22.360654794574213
SUB00779,3,105.28329726155894,281.2660599559136,29.643552080722436,0.7173951326438359,0.4329569507024642,2.0,1.7348577441130029,3.350152993307649,0.3424583891636783,0.42006546808241385,732.5360177865579,16.831337175640037
SUB00779,4,114.09792507034643,253.22433651229179,41.53100689436384,0.28848611654616974,0.4298887551380004,1.0,1.0,3.1308239559773865,0.49058711484539685,0.5508468730378935,857.6627792967997,24.64029241240553
SUB00779,5,102.45444554192584,308.5721986504701,21.895597490089983,0.0,0.8504867912575416,1.0,1.0,3.3167501812145117,0.5987275574285141,0.41451772940561016,349.92380132483436,15.17519458727688
SUB00779,6,102.26663330383269,197.71554000105638,30.468890907083274,0.43529502959041433,0.9103124666516442,1.0,1.0,3.588116256723183,0.3049206811979689,0.4040131803685803,523.0660528804115,22.676134793938854
SUB00779,7,103.739012270764,195.0051070669533,38.88260039760452,0.0,0.4697485312096006,2.0,1.9616907895074673,3.8674166923495976,0.6179393017062773,0.27802715895439173,615.0922794579376,20.224962330349264
SUB00779,8,124.39385944198088,288.7811983938524,42.78988441367298,0.0,0.6095332042374337,2.0,1.9248791615860346,3.126255955069886,0.5080185458527414,0.5704983275706195,484.7676561227576,18.335747674091866
SUB00779,9,106.3462185586755,264.38416121367794,20.409153087904976,0.0,1.158952222585211,2.0,1.9204751899358385,3.034111928772248,0.3208852006789459,0.5350386197398207,223.6867673553908,20.058083190744533
SUB00779,10,110.94754057873993,217.39444765637867,26.594475646267384,0.0,0.4373838802016673,2.0,1.0623258544051266,3.68607285146436,0.4183069356006862,0.560677061570591,593.6768095200591,14.864231294299811
SUB00779,11,124.73678951082022,210.23255270027195,44.965605651916924,0.0,0.19961800392545231,1.0,1.0,3.087064587580479,0.36177712864995004,0.31779844085961395,303.3548067239123,22.339480142162905
SUB00779,12,120.72713757634749,158.65102610606505,31.815732218363415,0.0,1.4818242591497812,2.0,1.1405862714703943,3.004621770034946,0.41466813380283285,0.4236939506859675,365.2504228353749,17.055612570618162
SUB00780,1,42.23480428168181,268.8936906347817,41.380967389014664,15.110107813693464,5.080203481433166,2.0,1.40815393749555,2.208725644489581,0.5220977502528137,0.28679332201447527,225.0057509770618,22.194898872605975
SUB00780,2,39.567272236548035,355.4045916489508,40.58443099846133,12.611879103058952,7.411231024766185,1.0,1.0,2.1174995392475355,0.43654708077512316,0.2952311637162347,135.96418850148396,27.984288517153217
SUB00780,3,39.8941332198521,336.1592651257719,64.29970593234731,10.607905993387064,8.978910690155686,1.0,1.0,2.3921965125712843,0.47302451175045823,0.5459770928814397,289.4742156782228,13.724020233055276
SUB00780,4,33.21820796761657,274.18306514838804,38.76868376078162,10.116014073608115,5.194977491573576,2.0,1.0657333048006121,2.056609178109096,0.5243548150439855,0.49942083979992746,186.59808948776433,18.1736934788913
SUB00780,5,52.81335004100213,305.09520530719897,55.59015538439097,15.289224188160825,5.09729658076745,1.0,1.0,2.9599941264554577,0.6242110727649179,0.3939924475449534,128.37328912426602,14.43786392941584
SUB00780,6,46.32097355164886,190.98106743825016,54.9357892065472,14.501881170501576,6.7316085152871885,2.0,1.3833124477421788,2.368921662911474,0.20916900780626926,0.38192143199555667,178.97798854984094,21.276948498511526
SUB00780,7,40.29714553930962,369.44186246898505,38.78410697202963,14.582501014221275,5.058971122573299,2.0,1.3943869262872277,2.611149018686448,0.29275009560450693,0.285631195373759,90.22731831603845,22.77396265459837
SUB00780,8,33.290061131571356,238.35934991680475,42.76325479326267,12.917905090300874,7.484067373765592,1.0,1.0,2.939513902164002,0.1783351290387814,0.30342985441429987,143.71566725079873,14.432309719634572
SUB00780,9,49.64994669131942,286.1113064058037,47.5209753071007,12.370631709902344,5.640487867850468,2.0,1.3325771327385811,2.751324978213141,0.2612165738773613,0.5091960237476368,280.3413822141998,17.749985972600413
SUB00780,10,38.3139621456889,192.52878174708553,41.09785155805282,11.361820561531664,8.344495324966807,2.0,1.5599307354334906,2.450149174876444,0.5423986404114,0.368800867436449,298.58536380365973,24.017707597247338
SUB00780,11,38.09972136288649,387.8767287921384,42.74210116330514,12.660909133570728,8.306731980596483,2.0,1.5835964231911226,2.777027787557358,0.2557368975675621,0.4618953197061024,257.52569070611673,27.85790455365557
SUB00780,12,54.60618064493134,225.59051362456023,63.755702147057406,10.26237482554401,5.721724639440873,1.0,1.0,2.466818129942876,0.49117747320645777,0.5936288683322324,402.31559695800905,17.06295360327802
SUB00781,1,2.839415047801216,1748.9365253414076,55.782045093842996,1.4372995944119793,0.8476846307163439,1.0,1.0,1.0893088875237866,0.5061464585723545,0.40348626091083584,7.462110920630713,12.39220464083621
SUB00781,2,0.8341639355431759,1394.7150634474806,40.00409915337273,0.8232515963318359,1.359594629900564,1.0,1.0,1.7021163965005441,0.434482601056147,0.4199245155962177,2.006916813371656,20.17952167739827
SUB00781,3,9.235219283721234,1756.4066624976433,61.02507872708476,0.0,1.3614352930893547,1.0,1.0,1.360223120722899,0.5369971144114384,0.5545249179392018,30.646035282376165,22.33797277334884
SUB00781,4,1.1400106757025843,1400.7096030718085,45.260308701797435,0.16654228809733695,0.029908667880111872,1.0,1.0,1.5553607258880193,0.3452604301622929,0.395058253924895,6.819152102324515,10.117366656570884
SUB00781,5,3.7954450313191295,1614.063414625278,56.81415002321937,1.3082899203208047,0.7237086488607194,1.0,1.0,1.4430574060665133,0.35232909630023085,0.5110964826450503,12.096850422789359,25.682961526750024
SUB00781,6,3.668547039091337,1738.8198594809214,55.76344099343362,0.0,0.2974124608798505,1.0,1.0,1.420725038813908,0.1822628314683068,0.585194203036282,19.990702418634594,23.02318721108978
SUB00781,7,3.6974578828647617,1320.8008523603476,74.79334876794306,0.23796130562699425,1.2890631693708174,1.0,1.0,1.611924569701885,0.27343510697398293,0.4694057894595656,23.74752412245587,23.253725477833182
SUB00781,8,2.155299368458941,1686.4622194577237,79.1966684752584,0.0,0.0546082081448363,1.0,1.0,1.9297142870801334,0.39746675168913836,0.5498310180302786,16.972756361361707,25.87420373028042
SUB00781,9,5.437731908773018,1231.7464632798954,52.93738094288697,0.0,0.9950653479962266,1.0,1.0,1.2054984697628512,0.19714233480015783,0.4378376709663873,36.11365247870602,8.518516905735067
SUB00781,10,7.450039110141197,1672.0304921139923,47.11862255852749,0.0,0.47918105831647734,1.0,1.0,1.9911799005072706,0.31570732847942207,0.3769089482126522,21.17301321807182,18.999799057604573
SUB00781,11,7.078349072095354,1582.1993868499367,60.2220355025145,0.11122991994251441,0.10521235616571933,1.0,1.0,1.0729542024588818,0.49836944461961263,0.2905095607841912,27.047926933914763,27.00013152066112
SUB00781,12,9.447186050605977,1466.6306095084756,64.57564396503878,0.0,0.5165987174250142,1.0,1.0,1.285311385930613,0.4280852133864519,0.5768662337325166,49.28061349962133,9.398849677243936
SUB00782,1,75.2524118547861,518.0460187098313,99.27681574918898,3.7111165794780048,2.2403899961332168,5.0,2.586971587510069,3.8383136837097456,0.4891909921587855,0.287193091339258,402.9707347689169,23.911075366082734
SUB00782,2,52.220124450148305,693.07333761754,85.77233520106975,4.2736682197334295,3.090087193213101,4.0,2.7042947942381854,3.86316243845228,0.5588718660100988,0.27790310665489226,149.70308096928696,16.73348747540804
SUB00782,3,58.12432801018518,773.2922777881523,98.01043392103773,4.036692539758461,2.7802950601307193,5.0,3.2620920324894405,3.7796431036028197,0.5729603585576799,0.3356075528522718,260.85424442209484,21.633682914783826
SUB00782,4,72.85570596401368,726.3793788615482,115.57767730356102,2.3981876236892314,1.872142995141227,4.0,3.2037942270617576,3.223845744365407,0.600506534051219,0.2998057626270679,446.53677817721746,19.74329297079669
SUB00782,5,54.94731058747751,806.7967421981425,84.23112445978624,4.689206341900084,1.7303337151699079,5.0,2.6235830224712644,3.412770308779857,0.4893058161408562,0.27427438397151904,131.81765255973065,19.89537443614237
SUB00782,6,58.671337349028974,551.974143344993,78.68856302623026,4.098721326749641,2.5296335726468557,4.0,2.5974976423545098,3.6610291490018083,0.39233816066316973,0.3988135743912401,342.23663997256625,17.898706388594952
SUB00782,7,78.27778224429149,467.7666805310241,65.2560204527905,3.0949139946979147,2.6453022743278707,4.0,2.927272066642002,3.682215418545301,0.5432955711866635,0.28828692454777083,618.0064644928426,20.242999639658425
SUB00782,8,77.62226838900101,756.9443561368694,97.8736335846256,3.892432938918359,2.7748948656844323,5.0,3.447694660454849,3.9420936812607588,0.3746829735676489,0.40202529851012964,236.5136095436954,13.125328881075761
SUB00782,9,69.65799150166328,767.1577139979383,63.06727040408977,4.801777072956681,2.589835436765834,4.0,2.5575322084347873,3.5732690208071634,0.26153378719575276,0.36145542030017386,174.567621211435,18.843998519456846
SUB00782,10,82.01261361960472,631.4575565911365,105.7607842137617,3.5074231199589785,2.796533649035518,4.0,2.774842477204266,3.8936185283871945,0.4548598763489642,0.5612138489708705,495.8194224614144,8.284747307621416
SUB00782,11,53.54247859465738,682.2214735598095,67.08974847710269,3.486304886204393,1.7639157491879784,4.0,2.825138010377546,3.4483614782410354,0.6220556587597674,0.4694891432503481,415.9034915990645,14.947187548628593
SUB00782,12,64.06585113382101,679.2848806742774,110.483435839945,4.676768350653617,2.644046445465049,4.0,2.722370160289027,3.115878249471784,0.4197962338516612,0.25401181685423957,191.52085562090497,17.072013219170586
SUB00783,1,4.899153512245585,81.91875370827664,21.113967424316666,0.8150229895738534,0.0881602495413163,2.0,0.6998582732827328,1.0,0.2749944115899386,0.25765038313772537,39.019175201745576,23.404378211204097
SUB00783,2,12.974425259673236,160.6598863859788,39.573090118946666,1.4627901685231879,0.5290490202476121,1.0,0.5759877590988183,1.0,0.5475488836810499,0.5565617793794917,41.27624814672669,26.501620499790917
SUB00783,3,4.428560851117309,63.61154871904057,33.91427429547722,0.7846172383476366,0.40151579323259257,1.0,0.6834337125996945,1.0,0.2518258089338075,0.5142960211602856,28.68379290442961,19.183150427696837
SUB00783,4,7.404612289479758,121.51963824225368,26.23438706128984,0.0,0.8458066830814837,1.0,0.9484150003709202,1.0,0.26491649173084275,0.5567556129388826,36.94264239095452,16.480414056178862
SUB00783,5,9.124574784007228,109.55060950874298,30.20994511006146,1.768654311893687,0.6846669906818904,1.0,0.8055934856667011,1.0,0.41998099985307924,0.38446616037637216,51.537391226634156,8.872511224943736
SUB00783,6,6.807596292581608,109.74767740961613,42.39664489108189,1.2381887383665888,0.7419474403514102,1.0,0.7114727938239223,1.0,0.38766556787038287,0.4609719091694684,37.59419036781309,22.244587216908762
SUB00783,7,9.556325824374259,80.72998882119941,29.591228125539978,1.505858341983105,0.06729644645265598,2.0,0.7355038479937724,1.0,0.40352143471171664,0.29947438962689266,71.89649883864335,17.09971991972933
SUB00783,8,13.3451522825656,63.16790406710387,24.685472587817298,0.6922287007950314,0.5882251612390131,2.0,0.5119076278517942,1.0,0.34977145007053806,0.5248728445215611,58.824936336227374,14.747048407249201
SUB00783,9,11.638576007229217,162.18437826216336,34.3121888231977,1.5944442374346846,0.06502224525312217,1.0,0.9180563703441106,1.0,0.4945342786104653,0.5031669668161735,41.52073538090767,23.612797249605272
SUB00783,10,10.491275845595167,152.11626485486772,42.348148751999,0.2710347718020871,0.6388669384883524,1.0,0.7932527955743571,1.0,0.3743153938010758,0.5836351392738441,81.44783510134539,13.687909400845912
SUB00783,11,9.009633226455097,98.66512072921861,23.77154772793243,0.40526232905122944,0.6416698573021717,2.0,0.994416237974606,1.0,0.36352112460956876,0.32961887946671553,48.86253520645091,22.60048130289176
SUB00783,12,5.983737469578484,96.3136887526708,33.5453774091241,1.6364159155931632,0.49001870220655863,1.0,0.8283329278575289,1.0,0.2374019816095644,0.5777720885609146,27.557962056125053,26.75776777657389
SUB00784,1,124.4388207188101,447.2867937538943,51.57701392130332,6.328433425474671,2.519120879418846,2.0,1.6454141432800429,4.905676358120335,0.41597621266873186,0.3426482716144743,564.2084773809021,16.935760607551565
SUB00784,2,115.86330723478967,304.48380079352535,35.516333502352,3.290295867809664,3.0772181392255478,2.0,1.0250329811873113,4.389572205963988,0.2736378719100379,0.5961921702468831,833.3109069001524,27.475202107580785
SUB00784,3,120.58957840828057,336.23437215938225,49.07066204525184,3.6390536973709384,3.003020786900682,1.0,1.0,4.731824756558384,0.44321533862910334,0.26291083471460097,509.079924443647,24.067923311178024
SUB00784,4,114.50052794932027,323.47011738665105,30.160857560009458,5.643891569384855,2.245628974047776,1.0,1.0,4.971349852647991,0.5580371860541589,0.3950441882108332,373.2752846707582,23.358244552391554
SUB00784,5,117.93867106718278,461.90844787212154,36.29052819039211,6.420357240061664,3.33262755365778,1.0,1.0,4.377728884872138,0.45692854824305074,0.37013274257817197,758.7346051595557,24.833610412578405
SUB00784,6,137.2323188122246,416.7719544217728,51.09808476458227,4.170056354368191,2.2829851740526603,2.0,1.470107617274641,4.170926418524768,0.5366193336332067,0.27270843046797566,806.7166749592603,8.717834169278913
SUB00784,7,111.84221924835937,558.2858162664504,36.46208103143977,6.273017213444596,3.8103192621723876,1.0,1.0,4.8873213635774615,0.622794459805661,0.5314330436625447,362.39967637432915,18.64313639601707
SUB00784,8,132.74766479500695,461.2363090743046,46.72588190409641,4.37208947746897,3.110189963700265,1.0,1.0,4.272620984711007,0.5630821454145878,0.5413011723483461,657.6988483955915,13.519472780640037
SUB00784,9,121.40157472080446,332.8831091445285,34.01985881824771,3.9314574471924657,3.3146234655033164,2.0,1.499865882140828,4.753997616763614,0.3886146947595449,0.4241821293616955,442.7082342564909,8.969383475459525
SUB00784,10,132.04566901593842,496.8456490519105,50.53368893612377,4.492716564040322,2.3029177014824675,2.0,1.6742179480999022,4.860834001227172,0.27341883606888706,0.3248148956255665,299.7625542564221,16.489738899889787
SUB00784,11,121.52392529770187,355.6911176429593,50.82674842350942,5.027100376208901,3.205336800991179,1.0,1.0,4.953240499136759,0.461138533227043,0.3226233470075068,380.2095820511537,19.610636528589026
SUB00784,12,119.5765236648222,292.24199017563984,33.211589883068235,5.957375758294066,3.522744888133837,1.0,1.0,4.71749295622274,0.5383718756736153,0.3377813009875089,465.86294424272313,26.799772590331454
SUB00785,1,0.010185202309079822,67.15383519768235,10.663294120751125,0.23827499537623853,0.31299937813098194,1.0,1.0,1.0,0.4160287155413759,0.3365989006152118,1.0,11.547573900855333
SUB00785,2,1.7773987037618004,44.59777279076672,19.63111603476449,0.2753391104832829,0.4452961930205478,1.0,1.0,1.0,0.4655630094814954,0.2548883285065768,11.790613558696961,13.613459199900117
SUB00785,3,0.0,75.10236422870695,11.928304584359822,0.687594244870182,0.2891294868412869,1.0,1.0,1.0,0.5207071912146525,0.39193138574890696,1.0,8.29706950723418
SUB00785,4,0.0,60.62484128403907,13.209873684646594,0.5880369578694565,0.2494170917988947,1.0,1.0,1.0,0.45408014471952396,0.5220644128646386,1.0,11.711010726160143
SUB00785,5,0.43557201971902226,45.22745248918514,6.171908535366799,0.6474947020556545,0.00241430125296771,1.0,1.0,1.0,0.39355089325148995,0.3289418668052163,2.5445657211373933,17.208744348316387
SUB00785,6,0.0,90.71662702915675,6.056170263093348,0.4954165726796902,0.10072952374309851,1.0,1.0,1.0,0.25665667747751686,0.5622484183443119,1.0,13.635413082780712
SUB00785,7,0.0,71.11536653446146,20.1889030180533,0.7582790299078758,0.420224889231246,1.0,1.0,1.0,0.4981175194481935,0.4230703083812551,1.0,9.832813042693148
SUB00785,8,0.0,56.16259399241241,21.57728660706534,1.0403516121812315,0.3636319952892716,1.0,1.0,1.0,0.23055082379251993,0.4759156309377848,1.0,19.69781272266815
SUB00785,9,0.0,85.24187046986455,18.49114342375195,0.7991445194253977,0.4531138079687891,1.0,1.0,1.0,0.1834545170657469,0.27067981475463965,1.0,21.67631928415782
SUB00785,10,0.0,41.032064002386925,16.29352324530104,0.6969753197424511,0.22010216278821076,1.0,1.0,1.0,0.4828714966531824,0.35717247724215645,1.0,25.880324993373968
SUB00785,11,0.0,51.880817229043494,22.375221018018834,1.4801160858419045,0.36283056860595314,1.0,1.0,1.0,0.3495463088007414,0.3329762159438543,1.0,14.656210969308841
SUB00785,12,0.0,74.66628502065437,15.521739890497013,1.303082383991277,0.03390488193661928,1.0,1.0,1.0,0.4449131895807581,0.5733201692709377,1.0,10.252912238154659
SUB00786,1,96.89919210531185,271.53663315282097,27.798992133211804,1.4265893840334838,1.4620097873228401,2.0,1.7084405325885672,3.4868075450273164,0.36143043192417146,0.40340998660065064,746.4524685445592,20.163074066377497
SUB00786,2,105.65031491388112,231.85950279194552,19.845781336379407,0.8698356082278428,0.7421893727304656,2.0,1.7305326271698083,3.4010209307687767,0.34960271310215085,0.27377402514252647,377.69818476889634,12.1934265457732
SUB00786,3,115.62847373679779,236.56658855054783,22.349913896925976,0.7131954238940302,0.7075175216908905,1.0,1.0,3.241179253431879,0.38363630508781,0.2947190813296067,547.489128297304,13.57239475927535
SUB00786,4,107.75482526617274,278.5723854876359,41.00253471387039,0.3242879732186098,0.7359567997422929,1.0,1.0,3.709414409936047,0.41101647800877017,0.5399831196457652,592.7551216316815,27.722200054627216
SUB00786,5,126.80943383808452,279.4393083497126,35.28099469754719,0.018349770942889365,0.7837509179294235,2.0,1.354799669788237,3.2207544159671238,0.3615049675961254,0.5172535024010032,912.1913425639425,24.595307965124086
SUB00786,6,124.99617545535413,230.63294100233577,35.97785343072752,1.0189229070470025,0.07443426143133597,2.0,1.8292033951539142,3.6134426719740103,0.6466953277606077,0.263504416312766,844.5420029510465,10.420166811455296
SUB00786,7,98.48037950052006,146.54624296463777,39.26582336685226,1.1373580499719274,1.0150590144954907,2.0,1.106143109723698,3.5454515165654157,0.5605528959440851,0.5966724447510773,251.77438482448608,20.843204235487608
SUB00786,8,114.60066340422681,232.3177074166192,41.48140558831909,0.9092476996275056,1.0037962468524373,1.0,1.0,3.250291599505104,0.2625048760361016,0.35832524703510366,402.46474633179497,25.67242807382884
SUB00786,9,115.98914420489416,174.17384309073543,41.47467660128092,0.4394423162775325,0.9019392378173996,2.0,1.5114905118184858,3.2094185480594675,0.36103664125384294,0.26434552586234933,455.2762180409688,26.594770346403426
SUB00786,10,120.52473625498352,193.42762391351707,18.24060042985629,0.3250989269524913,0.12882441876369888,2.0,1.1456552233415258,3.1651073944637003,0.37095016757555843,0.4603576316869821,746.4383587246335,15.902725837321572
SUB00786,11,104.49617299585198,199.09881731804688,38.57917789855367,0.0,1.3588952003679569,1.0,1.0,3.793396767801402,0.5792836688563097,0.3821213425964817,824.290912376444,14.26766974723925
SUB00786,12,117.40475993268441,207.035919515289,22.82600164742953,0.0,0.30613003327133215,2.0,1.1752380971490861,3.1948892907114743,0.5302162491252282,0.5638351348938879,678.0827778874324,23.261908180187994
SUB00787,1,42.23997484427789,235.1215222599575,35.29392871371306,13.449033751664386,6.360422404550498,1.0,1.0,2.5721364095742114,0.4795849886383553,0.5052982885438433,207.34533423520153,15.146031440643508
SUB00787,2,49.63655049675578,390.458071600435,46.55391832030028,12.163397672911271,6.33256470555669,1.0,1.0,2.9342213964794537,0.34402646292398287,0.45217192552712837,286.8677633759098,20.27792213020074
SUB00787,3,47.237215206571946,233.56160650673178,63.616790613186076,11.655757813068778,8.289960765719876,1.0,1.0,2.316393886368878,0.5236459579625092,0.3448669888434109,222.56444995711766,25.562657343450855
SUB00787,4,40.68583247277505,293.54796732628796,58.83099549189501,14.502747068048784,6.612633516426167,2.0,1.9009684211245526,2.235811099931862,0.1795440256147319,0.4394936383534587,230.74904097751605,9.161225202555197
SUB00787,5,36.01040420488934,385.7633586358262,63.39753131109732,16.1656975995878,8.228776599722869,1.0,1.0,2.9121564748949216,0.31496233050590666,0.3697473673414382,281.8456293457357,16.940461093827352
SUB00787,6,48.82832449568815,338.52141033017534,43.52418517656857,12.28801365413317,5.441500756062607,2.0,1.2719544755613184,2.086861045760184,0.5444215078385649,0.3727783989244843,110.34582465994043,9.703826519209095
SUB00787,7,49.57138424938455,400.2510842151175,64.74588784946951,16.366517863172803,6.286712841265125,2.0,1.1703737250914847,2.6076136189405394,0.40994374790516563,0.2897071113261218,303.20424886330704,19.736764129802456
SUB00787,8,42.37298037397709,377.2325405841191,62.62860418953719,15.420087544603854,7.113120379987105,2.0,1.2784724459587908,2.0416545564845503,0.2821105257201802,0.5977421954651414,296.8881268815365,12.709015509493405
SUB00787,9,36.28912333097319,346.28599718068807,53.49181673386289,11.803628069518751,8.94967851657331,1.0,1.0,2.5332789847037214,0.22152752961716493,0.46356166764392015,113.64188807671664,16.835600548091712
SUB00787,10,54.74472553897376,201.6636818658958,61.86891295955311,16.436747782874136,5.458568502519212,1.0,1.0,2.425099082773645,0.2684299370681007,0.4185469694137367,332.91934543599166,8.965163623174238
SUB00787,11,50.490334868885725,392.07215495373794,56.32132971605622,14.164453319496007,7.939612855764153,1.0,1.0,2.7106562293936443,0.32955344870181547,0.5476963573046035,156.42103504869593,14.967153720402202
SUB00787,12,44.47028610990622,382.2907872145989,42.322502308216,13.097498680445101,5.712238819994516,2.0,1.645047179527587,2.8446870719177224,0.2721014711667634,0.3188724948718261,103.43028757353174,26.742066847968058
SUB00788,1,1.78670611518583,1416.6168709568492,53.4454130067059,1.9621817247131532,1.234053814707206,1.0,1.0,1.065668484464518,0.5418112318839904,0.32946540110421696,9.93813734759476,8.619730491013485
SUB00788,2,3.2701520508889046,1541.8752827689339,42.3727090211161,2.6044487169605217,0.5241884265079493,1.0,1.0,1.7725291051053436,0.34094068827797797,0.4575967576767421,14.668170344287237,13.468002707196842
SUB00788,3,1.9761857971726768,1794.7503686628736,64.5803154211551,1.8127965247835975,1.313899245926027,1.0,1.0,1.4664801751649261,0.21089182360583472,0.5748954995225559,15.505527664439095,20.10125313947957
SUB00788,4,3.374745430224024,1259.102465510676,66.18638048312314,1.9303427371644912,0.6684095023214183,1.0,1.0,1.8815542832652816,0.5207492245410047,0.49370452956931965,20.91051271934503,24.006836815311132
SUB00788,5,2.7578940808700914,1464.4369364740228,69.05239865097184,0.7738042118996875,0.026646694731795928,1.0,1.0,1.283187435306385,0.42836759508640987,0.5144662747322399,11.748287447977088,10.234200589038295
SUB00788,6,0.5279798131116085,1803.3162335027966,76.89969807518995,1.7587284589557877,0.5421186103707731,1.0,1.0,1.6654077549701771,0.25659275619396693,0.4797776001566403,4.096585790489965,11.63229042913934
SUB00788,7,2.067029390121564,1368.916634267114,62.17535936572515,0.8857432100425161,1.2361689595731782,1.0,1.0,1.3432957134703087,0.3237864094811578,0.32040842741310527,6.495530869590877,9.754394136297117
SUB00788,8,0.0,1529.7474205062038,73.26979490612445,0.8870335098377047,0.45515437590767754,1.0,1.0,1.1209930662557956,0.18295238718654105,0.4117360176719058,1.0,17.017292878298573
SUB00788,9,2.9091491199590145,1496.7084845348613,41.62119993525509,1.7638910290182175,1.0872765243464648,1.0,1.0,1.3793587736051172,0.5448971455424554,0.4868348901628631,12.620582107475425,20.979042839637593
SUB00788,10,4.2142721894525685,1227.9418605077153,71.14001006269018,1.8222102717829471,0.8844984614226077,1.0,1.0,1.4596089254095026,0.16860848455911287,0.2848856856815753,22.266880076541625,9.659069479178859
SUB00788,11,0.7644629756031911,1503.0392718926817,77.65549702469204,2.9249756738847346,0.8871922093690422,1.0,1.0,1.6245477470665484,0.4154543491314915,0.5198069154302976,5.346377474196477,8.123565799903723
SUB00788,12,0.3158377773514287,1309.3099425871308,64.77315478383781,3.0667026808676106,1.1445788068915626,1.0,1.0,1.6809560399813903,0.4926110338588806,0.44927250622026293,1.1537638990203352,8.255812581215284
SUB00789,1,54.794769218439896,533.7069088233457,105.46816322876013,2.9867854664634077,1.6075250137914532,4.0,3.2154601903454676,3.386999268865857,0.4736612742778197,0.560598216583565,336.1078020845015,14.397711860144044
SUB00789,2,76.84745440651075,618.3924022659526,112.81833996336732,3.746505131300018,1.8881491748633588,3.0,2.894877788380557,3.4359638100411645,0.3793251289328248,0.2955671011368126,178.1307463311285,15.896295303451229
SUB00789,3,54.182221611404074,571.473122931535,117.16299652281575,2.86534073206306,1.685206560206109,4.0,2.6356438540219718,3.0787538494407944,0.33771623917725774,0.537740044925372,395.44646899711927,24.74404163141883
SUB00789,4,67.68347696154511,460.67967667018587,60.84943545427854,2.340678098614388,2.4968779968400416,3.0,3.0,3.7630257728473624,0.43228268502928247,0.4370660245082535,377.63536692181555,23.66819694468513
SUB00789,5,78.76460315547999,508.70779793716275,63.310180618035055,5.193693374239093,3.1064665947762697,4.0,2.937488029994358,3.4414211871261693,0.36979079277082494,0.5794880753184706,387.1900615004007,21.034583325833324
SUB00789,6,75.06926020609048,585.9471780970257,65.55535511305759,4.472309653309142,1.734845147408189,4.0,2.8291461033578487,3.8422072355299277,0.4711355160807732,0.5064774262050021,527.6711839850595,15.62646531654889
SUB00789,7,61.7672675869736,564.0675904791134,98.27080504628037,5.186354060255574,2.813668536415602,5.0,3.2394167923727926,3.6972676403650455,0.3685963793785958,0.5756703936969545,315.8793877563486,17.862859197137805
SUB00789,8,74.63010473815639,620.6571847766612,109.35302835129603,3.0590287032225403,1.8158619803304477,4.0,2.998401173294023,3.1998226395710883,0.3994480904276644,0.47636993415029427,339.45635702982963,22.38296237765067
SUB00789,9,76.26285152817309,553.1689575897802,104.66135973394806,3.731985877765656,2.4810172112744233,5.0,2.8280983148506835,3.102932739636753,0.39198367064569495,0.3740541284932516,567.3626164238607,27.050600668578536
SUB00789,10,56.02247497029513,566.4178764795934,76.83947597819497,5.272875183364048,3.2586184112283076,3.0,2.7859932713100752,3.7414236054964567,0.36953843228899075,0.37629648075465927,421.9311354010904,25.2411344087755
SUB00789,11,56.25595932656728,599.7145125561227,63.393775704416775,3.7570487865627555,2.781316320849211,5.0,2.9887133600181137,3.327183192076395,0.47711031441330365,0.4195001079690464,330.53851832852826,12.813300225642019
SUB00789,12,64.97080574249526,698.5557795432413,84.70719483775177,4.497311470049413,2.8105183881205367,4.0,2.7536696660750786,3.474711536144384,0.37240485645254173,0.31740849673475874,418.4876147395613,19.267813981836117
SUB00790,1,7.864491275246421,178.17210343911495,17.742749335721598,0.6415293390871162,0.20106433419121095,2.0,0.7823266149228565,1.0,0.2945214750928155,0.500728823493145,52.22569772079092,16.498814087701426
SUB00790,2,4.018423875564613,131.23087183245528,30.049771025422512,1.3203903219882676,0.0941665493166095,2.0,0.9046501463676881,1.0,0.4161825372976896,0.45300603398984585,9.72069614673283,21.708971734861393
SUB00790,3,7.369266985998377,148.19273108580396,34.093758901577324,1.6236818444041958,0.15195248459001343,1.0,0.9585977456652398,1.0,0.22709651481808196,0.327784408941139,23.39765687084039,24.33205309315416
SUB00790,4,7.721570502510492,62.435772603270834,20.63219576698319,0.0,0.8535820656069245,1.0,0.7111134571899934,1.0,0.27965195697449363,0.3668638589302248,46.21153230072972,18.032555734008838
SUB00790,5,13.977888352454112,58.135691363013734,26.276515155834943,0.5089308994016426,0.4044390611621146,1.0,0.8867221447910393,1.0,0.43816902280309156,0.543960725657791,45.08806590986645,11.564022196772928
SUB00790,6,8.81163851643328,60.819891453943285,34.43887767201814,1.085844067806397,0.2968018160220949,2.0,0.9345987221997994,1.0,0.1946708494452813,0.5012419719140089,52.767584896920404,14.187050826273449
SUB00790,7,12.156718302648617,105.23767210362773,23.32860285838136,0.29629263054449495,0.45331343968112614,1.0,0.8644241609712382,1.0,0.2624818516426398,0.5647259012878668,62.25463742261712,12.691488298738689
SUB00790,8,7.443798101400458,137.5366211219015,38.49102405267568,0.8105483650651554,0.9562075495052136,2.0,0.9106135231538718,1.0,0.5292486772947395,0.40856341890256487,15.858572450851694,16.445519040846445
SUB00790,9,14.467784973844122,97.38425604934469,21.00341102635806,0.6731397045794556,0.1768942624551224,2.0,0.5175882001147154,1.0,0.27778561063192647,0.456573624513692,90.84894593403372,17.58185429313177
SUB00790,10,7.83613565180641,173.18479700639907,35.67584002409349,0.004244805202438973,0.785126702996079,1.0,0.859513014142122,1.0,0.33489804544679125,0.5646710468728481,15.831710199419994,24.013026071830616
SUB00790,11,16.21782828209861,94.94258688492943,43.211326181131724,0.3184529443576961,0.8433096673926328,2.0,0.8348823959037153,1.0,0.4056541182047031,0.5082363231128737,100.10593849532525,27.668022096626615
SUB00790,12,15.509544811430505,92.65069034100596,38.21239694994421,0.5353058658494734,0.49661033009489275,1.0,0.7251310400420582,1.0,0.5011544309030153,0.5769828127283172,56.0880606166181,14.147877066216887
SUB00791,1,132.6865877264503,443.39276915402996,41.806907177782904,3.693142465728383,2.5509484828366698,2.0,1.3735067411394148,4.204067820406354,0.35513852710004823,0.4594734753980242,441.6092723325812,15.021203230654532
SUB00791,2,141.34854876432618,474.8458184922476,47.83751467749609,3.4736781421793634,2.8557857002882896,1.0,1.0,4.880811770356369,0.6433338377671782,0.5135855826527154,338.3740159635439,10.12659098397041
SUB00791,3,132.678594683169,485.6402246946683,33.96508254043128,5.645574723699092,2.563739871008428,1.0,1.0,4.803819299624376,0.33473209820195865,0.5560565693354208,513.4277720063636,11.17003294376919
SUB00791,4,114.78852546027014,473.876296447024,36.4984065226859,7.047905891728125,3.6041130445890657,1.0,1.0,4.932605832233211,0.3905511563363173,0.43560975189070955,580.6253475033036,24.524612174472292
SUB00791,5,137.33752328146971,381.29906856873885,30.218170581112634,6.852414174025922,2.28393693088725,2.0,1.3278323041024684,4.836297401351733,0.626639409213325,0.35362058347857883,616.1998209539179,16.325298650094354
SUB00791,6,137.342356752029,309.4877870469653,34.1260577230198,5.344597518914155,2.0296172544754336,2.0,1.3831502047986886,4.975513825385446,0.4822944182300949,0.36299665947888615,542.6094551132755,27.94636014720409
SUB00791,7,138.23871258632772,514.5501072731146,45.22230923362439,5.226063407217569,2.6871017327411852,1.0,1.0,4.4412341073477295,0.29702622049687166,0.5214170795832324,774.4223636416003,26.252753215371932
SUB00791,8,123.33353930135937,357.6256678469408,30.65756446229862,6.747135382541063,3.112800390329453,2.0,1.4792848557182536,4.215923493422851,0.38722182372032243,0.4880078434699805,457.12478381191386,26.319048753797794
SUB00791,9,132.814251568311,560.1105437656906,40.31420611959796,4.382514001619847,3.214279096877267,2.0,1.733191405822163,4.850940128749147,0.5266507050275363,0.39571112579998313,866.4168784405397,27.657535517163105
SUB00791,10,121.1634760779914,508.497244185235,34.14931264238592,5.549524463875758,2.6260914053347113,1.0,1.0,4.6191546768340945,0.5119484805454214,0.5504473680925517,267.28952055186795,19.357222712749735
SUB00791,11,123.20526304672677,441.3337647462355,52.940308526984126,3.6271843765475653,3.99336080655668,2.0,1.0889824945943376,4.240751475760575,0.6484559457708642,0.27768242151325884,811.9980299826749,11.402031626384307
SUB00791,12,118.89336866562766,424.49882700474933,39.441629435602295,5.213076031976436,3.2214759138325135,1.0,1.0,4.296601485115676,0.33943518681399687,0.3281088491496853,388.6395767297039,12.37313681440231
SUB00792,1,2.035903309436591,41.08684166662537,24.52519968177488,0.4455253829395325,0.21267997514519316,1.0,1.0,1.0,0.4971697263482112,0.5065542732584648,9.163153936730765,14.830603592527911
SUB00792,2,2.67115414424241,57.08120217000996,17.18796059241409,0.4710026466909728,0.0679018371872957,1.0,1.0,1.0,0.36153168317069945,0.37511981616948903,13.667646602315399,26.176925360439558
SUB00792,3,2.62332048932043,38.50451927134911,6.0892748898173155,0.41439854881870275,0.020646277954363634,1.0,1.0,1.0,0.15383748691281365,0.27909648427430656,7.598763807166241,26.05897361103498
SUB00792,4,2.2998081518156575,81.80270470410788,19.001466483396054,0.8789365049527372,0.0885604396753818,1.0,1.0,1.0,0.41386642369076854,0.33528644948534825,9.760155604712937,23.815304894729415
SUB00792,5,3.396790474663021,72.66628551410734,8.752501745169194,0.6271487204523203,0.2644075343839732,1.0,1.0,1.0,0.2555638845689273,0.3544702001997271,8.54000818098956,9.4450619851255
SUB00792,6,2.393160536585138,25.818515634767685,18.593479043908566,0.5916807055368152,0.45662775537186867,1.0,1.0,1.0,0.42200187432020986,0.5357628099006158,15.21452297303486,12.859091104672029
SUB00792,7,4.631409534206078,72.22204678476194,15.286079593118355,1.362629553776157,0.32728423287537434,1.0,1.0,1.0,0.3201879339964218,0.32674016999246314,27.039133895984044,15.065210907150757
SUB00792,8,2.793812095251539,34.86480915267161,9.771586806829331,1.0413007486294665,0.4637278470173823,1.0,1.0,1.0,0.439627745195072,0.29919964101440544,9.372207157230541,25.91678086337495
SUB00792,9,4.956480124712573,60.041656367942544,6.8729967676402275,1.0530762068372737,0.1910654729029564,1.0,1.0,1.0,0.4913544963162326,0.328745634399798,30.958609993624798,25.057791441410764
SUB00792,10,4.815406099382928,7.086242070939443,21.014990293536954,1.28491444197038,0.009809483413930786,1.0,1.0,1.0,0.4993565816229347,0.2643056466327958,27.804337616814394,13.839634239839253
SUB00792,11,4.690505687344201,54.85359488084669,12.308961082388752,1.406720848032551,0.3679605718365974,1.0,1.0,1.0,0.2940141349933286,0.592053419576466,35.76444860175017,25.054617669128067
SUB00792,12,3.2603989488748657,45.15231342746294,24.478830678862025,1.8355623161097678,0.39726191584651277,1.0,1.0,1.0,0.4641301248835007,0.3172966155652784,23.172468041030427,9.133307550064472
SUB00793,1,115.91450294402026,205.44858280758763,22.947635414697643,0.7214880522548385,1.486535884051214,2.0,1.1470530763652815,3.800068740295928,0.2621987466933266,0.3603608916631528,344.924926869043,26.35173972600402
SUB00793,2,112.14822835408181,213.97583453798666,30.729048245251356,1.075717932428394,0.6163952636278146,1.0,1.0,3.5315921054202857,0.4747328383161339,0.406274823232752,449.51463524078775,13.63409987298317
SUB00793,3,99.29628117676594,318.5237176759627,34.16050800356446,0.6957670281723497,1.1164900698584885,1.0,1.0,3.182914501813634,0.25705068048395247,0.5460507102985266,657.3727625383269,27.028464837587066
SUB00793,4,120.66765687251394,220.09845902866877,44.66193417421182,0.3188858720271796,0.9620406510751238,1.0,1.0,3.5306261194935,0.2793679069318116,0.36933497035459895,493.6431237139327,18.105227255884035
SUB00793,5,122.27254581282068,286.0717170436282,39.50900196966438,0.4515169997294768,1.0609913694075281,2.0,1.2359499143266457,3.2412769888254687,0.2924543178658622,0.5378392942676059,467.712744337467,26.039791976637822
SUB00793,6,93.45580850209117,266.7182564037367,30.59458736845058,0.4016716503942079,1.0034067522191974,2.0,1.981382757901537,3.8339883954468386,0.5482575891157652,0.3266012362654055,426.95760655517995,20.492271003235295
SUB00793,7,117.23650195603098,174.3921218470125,36.658907039240276,0.4843945768397677,0.11309523135582616,2.0,1.2866976439384903,3.5959194639464003,0.3686511693015182,0.5163119053734739,769.0506902141908,16.810384845599465
SUB00793,8,97.86698572300097,307.14398739764175,43.761582954133566,0.364488463721583,0.008912901662059547,2.0,1.496349139668307,3.8418429138872767,0.2584168843063489,0.4935781530059066,546.8805885150828,26.994042469818627
SUB00793,9,96.2092515729305,310.3029359264289,21.919562342326444,0.8477926707505916,0.5068173214678905,2.0,1.9507082106203693,3.5918644901228913,0.6318035182761272,0.5326724502214619,742.5103914650161,16.077116790833653
SUB00793,10,113.27154507310124,232.5296013567677,39.18338578402463,0.29822344504935294,1.3382266671012542,1.0,1.0,3.62476830280687,0.3834809155827964,0.4539056203660553,643.024898767569,20.002374527270675
SUB00793,11,112.92801655805499,205.10569249029572,19.373406645256672,0.3328732970521944,0.749244650910542,2.0,1.379477799886498,3.1938994130564557,0.37841775568961333,0.3383437516516656,681.1101682780828,20.284079013678877
SUB00793,12,117.74015021427728,309.3679471638854,24.193639247404388,1.0213698278772627,0.10515746911038909,2.0,1.166519996763691,3.802019666711747,0.3350219804224803,0.3328860726266681,271.63649934448785,9.654053381538441
SUB00794,1,40.62689426438564,382.89447595072227,57.622028146122815,12.652580538174412,5.338292460361634,1.0,1.0,2.8782534887742632,0.42299671300213804,0.5063251309486556,199.55909997425047,8.233643409103255
SUB00794,2,34.49591609214518,290.655282186452,47.094605596335214,12.746124536081645,6.309202126864022,2.0,1.712777822534865,2.8898692952046594,0.15666198712830676,0.49270865951435827,261.3635419320661,22.14220529516591
SUB00794,3,41.32036908268385,395.1152676947428,37.66681197262402,10.934827304478622,5.484797741830201,1.0,1.0,2.3260807123786624,0.3276898039252721,0.5685888643317285,298.1405736441174,17.908699124293044
SUB00794,4,39.406404681721675,292.2292633594678,53.315174725012334,11.564387850872063,8.882118545526515,2.0,1.2747278903838504,2.7611959617724593,0.39418687238677086,0.4024874686454837,193.0561955121842,18.618736441406924
SUB00794,5,40.641328600111834,377.1085635233171,48.77952683313451,10.818054457772565,8.019989648642674,2.0,1.2408793900542474,2.6933670303486643,0.3402995806373724,0.3293940965635661,90.68266678107112,27.870045439444503
SUB00794,6,40.69472429639405,398.11169999223915,52.13256241315042,9.81768608947582,6.444278386243862,2.0,1.9567700256241325,2.0774090075373843,0.18184945701015845,0.4688309165532316,111.75733719234009,24.116147613033135
SUB00794,7,51.36101448356591,274.1845489864774,39.900512698379444,14.53236682174132,8.1775201548495,1.0,1.0,2.8161831364446006,0.3179078422859306,0.598066139602445,320.56317083717084,26.002903250302673
SUB00794,8,45.65564239899433,365.6469337253956,35.31934307082343,10.97641111352613,8.051739500132177,2.0,1.2690769771212858,2.4604616424574415,0.4996661612001959,0.573885895185253,171.23760724324453,17.48817957890887
SUB00794,9,39.38887052823503,214.73643111070422,50.02877011668279,14.10439789607836,6.3749588156278865,2.0,1.7072218146812561,2.238170970434287,0.1515406138371508,0.26955185341157073,255.91051912981175,22.933909523468195
SUB00794,10,53.183775683716476,395.71519476528124,40.09225016874682,14.421122233337186,7.999552877906259,1.0,1.0,2.266932747408491,0.560952186470922,0.44071025456427493,200.73491206012412,24.40459427698653
SUB00794,11,39.36692344700016,246.64661772820267,39.80513678228158,11.595895318004365,8.161796141983697,1.0,1.0,2.5916922160320226,0.3295653411856206,0.38192870509801297,238.53707722762672,13.90404739387761
SUB00794,12,45.446999965166995,227.75646510793047,47.2572439709208,11.90375286235773,6.384038135869696,2.0,1.4672068701846914,2.4717265040659884,0.5052034202226441,0.5770336776155203,346.5040369238622,10.415847629531267
SUB00795,1,3.6032190261629937,1325.2515609307582,68.54007942038444,0.5932262943199391,0.3368869830246233,1.0,1.0,1.845211193385932,0.333655527674646,0.4624802129848702,27.61182168032547,13.966098564789114
SUB00795,2,6.185642897074599,1314.9193204898029,47.597464958151726,2.496995401092156,0.605796262015641,1.0,1.0,1.314099534012428,0.17506660254637865,0.27940664115820546,35.98706060758895,12.52344539640652
SUB00795,3,4.597600494314555,1515.4866487759186,75.06393686284258,0.8394928602736322,1.4170664011207097,1.0,1.0,1.9889454919893845,0.21193700431409698,0.5942605745725404,34.612235034691295,23.314780329550683
SUB00795,4,2.257813926439428,1495.3280297766455,71.76524534106618,1.317416810137313,1.1411162284248921,1.0,1.0,1.6286830278435052,0.35327869168343407,0.4214930328812315,15.4952608557995,26.314067259807263
SUB00795,5,5.785676949914938,1259.0587703383103,42.81384429358306,1.123055572247269,1.17371987266143,1.0,1.0,1.5442409664498518,0.4942049189094666,0.5653291960580297,34.18941997442271,24.283118990976515
SUB00795,6,4.547792123886742,1736.699780309469,42.850865613865274,0.0,0.38869100565767156,1.0,1.0,1.7293325069177987,0.47901047681439735,0.3360662825401733,15.194026717933971,10.645315498775132
SUB00795,7,2.5329616124490193,1392.7478612639318,61.210822512627004,1.554797353737257,0.8057488982973422,1.0,1.0,1.2875059165683274,0.36805146710198433,0.4766487567065679,5.967864376961436,9.952110054288713
SUB00795,8,0.0,1254.3564352123128,57.7963283586098,1.3138478333734422,0.6977119711188371,1.0,1.0,1.9466518370734056,0.3670263288545267,0.3925801044351337,1.0,19.329266387251117
SUB00795,9,0.0,1632.601566834945,79.0128554961417,1.4603342025528598,1.4572497511759868,1.0,1.0,1.300748141625404,0.2833130479608198,0.26438018851505857,1.0,17.175712078934406
SUB00795,10,0.0,1456.7869707594318,73.84930267318707,0.0,0.33776987912353157,1.0,1.0,1.8798628013466758,0.41079822523594256,0.48540532731348845,1.0,22.604763507495925
SUB00795,11,0.0,1686.4187858806852,66.53442871567545,0.0,1.3298716434874491,1.0,1.0,1.4427422261629879,0.26821701556677024,0.5031985137016453,1.0,8.460149551047413
SUB00795,12,2.066816262643747,1250.801092397578,55.76765351619643,1.6299487471584226,0.04278615901942828,1.0,1.0,1.1587627509266833,0.25433871214983717,0.2636771249358064,9.183294199586806,20.61758244826331
SUB00796,1,65.97393775933261,446.3404484418434,62.89888744184509,4.011795499872098,1.6792927639426753,4.0,2.9675916829377598,3.3393026660389964,0.36439734567052884,0.31116629376568283,346.9391120257194,20.507395094065977
SUB00796,2,72.80726921661599,621.4254695489391,78.77588846357364,4.987592322773659,2.893812888018175,4.0,3.146384133275299,3.807220518551885,0.5980890416118607,0.2660174188544316,417.0878833577285,22.377341289744354
SUB00796,3,56.95963910751869,632.5304279102442,62.48581446837013,3.7963681297667873,3.384323804558684,4.0,3.3405631813412056,3.374048349281516,0.5557887444189885,0.3221681624410856,312.8192636320145,25.285902147092
SUB00796,4,64.8992856353541,581.6903069689951,114.2062266518152,2.8813760678023095,3.2131627881694977,4.0,3.154528096094756,3.8856217570655174,0.36671380452551194,0.3886453689708922,496.09186486017444,27.464901140193973
SUB00796,5,60.58591276036377,550.2248456431212,92.63470079651374,3.7090024893208158,2.414151183309216,4.0,2.5674503934195574,3.3328008155510425,0.3426836761247814,0.5573609726979819,389.3106819518221,16.645762481577208
SUB00796,6,67.14413944194689,542.4878568084627,89.62369465767344,4.369666366214036,1.9479803813067234,3.0,3.0,3.409152330413243,0.5952561643342087,0.3996967443924781,292.1213894772242,13.402833905705098
SUB00796,7,63.21559005372753,776.2299318486713,66.98974804461449,2.438078052913267,3.0352517162440513,3.0,2.6247500022854062,3.0837540454944725,0.56107500951706,0.5565184251122448,463.2605701861454,8.71683900361165
SUB00796,8,73.23792249795954,710.5195172183963,100.04646892343666,1.872488025892192,3.261263544863512,3.0,2.6644776397785654,3.0537548586087135,0.601678102935175,0.40939337466097825,344.4380356462422,18.623980813227476
SUB00796,9,56.85382907396887,684.9687481231617,112.71156028607382,2.1423400534863726,1.947278931845642,3.0,3.0,3.950195658203871,0.4436525260347455,0.3555620123378795,429.73092032164476,27.742214426183654
SUB00796,10,66.12554398138741,800.1900679532431,115.62664213919118,4.104534230806581,2.136662598859462,5.0,3.459293503712618,3.2203059592198326,0.4759901051713198,0.5325961450402811,430.1534512560852,16.032512169727653
SUB00796,11,77.96117862945162,726.8395413035335,115.91482798341076,3.135876161312149,2.247435436137904,4.0,3.098425107734307,3.5537317430921815,0.5201604670334802,0.46313050852102533,530.3687058633197,12.483437111755997
SUB00796,12,75.97968464861876,720.6674496755219,111.64640478524761,2.3211484179088244,3.22040641223522,3.0,2.6377259043291392,3.106535557194534,0.4533775878394328,0.391242637496434,304.2538108176472,15.318212395347569
SUB00797,1,5.588013285830511,87.32006203492413,29.89977752058396,0.8450537098897867,0.6374922469220718,1.0,0.542348282319706,1.0,0.45539853900374927,0.5904836674173823,32.29188983519855,13.525123767572651
SUB00797,2,5.953120009169546,150.23920097704107,34.086091532552715,0.048227257209933344,0.09212125041925001,2.0,0.9350779758019081,1.0,0.41923215436266303,0.5179691326109027,24.328857539141655,27.77638591851671
SUB00797,3,6.883312258817494,35.945682562237806,21.652912340920818,0.23534202286373235,0.6898155035536073,2.0,0.9690040852224181,1.0,0.349009319322174,0.25498057707089566,46.29473520572641,23.492419064873953
SUB00797,4,1.8162059575433658,129.31844329380286,41.63946182583646,0.7777815095675119,0.5655254768261232,2.0,0.6449590421647218,1.0,0.5310853728054831,0.33859504895006604,12.784878513422797,16.12393701664149
SUB00797,5,9.358734838157279,114.65008306603865,29.29146891451742,1.8119927068851962,0.8449087866848509,2.0,0.6595809552521517,1.0,0.5259718275094519,0.37609382459000085,70.11669540158823,24.680890921575696
SUB00797,6,4.047342477655914,161.95353162640043,16.463399714981445,0.2504745427663263,0.8327469336987535,2.0,0.8318299217808527,1.0,0.4498210492166528,0.33077181418237844,18.348021462580405,25.651663157089843
SUB00797,7,1.896655609804557,91.08775580523086,36.77187281200518,1.1900664181551162,0.5954748446301139,1.0,0.6734760557856982,1.0,0.27007017924848997,0.3038590465312314,9.616630670974754,9.64285426344697
SUB00797,8,8.273524144421703,146.4450413050233,31.51094176137154,1.6773058523095163,0.12624869697899166,2.0,0.7414369432098702,1.0,0.5217352523167228,0.3858543105609836,34.10708747962043,21.75033777914004
SUB00797,9,10.554482690174112,140.97435159923407,35.41266053821341,1.4413126737632025,0.5870825811793741,1.0,0.6383029271463012,1.0,0.5122886144656486,0.5695694932574457,35.91295606312584,11.40164730152609
SUB00797,10,5.0576258872836615,115.64034797371917,43.56436481400936,2.1918281237369253,0.9849751844590929,2.0,0.8836157974666963,1.0,0.24143162472421031,0.34538203759230524,12.836048959038296,23.723347402885963
SUB00797,11,9.059231339612982,98.02056884158341,15.77931707355728,0.36495517214748774,0.9438808247617458,1.0,0.7818769548753758,1.0,0.31412797594410014,0.46209344191307367,42.36764510620267,26.469888797331194
SUB00797,12,3.1198622150739004,132.18868291953584,34.636203854305876,1.3636901703668358,0.7377931463200841,2.0,0.8843036744231724,1.0,0.3320344840678383,0.3464885054600366,8.47642123555056,8.647005808511768
SUB00798,1,112.45907897235554,439.4642771101903,54.06348456664214,4.694622270925617,3.6840164313955572,2.0,1.2365355207692676,4.99269249827608,0.5218920370430968,0.44486199803808385,612.0517342513514,9.671840828711602
SUB00798,2,136.73906321115228,474.62802977934626,54.3239512182936,5.241991775018591,2.437762632556995,1.0,1.0,4.965079721885625,0.5034737877752596,0.31474157398266067,945.3226463875098,25.072268510497697
SUB00798,3,122.59273319737744,555.4657945935817,44.389544315670584,3.4346925033934133,2.3183734935763987,1.0,1.0,4.892435435027653,0.49775936675944943,0.4246329422412376,362.702272832772,27.255673690925093
SUB00798,4,122.16873710870644,520.8385838917615,36.574386792507056,3.841140770758957,2.2713026719722884,1.0,1.0,4.843397187157055,0.551643556902686,0.425425570788427,684.7360913202426,22.674839833712074
SUB00798,5,121.55115877228278,336.17204172486936,30.530213535449274,6.3686008140414865,2.737942777066387,1.0,1.0,4.37741704788847,0.6431618010121771,0.26214786889859865,742.299847039033,19.821345061797867
SUB00798,6,124.80789059226692,480.82403412233595,47.93974661747705,5.67624601993777,2.3614630450697227,1.0,1.0,4.797755990028273,0.34321792505579063,0.5812644392454602,320.1595573820915,12.908400385399666
SUB00798,7,127.81921934703618,511.60803157588765,49.85463090204328,3.4162785288504356,2.13794175893205,2.0,1.2573695318436329,4.83776260603807,0.6279001655723714,0.4346171801042852,869.6758326476676,9.547631714819374
SUB00798,8,134.99063766319273,477.168203901978,52.993920279000385,6.51237356514684,2.2318157543434536,1.0,1.0,4.07599049092888,0.44353242450200614,0.2725709969908903,917.1415158528323,8.928861134804182
SUB00798,9,136.3139510561222,513.8567336503086,43.1063881525657,5.185563513440308,3.6337560615630946,1.0,1.0,4.80760440952078,0.5218248726671127,0.3712907832194944,980.4069120930321,27.989476708862195
SUB00798,10,126.23889180991746,478.6987994583907,39.16507144142597,6.42302645603538,3.764950793167646,1.0,1.0,4.713073267676979,0.6103071285687051,0.5566409330204004,633.0211550391107,15.449382350377117
SUB00798,11,143.00229533866047,493.38249519651805,41.3271139315245,5.867502663176426,2.764049553789649,2.0,1.3440405233291162,4.0413839964486,0.5547771244836848,0.4406558481604764,329.04059180313516,18.241440667359633
SUB00798,12,127.77040464773624,385.2958045721931,38.638996675244776,2.8014779014166873,2.5993111878657205,2.0,1.844682963550539,4.438896419513978,0.5458263184792328,0.5623319469700181,1009.9589682280385,21.209191080601165
SUB00799,1,1.23915076071077,69.63757288158503,18.725253664562167,0.0,0.1083363650250464,1.0,1.0,1.0,0.32279276353915043,0.38965343348085324,2.708122249503738,23.244701996473125
SUB00799,2,0.9187242431829077,43.4817655334594,15.986873303546346,0.0,0.015991472558475106,1.0,1.0,1.0,0.19394577196726043,0.5934032683671533,3.9904457964294395,21.54051843597236
SUB00799,3,2.260592832393816,15.892728892193839,16.934014011512197,0.21228181868120263,0.1892529327938482,1.0,1.0,1.0,0.2658966633287104,0.4342967431652376,14.06107525274761,15.833593980506715
SUB00799,4,0.7083765080421653,73.65007291566668,14.066992431026266,0.1861166465657828,0.25570965864141004,1.0,1.0,1.0,0.47194909371077287,0.5963718182615778,2.675794456874325,8.560225558965058
SUB00799,5,4.799401578360461,48.57994614615323,5.766084901966648,0.5233678556574595,0.160138051357896,1.0,1.0,1.0,0.477165654856737,0.3666444896234512,32.35405762168869,23.995448534861865
SUB00799,6,3.2343610475119373,20.32083426959441,17.300062089127092,0.0,0.4165711949494367,1.0,1.0,1.0,0.16850382953663998,0.2861426013337316,23.086748139120957,15.41100238715372
SUB00799,7,6.739632092916462,44.73563898828898,19.641509997400917,0.0,0.2790292554869974,1.0,1.0,1.0,0.4811155987519731,0.375017336710184,52.56090428389054,17.09750801284409
SUB00799,8,6.106731911064743,70.67226440339276,22.41020469666428,0.20480882277828516,0.2570107937589506,1.0,1.0,1.0,0.1765804101528156,0.29948857916940025,40.910577077876624,11.414894525400573
SUB00799,9,6.757027759520505,28.24348144827293,16.486496195241738,0.0,0.0003785187148545033,1.0,1.0,1.0,0.23476790485341073,0.591167424082087,19.25603895434274,27.43006818475864
SUB00799,10,7.595710057925308,40.98096385813582,22.308346955156274,0.0,0.10679394263561498,1.0,1.0,1.0,0.49683636868788283,0.41514072114806677,60.0750880076866,18.082154627696628
SUB00799,11,8.05110556770713,64.19320543815049,24.098091581746445,0.0,0.15234166471366434,1.0,1.0,1.0,0.18532313301693987,0.4648841261918618,34.698621400075226,25.30414507575845
SUB00799,12,10.116871201250833,22.959514314738993,21.72041378489865,0.0,0.4861880981385955,1.0,1.0,1.0,0.16282465674145,0.39229802677886577,78.56127621060234,27.065623942716424
SUB00800,1,115.48091000953728,312.0114413035505,29.535087576799437,1.21463167688983,0.17602539558296648,2.0,1.7474131165314934,3.5454777571479306,0.3898397146703535,0.5731221670079609,240.65233021681755,12.183453264132474
SUB00800,2,108.89890047857297,257.64098550216073,29.75609936708701,0.5822795889840245,1.14544208446276,1.0,1.0,3.1212627103003894,0.4243186075453039,0.5333982868571694,527.4001754769856,25.092477446059075
SUB00800,3,122.40465372567607,298.4903852648432,36.420284090076706,0.31252072631899164,0.1633443785838894,2.0,1.5588357558990635,3.803192008402153,0.26941482703969355,0.44781160463628106,803.4781823286395,17.039846481403174
SUB00800,4,107.45305559808091,175.06634273384051,33.85900090312708,1.886602463495568,0.8758736589924396,1.0,1.0,3.941666177512451,0.592537795210315,0.26894355984347484,688.3891927008165,11.766101956379593
SUB00800,5,106.34659011882296,286.82793986173607,24.452360409209575,1.866363367471493,1.2629378385292747,2.0,1.270100920902153,3.4343482270012444,0.4057534087661002,0.5081366687776439,433.0214434714851,17.778015181272792
SUB00800,6,124.07474997914586,334.64391985214866,38.630705745564676,1.8166342860298454,0.7466783254742624,1.0,1.0,3.1352455528837933,0.2904547088967678,0.322278629967208,893.8438733994698,17.253729284540775
SUB00800,7,103.45209432871846,171.12459094266134,39.81749130894293,1.4479890981675316,0.9191048980436134,2.0,1.4405417748598657,3.2019407242814304,0.46252398338922784,0.40573623705339246,732.6676110872243,13.765977092154966
SUB00800,8,117.4261159028361,230.49907776624877,41.557454882624945,1.129214938451014,0.2735108393632793,2.0,1.421226170851082,3.6440442330790983,0.31499686807917526,0.5952340495942654,888.9041649926572,13.68460091525353
SUB00800,9,108.38534865042244,180.67725658858055,18.128859727947727,0.9925006188556965,0.20496169657686464,2.0,1.5205835753830685,3.9543570965482413,0.34050876799011365,0.4634188552466054,226.42177160713553,26.534446173275654
SUB00800,10,105.24009916206344,297.97540949777704,42.88682020839907,1.8228172059104046,1.1240816000130778,2.0,1.9534141082223737,3.9480371857742345,0.6102159188371595,0.5514414256356054,508.40712284822376,12.126627980165573
SUB00800,11,101.1598044104038,295.3836242750389,24.616300670918797,0.8092527823063358,1.317571082805109,1.0,1.0,3.147773971378455,0.2533237759383872,0.416267665128231,491.2877912210328,11.987685822823178
SUB00800,12,114.79094761155297,251.354787651994,35.44638225173391,1.074712285515857,1.1052291168497004,2.0,1.0679670828092265,3.177535742935367,0.5165862979168413,0.3109286413596725,289.8151126555621,19.107749533268684
SUB00801,1,47.42612108234097,324.70952322084617,47.95280275311865,15.982807097657705,8.561590076181876,1.0,1.0,2.5449658958599106,0.1810221243771272,0.255677936962263,325.9900636975589,17.64946123154835
SUB00801,2,34.62307730450402,408.4247993754403,57.36749668074557,13.997878940531564,5.6069532205398165,1.0,1.0,2.8363465336039324,0.5367578714917781,0.4400923170131682,241.49541356529485,9.617913558301677
SUB00801,3,31.415854312250236,216.82456406029772,54.7402994000923,11.145167265503853,8.620828224875616,2.0,1.0168542309933586,2.7445331722771993,0.316415414569864,0.4149166929739806,110.1936111593665,8.692000439681378
SUB00801,4,32.54201453688701,263.1562521070218,47.335334421828364,11.145993474288602,6.138852719787359,1.0,1.0,2.614683020488304,0.15553121080322266,0.2861234976999999,163.64897085194247,10.435903970589663
SUB00801,5,41.606925045780024,376.84356790894014,56.46322621492442,12.395008086318507,5.511572602254033,2.0,1.1362805603767785,2.0752881218130437,0.2302409396486627,0.5095180810372857,129.0254326758445,24.249316343149204
SUB00801,6,46.378543572835234,300.9057104203122,41.745031056602684,13.942628058071055,6.586307674605738,2.0,1.1697398748350172,2.582944198924954,0.22270086475176437,0.3880116970964356,146.01712255164009,15.945637790874736
SUB00801,7,41.40262282618145,255.77450338943115,39.89636657068239,11.36343832351125,7.599068560660678,2.0,1.5609995491360835,2.2689794884955514,0.30839969641229936,0.5379335141204593,323.9265290359791,19.15323840339269
SUB00801,8,42.82015146927506,395.7512644106572,34.24183010762297,14.220916020797251,8.815659349251172,2.0,1.4570595708425143,2.767142483275101,0.2000510381953907,0.36238919826315286,319.3632208373652,27.841990523885865
SUB00801,9,45.816806528366875,373.84222229406095,55.03842041235538,10.698208138604592,6.246799199878545,2.0,1.1066887798993563,2.744804871802871,0.399589184552222,0.42177066606834945,316.75849893600525,18.992073561512704
SUB00801,10,47.84774496218252,275.8561665550018,47.442621634410756,13.096349797724242,8.623376648288376,2.0,1.1943903591654448,2.222841882310179,0.264915265900239,0.38110576484372904,195.49730677758828,14.019047614479447
SUB00801,11,41.14678765346241,387.1630686366022,36.051695331397596,13.112270930231965,5.044111714913676,1.0,1.0,2.9076308904035635,0.5323823808979735,0.37846328431372567,233.2071432692672,15.532421907660847
SUB00801,12,37.89115040291577,278.1897020162609,34.176611101542505,10.173846625893784,7.317657337938655,2.0,1.4357662925394976,2.6683887627133673,0.4532191763302921,0.5363648412732968,175.86017384504066,22.1237129756153
SUB00802,1,5.349051695923217,1667.7786221218437,58.55371081472525,0.4184735255812013,1.494038974923194,1.0,1.0,1.094184043600795,0.5204960040922192,0.48126033207081914,25.291256156333628,22.85836808672186
SUB00802,2,0.0,1311.656235457475,64.30354949014324,2.209535587431036,0.1843823658091841,1.0,1.0,1.5578397395583279,0.1969574614226429,0.253223765410833,1.0,16.10517602434026
SUB00802,3,5.950810348097111,1462.6023655134723,77.75130910309755,0.6924291337779012,0.5733569492762867,1.0,1.0,1.31285742767479,0.44776918816089994,0.4890419689764912,42.39478085263135,18.163399914288853
SUB00802,4,2.5596636034589952,1654.758663926409,71.76489186116072,1.2454189771518647,0.6136789204192197,1.0,1.0,1.7330638701097625,0.5106041397788168,0.4946243194114689,5.683813315107048,11.369084505606878
SUB00802,5,3.132375395999572,1614.0556952262446,75.64999414985559,2.542919195559017,0.47712930344948434,1.0,1.0,1.523939337071746,0.2077889526552962,0.4030113448308845,12.865801990384698,25.675136488953022
SUB00802,6,2.1881367303485653,1467.0801932065885,77.44195110111326,1.7346973055870558,0.3621321948650688,1.0,1.0,1.1549329626247515,0.3253710131678629,0.5713373776081356,14.186369433026785,20.72801242917599
SUB00802,7,0.0,1376.3458884967781,48.13219654256069,0.6387083152983338,1.3815221245743612,1.0,1.0,1.8679172383506524,0.22299542045580317,0.42011600864430465,1.0,13.221472454936368
SUB00802,8,3.5145407156603876,1784.9645573188654,50.342356919043986,2.3685637497422665,1.2059708256759978,1.0,1.0,1.8479850913472249,0.19232951555691108,0.34471358243025263,20.445695743463663,11.717284420169761
SUB00802,9,4.505344119476186,1289.2929405481807,61.26280812607007,2.833100653381188,0.4740902918725753,1.0,1.0,1.4538085374796632,0.40112081573954383,0.5788491180574885,23.209178813605188,21.27640784542563
SUB00802,10,0.42166799765622187,1550.1951689280752,47.93283316822128,3.003285905460265,0.3852498911385665,1.0,1.0,1.7306973778107528,0.16909837649629175,0.4375516223111805,3.3136773410433875,24.589402506193682
SUB00802,11,0.2173876626382265,1588.2879079817703,59.461198365408805,2.0072840405065104,1.272987249241015,1.0,1.0,1.0634997732472902,0.5068527853648966,0.41585314667753326,1.2848182271713178,23.522937885019594
SUB00802,12,0.0,1706.5068636823767,46.89708879179203,2.5676570077326577,1.043427650927904,1.0,1.0,1.2883154245690567,0.4690614286260627,0.44508932996586137,1.0,22.576767641746358
SUB00803,1,77.74068854635362,466.19240468294686,67.64989334849128,3.461898569293653,3.43384633973737,4.0,3.379055748208514,3.1976901702538707,0.4671745510525791,0.4111797621905003,330.3581487254931,20.621837355611838
SUB00803,2,65.81390729903039,603.4353086501696,71.80104673163704,3.3570251657001986,2.0762679417724237,4.0,2.8162159717134525,3.4314958245615506,0.5064458454312147,0.48602698398383515,513.3313306618769,20.90594098187929
SUB00803,3,59.82606587442847,575.1665326882038,110.78385392120391,2.153101039565883,2.5036722565142178,3.0,2.982925113435697,3.606993980904267,0.26412558876023773,0.3545684190888134,217.74834513995316,12.293354081831634
SUB00803,4,59.961375071960994,746.9208314684415,116.88520068319448,2.9141231824759775,2.1357112013177257,5.0,2.578243394724588,3.9289230296125046,0.2555350402157895,0.5480307388839871,439.127736450668,23.193069183927342
SUB00803,5,63.58701926757197,521.4521719095534,103.54792697081122,4.875032142922236,3.3683708452187373,5.0,3.053889034889737,3.0251746152844503,0.6285780849506424,0.4147864070693181,191.92044586159807,20.22519254761853
SUB00803,6,58.03974114042245,627.41105131406,83.58587499273307,3.510251433579932,2.730724522100531,4.0,2.7332957631536714,3.2277406247393463,0.47197872432655286,0.37184535527555357,150.51326943413778,26.741065394504012
SUB00803,7,55.17983294857658,660.0450270638928,71.51978471564685,5.0484937579729925,1.6212395061063445,5.0,2.725693338216231,3.4246385645293227,0.5238030300412125,0.5987487987806936,163.16406333941595,17.70825031399859
SUB00803,8,70.08716626695752,671.9273454301765,72.86226133870343,4.344799661900536,2.0091749548370412,3.0,3.0,3.7450460644345185,0.25963544007884776,0.44411888894229423,189.09203184685876,13.202278525982841
SUB00803,9,51.035595455012064,484.9319063466602,63.25793206722126,4.99269909461155,3.257999995327859,4.0,2.5936745071085934,3.0154290249856803,0.4888687588465833,0.3268418234348404,159.49120374648203,18.726346440130868
SUB00803,10,57.80225027271282,654.0472661749222,119.62710156406109,2.5538322875842,3.1419585502275473,4.0,3.188258613548619,3.876637769993767,0.47329054108240576,0.4675088680362272,405.79763775203713,10.832456153235407
SUB00803,11,70.91315740823818,473.99611727584124,75.80484060864164,2.7488077467489216,2.6570684224621566,5.0,2.5327932295233566,3.1791448063160104,0.5032348558897993,0.4968601710940651,266.9046733915711,12.014772413032833
SUB00803,12,58.09376976786143,610.9554551972157,102.48433611003513,2.8503223788434076,2.7022717499511817,4.0,3.0453998011803445,3.204780222745662,0.37504566472933365,0.4985978917213201,182.72988744626974,20.728931763265685
SUB00804,1,8.47009926069629,149.85650704203874,44.34259351636783,0.29164077675045796,0.9667830195712377,2.0,0.557757605309732,1.0,0.4852758148585542,0.3365455267245003,67.09014776651966,18.095792272319976
SUB00804,2,8.840117313262649,114.4964916890108,17.688615529830194,1.5074948156779562,0.9612992929692855,2.0,0.7999071139077325,1.0,0.5167582994948703,0.59120518924452,65.87854551641325,22.745071261150926
SUB00804,3,11.260810397362702,176.23346663824168,22.542056875559346,1.3268348948026276,0.5051535214928592,1.0,0.9089979283795023,1.0,0.4388380170939419,0.38646979330066883,23.949514677750003,15.002208030040926
SUB00804,4,12.077605624817076,107.00144282366747,15.261933673917165,0.9963929187740082,0.09504967949009735,1.0,0.7992748429684967,1.0,0.22411832614371596,0.48188839826279073,95.37731296847242,25.85525543510447
SUB00804,5,9.140040642053057,109.83946060166069,22.481865083600248,0.5296148714016113,0.7014941910280275,1.0,0.8034285371892792,1.0,0.5487631219730288,0.5968143849999024,45.717957952381866,18.837107765599278
SUB00804,6,12.398255298687316,124.29631113096116,17.09032097653801,0.5890302553982198,0.8429112738374721,2.0,0.764433340777172,1.0,0.3807286684747748,0.5897187721018948,75.96272067468486,12.99303637105957
SUB00804,7,7.0691202275847775,153.8050442949246,17.23152716436935,1.2736365728513035,0.5154780082064776,2.0,0.5997245991231099,1.0,0.16173596996160536,0.5209679934430123,29.53456767024798,9.913609289207685
SUB00804,8,9.277166062989002,94.6141699215074,16.938135350768423,1.020079736990629,0.5456149334799716,2.0,0.8709989781711438,1.0,0.375196205040971,0.5932055094311148,21.881933606653472,27.746044366673146
SUB00804,9,8.236625068110968,96.81294067272133,34.722116886644244,1.2063807666774662,0.8603330918643061,1.0,0.7276573143741532,1.0,0.37866971294650353,0.3340711145399444,29.766062153775675,16.80793473081012
SUB00804,10,12.258122332107671,178.58121982740403,40.03092431354504,2.8795463213741854,0.06001273278260577,2.0,0.9854852887782779,1.0,0.19028743932463965,0.3980225343391145,52.151539844837686,22.935761082572164
SUB00804,11,10.881315127717519,152.59312700836213,16.59778072064424,1.6029404389604005,0.9595784836083983,2.0,0.874362099832551,1.0,0.261798381660898,0.45735483380838593,27.49280372529133,26.138481382776888
SUB00804,12,5.293333764991223,167.45395667179125,44.0969766662097,1.245884720118886,0.703629529582788,2.0,0.7325102736816574,1.0,0.43264539272408753,0.28254859958367196,21.762910245566694,18.020611459245004
SUB00805,1,110.08776874988216,505.749012492024,47.46215285237195,5.905153153502609,2.460549065355103,1.0,1.0,4.725217620232852,0.6233834982392306,0.31960233646034775,555.9632595637997,13.498118381306504
SUB00805,2,128.73886078403214,540.9015528448932,51.082726800348446,6.831333212179737,2.5100672626764733,1.0,1.0,4.699357525873482,0.587267440204058,0.5769499544883427,706.2385638843815,17.604647225719496
SUB00805,3,114.21188676761736,419.76393906896783,53.148863572198984,5.528461564241071,2.3033799732291342,2.0,1.4336512512037647,4.311195776321824,0.5602725418038244,0.2546425801810014,461.04421597083575,11.683532536851645
SUB00805,4,119.56006525767533,484.3909142467767,31.297508099506697,4.873977981468424,3.3519623049641813,1.0,1.0,4.945461103639671,0.5741292012195064,0.4466938189333557,884.6389092077658,13.57461170057585
SUB00805,5,126.58155146072323,360.7849430877564,34.061648203503985,5.515360633650842,2.3897779986618115,2.0,1.9151555550553971,4.006600779412251,0.28973001497879347,0.563393974846941,497.3341343145885,26.203390993414544
SUB00805,6,123.67086130826975,455.16791618108334,41.39353598958257,4.033142629869413,2.214675549961063,1.0,1.0,4.3899740333478,0.5010158471317548,0.5285170532167597,633.025672575072,19.036986294131623
SUB00805,7,131.08176194843406,579.5439805084799,30.349446262861477,5.93737795219667,3.701488961314266,1.0,1.0,4.175543847502862,0.6193289977120235,0.5131633509381996,351.0064680768068,14.164503699804158
SUB00805,8,128.27663146656585,396.1026939973037,52.43654063902427,5.511269689076627,2.6013208891270225,2.0,1.7393841969169848,4.862052835675751,0.281528145599463,0.32686897828873007,517.1001201090642,16.057268878520407
SUB00805,9,142.21137076906373,537.8992927232908,50.41299207942674,6.268662645372114,2.7449751774013404,2.0,1.140103706811272,4.730126895253816,0.3730785216899446,0.3858288818966777,899.4383831484403,14.125069642377207
SUB00805,10,141.9527195094227,411.02316787017264,31.153293295675155,7.83331086710278,2.9656792188372796,1.0,1.0,4.788308453063458,0.5274271751773695,0.30778545916857675,451.1347179663337,20.878230151877144
SUB00805,11,130.47961871883706,482.20920076660036,30.43172815460755,4.926357238480317,2.525509574057107,2.0,1.484612544856414,4.951608244421735,0.30484295705586534,0.261172039185228,737.9656447745111,11.189685990951412
SUB00805,12,131.9968438534935,537.1269145494806,48.49900453698093,7.3164537533142635,3.8584313361048324,1.0,1.0,4.4940865768543965,0.5318625679315575,0.2683725477339854,681.8741266617669,23.984288239797664
SUB00806,1,0.43567613848165654,29.577507600736517,24.663226757447564,0.25141193650433097,0.13952487905978778,1.0,1.0,1.0,0.23426274148236,0.5376995713985151,1.0,14.90518512581384
SUB00806,2,1.9474822979264923,64.41635846432608,13.70700511941044,0.24062311798245054,0.103970356606224,1.0,1.0,1.0,0.2426004292823833,0.3731147029936196,5.135218560041346,16.275485716515256
SUB00806,3,0.5074851139619394,42.60421501347615,6.847456306012005,0.09867770934051304,0.4245441669914577,1.0,1.0,1.0,0.4053861014389122,0.43443632273776017,3.119549585912177,10.706245171854427
SUB00806,4,1.7233240356513055,32.33049734738197,16.021477723338826,0.2594550557846769,0.229904715154517,1.0,1.0,1.0,0.2975975132741064,0.595521578322106,6.629496058201707,22.639076676657517
SUB00806,5,1.5262030584667383,111.32989541681863,9.225350879354373,0.22960248740097366,0.3682478190187748,1.0,1.0,1.0,0.25695990369389904,0.3072067338736292,3.1145803515978825,14.016708272003385
SUB00806,6,2.310680432244954,77.9387664157076,9.723631922720807,0.0,0.08954227961902861,1.0,1.0,1.0,0.22325517469041775,0.35700043418120575,8.850170734241718,14.459253574086715
SUB00806,7,0.630681551568532,52.8174323681578,7.97742691882574,0.0,0.4158951435181102,1.0,1.0,1.0,0.2901057158997153,0.48505370188350533,3.762970633135449,9.996573729984988
SUB00806,8,2.2962685786081907,50.45866686807791,19.48333282522836,0.09940432412421951,0.2449230539200748,1.0,1.0,1.0,0.33970691626251204,0.4410592537535697,14.880382570208658,24.747006868599836
SUB00806,9,0.7377504245758582,84.20194009400463,19.03036958072641,0.0,0.06797446202620294,1.0,1.0,1.0,0.15722103577154703,0.4263654949745639,4.842539684420284,15.653966015133653
SUB00806,10,1.8383896498029233,75.21003487792382,5.945012018748244,0.0,0.16019362386227448,1.0,1.0,1.0,0.1651336246490213,0.39696817069054247,11.804414138568568,13.39844529586312
SUB00806,11,1.5679209272060837,76.91534469969257,11.594225594106241,0.0,0.21422465945282032,1.0,1.0,1.0,0.19804467458277947,0.4336405938494372,9.594183493470567,23.334162885942483
SUB00806,12,1.6253839871878588,84.19478140800678,24.231703942964135,0.0,0.3617018538341156,1.0,1.0,1.0,0.4627554187155075,0.3335876853203712,4.065688929047867,10.677597960850015
SUB00807,1,110.634875224564,283.1737799069339,20.737108780605638,1.231673081766862,0.3708702047423783,2.0,1.8657203715257087,3.4895506664664917,0.3547801822505682,0.5688723485487659,481.90528682851794,9.865523157000135
SUB00807,2,112.20162597584374,203.7103279871842,36.143970777149775,1.153146733095385,0.4081252293270787,1.0,1.0,3.9552799859223082,0.44436050399322,0.2900196326660205,318.4289347357511,20.90196458874087
SUB00807,3,103.9801431316795,196.56353479199322,20.7473866599566,0.48583060576444925,0.563334207203965,2.0,1.5750498593061129,3.2900981193147665,0.4855421300797277,0.3148440944393286,725.6008886207251,9.474255185324777
SUB00807,4,109.74530861772178,325.0357899868811,21.890024835212962,0.12818433471018997,1.3717792081375548,1.0,1.0,3.6928490318205194,0.5917948750897446,0.5650156060221739,383.9639284520574,18.975358305403287
SUB00807,5,122.83504710418998,302.45558851636446,26.300308579555228,0.4608138056725243,0.7245182785190342,1.0,1.0,3.9346258202778834,0.6383279869476998,0.5826088198855908,316.56882092427134,18.932418313841197
SUB00807,6,125.08248774245527,168.91659920330184,30.025885259356166,0.6455871174802145,0.637663350579817,2.0,1.6929067371194906,3.91820302836966,0.2999652024924618,0.5135788589584647,929.7647744220762,12.175258474235996
SUB00807,7,112.36528167870176,241.64522675699595,17.406144933437638,0.6458554445817402,1.4159474457173773,2.0,1.6765446647425375,3.7094276261669026,0.5849205096419638,0.3495353168996881,650.0418620763074,16.956240592656968
SUB00807,8,128.9302081507137,214.14749975703012,43.04831297160132,1.7041511182496802,0.26386081327836747,1.0,1.0,3.007015778322945,0.4926113699477155,0.5240766725067996,604.4268132905337,26.343498947544756
SUB00807,9,116.54232025685285,180.20443525714563,23.41615349293425,1.0131533828529615,0.3500068353740707,1.0,1.0,3.492870508836876,0.44138705923117505,0.2945657956952664,874.3846871753855,21.3587591788298
SUB00807,10,122.11240714914672,149.30242019408865,21.344660373372996,1.5078210605975026,1.3028578799708113,2.0,1.4093041520205183,3.4528167084676107,0.48410205814200413,0.25829381657327105,365.65441448626416,23.457914188473723
SUB00807,11,117.96344625533729,202.38970481631492,30.634345873914985,1.8681044953124624,0.49044415484994114,1.0,1.0,3.5050453521593514,0.44645295860989354,0.3746944456304095,524.2947260843838,21.509035595576158
SUB00807,12,112.24069549133486,248.1869573196448,28.832665074856006,1.3496725840679762,0.8668991220233806,1.0,1.0,3.906712895609073,0.5259117865594337,0.41020996566293605,450.03494940442573,12.773398473090364
SUB00808,1,46.72039669902742,248.2854136494258,45.97965871330891,14.135504468403834,6.567656556652925,2.0,1.5397492999446518,2.38197515002088,0.43053785746566575,0.42260138339159103,364.11251582351963,23.196223352735533
SUB00808,2,43.201539992027534,235.32471160772835,53.130628770906355,11.037746407903308,6.382814760239861,1.0,1.0,2.843260117185661,0.25476529588486724,0.4277107277203309,191.15792496024764,19.77800284063216
SUB00808,3,48.92174397766697,291.40587680025635,42.5816829098903,15.68737395677154,7.286053115805762,2.0,1.8607404011496635,2.6362825493599766,0.18027100653968048,0.502946904056562,318.8604741727303,17.88973160043585
SUB00808,4,45.35338532423719,305.2451909734488,32.44381353998302,10.518334794393745,7.957307978299683,1.0,1.0,2.9619782030640733,0.48883654585413194,0.2601743845090769,252.86504819265025,27.257043269705296
SUB00808,5,32.6354373867721,403.6263095048871,53.335771882743416,15.676637937297516,5.101275063958539,1.0,1.0,2.0105641565929555,0.29896499331223597,0.4370002065866492,71.13864291854179,14.705009398076884
SUB00808,6,37.04843695531493,227.13007412082874,46.63358629697129,15.647136788402461,7.66097870826273,1.0,1.0,2.4849084607611136,0.5182221588139537,0.3385086783138668,101.74993205320303,15.603812920946726
SUB00808,7,32.80041969930719,263.59948611533076,42.77484071713644,11.050946918753107,5.59109918080984,1.0,1.0,2.6905280573715062,0.176089806628534,0.3556388679578496,256.219898887009,20.93455794281551
SUB00808,8,31.415610473819836,376.8384914840947,57.98340315161826,15.050667262597939,6.929827850038209,2.0,1.3164699235320798,2.9861971462255523,0.5000423293753712,0.39750822233771754,250.02760112476375,22.701856424641342
SUB00808,9,32.943897878538884,398.8288432622311,36.306200420598955,13.36043091985056,8.284126532932223,2.0,1.8364452353637055,2.3997222077631526,0.369373467199881,0.4425607276450838,167.35530943016346,12.4935364689402
SUB00808,10,35.012842433960884,263.3061149897306,61.46862727709806,11.635722729812937,7.117509817650607,2.0,1.4564939721237282,2.1211978358765964,0.15455804460254882,0.35732320397512846,243.78059354651793,9.953365738790673
SUB00808,11,41.19497416216182,403.83423982949483,50.702773943321915,13.19549553706887,8.399001681377072,1.0,1.0,2.5869397656279016,0.441758749344648,0.2816072986201137,283.179045174184,26.93661872951717
SUB00808,12,30.76423918625308,268.09885203413285,48.430286172826705,11.907962274267726,5.90288678003788,2.0,1.8715157873754107,2.29224533828031,0.5484257953529462,0.42955222918407376,119.79154766331341,24.813889262692186
SUB00809,1,8.69867384749852,1217.2140078710108,65.03559211147231,2.672100064138611,0.7052959549347408,1.0,1.0,1.7317196738732052,0.33648726212450075,0.5390702510105961,21.042084970093132,13.039197675095155
SUB00809,2,5.9780964905757354,1374.5738361309614,74.6920577153704,0.2988593887394873,1.1499745557018946,1.0,1.0,1.9932903990637847,0.4029030208398485,0.3622174793128761,24.517991271459472,21.992482165119284
SUB00809,3,8.46981034582585,1633.7230431403111,57.06742376702763,1.041644591155023,0.10596138101542224,1.0,1.0,1.0568302208767557,0.2994641525368948,0.5973256093830576,66.87994634492634,23.85146272386871
SUB00809,4,8.626246990436472,1661.4466437026467,42.22034605536095,2.2201759994943346,0.8947331338629527,1.0,1.0,1.6964945508655278,0.3168042282851078,0.4276102554916749,66.54621747714054,17.287683098393032
SUB00809,5,3.076548011432375,1407.883021705396,40.66197360941807,1.9599920098904315,0.026190954210031536,1.0,1.0,1.6534352421400607,0.4231653438787426,0.4007504789759216,18.443205922826625,17.05079590726673
SUB00809,6,6.119801703280512,1510.5047158667671,52.49810704113451,1.3309997485547187,1.491764148556801,1.0,1.0,1.7159309648355054,0.47863592445390934,0.43414469590448235,37.79916428071014,22.0390413704427
SUB00809,7,11.399968388403177,1464.0324563324305,54.571517572919916,1.5004223250527366,1.1882325687931539,1.0,1.0,1.3055655334616023,0.4625414533662381,0.402210349230034,49.895138536285955,10.90674081161166
SUB00809,8,4.256880123089197,1277.4695545708964,42.934669108057754,3.322595747023632,1.1197645342954081,1.0,1.0,1.6451922946084014,0.24555826196590388,0.44861372360793184,30.85644290715446,24.960234916277578
SUB00809,9,4.946789662108692,1593.3139577896818,68.73150913321965,2.1941499624316165,1.0641630594512224,1.0,1.0,1.202051906344896,0.1736605572781229,0.29248058401293997,33.17025900572402,21.58630440707211
SUB00809,10,5.777264757694799,1589.5077423776886,66.36901968963075,2.4501936251038265,0.4398321992072427,1.0,1.0,1.5287391497749159,0.2519286736405198,0.33778968224173245,42.902501491566355,27.466082429728917
SUB00809,11,6.422057284981234,1772.7439397572368,60.36190627500475,1.224228834330277,0.22018634572653967,1.0,1.0,1.2031814579131082,0.23004326093049476,0.37736575165325936,38.49596122160219,10.23126289378068
SUB00809,12,9.62909837172366,1341.312318107726,55.5862115793181,3.9477703561647113,0.8273761342976435,1.0,1.0,1.0274701094655483,0.47879418660002193,0.5997306558721154,61.93807988817823,23.972217280850362
SUB00810,1,71.23818244227809,627.54776013102,89.30143529394374,3.122994396584793,2.3610941603469326,3.0,3.0,3.728375560732913,0.34303980103180964,0.35906965483389414,288.42058597229465,20.271927459672213
SUB00810,2,57.071406174933784,491.91646629558346,79.78655959325158,3.5280476340933227,3.056294582754113,5.0,3.4926444322532983,3.127385071749782,0.6209652199405139,0.5446409278451756,227.74187509933338,21.809188249622572
SUB00810,3,80.62214275407163,617.8135723089302,89.71918908359163,2.4675774665280747,1.8286112199603866,4.0,2.506750219847243,3.3109466536798577,0.5317606856613191,0.5805516019608288,366.2050928058711,18.045901480236736
SUB00810,4,52.948858577825874,616.7564621156248,72.02113308009568,4.165740068178078,1.6072926492392068,3.0,3.0,3.651483587317262,0.6339322149201464,0.33302102922552596,262.4710853936404,14.444886074988812
SUB00810,5,58.64961839869036,510.5582592003847,79.51652650544534,3.2902624128751663,2.7835532915638987,4.0,3.183745055928798,3.0928808994750687,0.2789490778039795,0.3139245386777363,457.54027416227086,24.15995956156144
SUB00810,6,60.29253392462229,616.0792250073212,98.25444398488203,3.9830583917818343,3.133990408066544,5.0,3.1388864964095426,3.0194628263625773,0.5663579248316992,0.5593231454151542,202.87447405668132,11.458136800577273
SUB00810,7,55.62232735878859,452.7012981908495,85.68243454165362,3.0559180642653443,2.890251659371497,5.0,2.698039917840492,3.8833053384141567,0.5268654836966407,0.4163895215161897,141.191539455212,22.10128668655917
SUB00810,8,63.056673867996864,471.63472613977484,75.47930335552421,2.6829807531688226,1.6599019137927908,4.0,2.9630277225053843,3.7667646814591267,0.27869019681661805,0.5492172564307691,437.23532053472167,19.438319905677858
SUB00810,9,54.96760825869325,492.8978061530752,68.47582186610214,2.847433120137486,2.164080782951345,5.0,2.639316682067734,3.2992156915542523,0.47299290139578487,0.49825764015493135,335.2192182404661,20.979512892261916
SUB00810,10,65.47549194314345,706.8508084311469,61.82697856352779,2.096272532475835,2.2920260196513405,3.0,3.0,3.363962505195757,0.2761092648162843,0.2949789679038946,201.5315498141521,18.621060893099298
SUB00810,11,81.85834652745689,690.3985281289763,96.52515452651413,3.13158428118125,2.902344337170275,4.0,3.2400769773414564,3.177892978964772,0.6147597786143909,0.5411873725483369,378.6965641413462,19.69810773279644
SUB00810,12,79.81491827151828,446.22907078901875,62.05717571833029,3.9314624359173074,1.845058260485715,3.0,2.723805731258789,3.115082484461319,0.5232432495836898,0.5173785705324419,357.7843050906402,8.00818577313094
SUB00811,1,3.3711762631972473,149.49110414181953,15.148820436129395,0.6211802431601214,0.4545943470666558,1.0,0.8479923286614637,1.0,0.1704062990236402,0.45751403645574357,11.411029169171552,21.08102915255982
SUB00811,2,11.327045015913617,106.7101421861599,28.974162047276586,1.4588300915389758,0.49961669802009456,1.0,0.8881292838680821,1.0,0.4633313610875305,0.4252337410155867,44.14225571838205,23.15794397887648
SUB00811,3,3.3531169428075724,118.83041462707689,24.738084144744597,0.41632045610384105,0.5094928918063318,1.0,0.8883734344617062,1.0,0.2963257841622753,0.5972010361648927,12.059132038004961,19.081447091996225
SUB00811,4,9.737631224922271,119.79477398445044,18.836542984635457,1.2551462991556448,0.20424477066551372,1.0,0.6160689749105672,1.0,0.5013186295240352,0.42131472809949355,40.857701963033584,9.511895042975485
SUB00811,5,2.8859210558276724,158.24830125656834,41.69314919682587,1.4933940529177296,0.6980462275018424,2.0,0.6018742747173131,1.0,0.31062603537279765,0.5183273561287105,20.05263293357743,11.850740659940143
SUB00811,6,7.505026972372216,112.4934853845611,44.14672282839118,0.0,0.1996996127520475,2.0,0.6924513216078048,1.0,0.34908867022416,0.44405134456262474,23.63224481127463,14.951313774563175
SUB00811,7,6.474790713626102,130.83336289343836,36.003580233527835,1.0027211039570072,0.8183045817029042,2.0,0.9737995728635913,1.0,0.5260552229794244,0.25772408958493337,32.020121596976075,22.731477596600723
SUB00811,8,0.0,146.8955576946029,27.25481540771394,1.2712729176918491,0.29310442442701123,2.0,0.7723545755289061,1.0,0.24333557465695854,0.4269741589661534,1.0,20.75843896611221
SUB00811,9,7.715028488384752,73.00606502537649,36.07358417531157,0.8170804903826993,0.529216191457602,2.0,0.5618014848692753,1.0,0.31528542251241337,0.4256384163199616,52.35928059287077,14.968846366080577
SUB00811,10,2.3533679695550127,82.45037230848416,41.32143445825005,0.1690332517367607,0.5060328221197526,1.0,0.6845783358500388,1.0,0.2516919377340244,0.4261862629963701,7.811880753882152,8.280889508559987
SUB00811,11,2.924230006365934,186.14630465493562,20.32382647846785,0.05187489012634189,0.9779431062976666,1.0,0.7474728209397663,1.0,0.4843074745583418,0.44684091745577376,8.28395556914585,27.73534791643747
SUB00811,12,5.296495802847988,143.90633856163183,32.34763590892217,0.0,0.3577291285090085,2.0,0.7069420014351334,1.0,0.3753269739124444,0.31594535611278873,33.78011156406642,9.17851066913448
SUB00812,1,112.72001258897555,332.0849222929482,45.90233469242741,4.132984386250193,3.8298463958053173,1.0,1.0,4.759038395648556,0.3776193230661371,0.3743730985581099,229.70647241650272,13.298715963348739
SUB00812,2,110.81911480448795,395.52858045445515,33.60590001948149,4.431368697411559,2.443045692211875,2.0,1.263744305012386,4.252936409628549,0.6379483756633626,0.5900028740189692,246.3889125904438,12.439656683882786
SUB00812,3,136.37436113931727,510.1923170211297,48.906180805356406,4.013918406253207,3.858053287157441,2.0,1.112904845127697,4.9674320454204235,0.4866723457754538,0.3841920761870147,893.1304553191602,18.095964624565596
SUB00812,4,140.95725903485948,522.1236980695213,45.23532738391561,5.301302622738188,2.397122641631846,2.0,1.203466669888873,4.076197574195961,0.5325806732452294,0.32206012861884026,890.5837381000538,8.70382012277977
SUB00812,5,128.00883813435465,426.5566351291828,38.30280179656993,5.863539034332951,3.132647850934058,2.0,1.6843601925322258,4.3186649406638615,0.6082551285211723,0.27604022577083825,484.7678121286333,8.826766492030488
SUB00812,6,140.6068299172017,463.89525752180754,30.9911031865096,5.816493069542967,2.534366541962759,2.0,1.0328163911957526,4.6145034980655915,0.4737495092995998,0.48309134336270976,324.8284941630668,20.583967711045855
SUB00812,7,120.48220259636598,512.5201731880815,39.79413245498722,6.390531727206409,2.057054180598143,1.0,1.0,4.253514505456133,0.46448131160513384,0.5250163389370106,600.0998203107766,21.655018561556048
SUB00812,8,124.59630881438696,321.38514952288136,47.49527918247169,2.6654931428346975,3.4413768289516327,1.0,1.0,4.486161582029008,0.3316703708537373,0.45910692559426963,503.78161390080584,24.002212052927757
SUB00812,9,134.35186477890392,432.186998741551,34.510502121869145,3.676099036138436,2.805614482471876,1.0,1.0,4.370062615477288,0.5924452299692399,0.5548124577838761,790.5997570354964,22.99524721817029
SUB00812,10,142.78195337689846,484.46779449742695,49.911669794542036,3.0434281764418945,3.358785192353349,1.0,1.0,4.221234656239486,0.6311026114521716,0.4949946273784821,686.304464639311,27.456467247407346
SUB00812,11,119.8852814807054,358.82557421515673,39.165981064331376,2.8875256481827782,3.2304573032552124,1.0,1.0,4.05377719756601,0.3248645296430325,0.41514160427432184,578.5063779962761,25.883290923847962
SUB00812,12,136.84410036247803,424.5662574887164,52.69889691270892,3.065276599248533,2.6364016934884393,1.0,1.0,4.611029277981906,0.48397054298206876,0.4782381243470625,1054.8498489523208,9.767179761467121
SUB00813,1,1.7818869269160298,32.84940069548314,21.32970899462829,0.606903980823863,0.05882163046496769,1.0,1.0,1.0,0.5369890979489941,0.44576127404533994,6.032253585227864,11.633264763690644
SUB00813,2,0.0,33.502807718516486,6.0183369489386145,0.09755193090768015,0.21631861527257312,1.0,1.0,1.0,0.18445851542880304,0.4296938508004352,1.0,18.30667870149593
SUB00813,3,1.2228539617299214,52.17550486400232,16.446931964923785,0.7815985144487403,0.42872759065017685,1.0,1.0,1.0,0.18761751437443216,0.5760549808254691,6.798032211516723,16.52674967600136
SUB00813,4,0.9107516896321025,44.404767278529675,16.11463254346812,0.2948717573161334,0.05852226045353237,1.0,1.0,1.0,0.291498290043092,0.5284763410764988,3.3347668939566613,11.85805293702223
SUB00813,5,0.0,45.3712198127219,7.12323796992254,0.8411437895729847,0.00029215533485410505,1.0,1.0,1.0,0.3251471121171834,0.4372679168028021,1.0,9.711250455013456
SUB00813,6,1.2071374940917792,55.97585322867981,13.054328045453037,0.8204009859265391,0.06254169286312028,1.0,1.0,1.0,0.3286675681921244,0.4635228287319647,4.111935170150221,18.218308964941002
SUB00813,7,1.7529298908692803,63.22025963575637,8.931847175321062,0.7005873425534831,0.35081603519792504,1.0,1.0,1.0,0.2017345417560365,0.5129172503007974,3.6268137191167416,27.69735950571292
SUB00813,8,0.5183531474489127,64.72334147102626,12.63688033563943,0.6471423888367807,0.3585290027301995,1.0,1.0,1.0,0.38212456099896175,0.41981279511389447,4.036239592242195,16.65680947320285
SUB00813,9,0.0,20.69132214968458,13.625737454217493,0.8926302230068366,0.04072375678914669,1.0,1.0,1.0,0.3875639967776557,0.3902214947087146,1.0,17.716404899887458
SUB00813,10,0.0,25.994860879551368,14.469454975582096,1.1639165387173394,0.03059810421793413,1.0,1.0,1.0,0.501823578696165,0.3278568769161304,1.0,12.994645606448454
SUB00813,11,0.0,9.132629281979057,19.284736210820018,1.220188730635752,0.28685191700067625,1.0,1.0,1.0,0.4100884875885724,0.27647915304716875,1.0,9.801434612359278
SUB00813,12,0.0,47.59850020199726,18.660137737000667,1.2680395900852592,0.4582674297734324,1.0,1.0,1.0,0.31923306296590737,0.43865076919937196,1.0,11.425382033687672
SUB00814,1,104.49469745764381,223.8353811058909,29.266612090282898,1.6830738023858087,0.8624408315220808,1.0,1.0,3.189848068009341,0.31269753475449313,0.433150325150496,271.2374018853321,25.680240493150354
SUB00814,2,106.93056535596911,159.02040631074004,26.30511424138769,1.361683136425209,0.37078147480979345,2.0,1.8281781329124258,3.4355774744909473,0.3214815156603934,0.2677495082488248,596.3857410161963,12.731730219462198
SUB00814,3,111.34147568071168,253.14002249951272,35.686017024900835,2.1080274578855605,1.1685591924272454,2.0,1.3739216972541248,3.7432429013422124,0.580927837416851,0.39479473360564776,557.8003146725551,24.490368789617715
SUB00814,4,119.10928047819965,172.95132653024936,43.20694988769708,0.2854657565664348,1.486111787257715,1.0,1.0,3.339032672687137,0.28519418659223106,0.39634484800279857,353.89751147425693,27.939541330269734
SUB00814,5,93.17346264811721,279.76556965035775,42.09342342406491,1.027112584217681,0.1282924317064848,2.0,1.4572480036178597,3.4722332199481216,0.3722699353595491,0.5001049423768905,689.7525129685383,20.600955423565757
SUB00814,6,117.40686520181409,303.61975850885227,20.419718370640858,0.3905118484950859,0.2514243203991182,1.0,1.0,3.3175472562056942,0.6456647951910013,0.569435913687355,670.3608832748484,16.26444168060881
SUB00814,7,103.628039640937,147.4938568072269,42.08726639201275,1.579301612492063,0.9282057897031437,2.0,1.2861958889074574,3.956613242041145,0.6438685711928467,0.40772064672195496,306.3981252694981,13.138702729200787
SUB00814,8,118.02654310727902,227.55974776008165,40.63018650264368,0.3735623719674521,1.0675034239104932,2.0,1.0386799650079261,3.563773591308888,0.6297455358134113,0.5804579876513175,888.8116629093342,19.67639943475163
SUB00814,9,117.68304806445174,150.93281190560356,32.11633227184001,1.248005860959289,1.109930476256786,2.0,1.3415395539534822,3.5879922409810954,0.49749814846796825,0.31135144744766413,640.7685009104223,23.46626126684757
SUB00814,10,97.71912496323301,222.6219156349267,35.39734777338411,1.188853908831384,0.6457404049095739,2.0,1.5867325737185385,3.4788067462373946,0.603671159280665,0.4206398336607403,480.8522636495429,10.064482175583231
SUB00814,11,115.02619751881085,318.1966645747559,23.32283488319854,1.0979712219849753,0.652170148501953,2.0,1.1430985512946024,3.199546091317435,0.527578864209167,0.535243620643099,637.2047387567529,17.789620889904953
SUB00814,12,101.57026384696562,266.79653911877426,20.980728796702564,0.0,0.2209031915735949,1.0,1.0,3.360630354810043,0.3741775592504599,0.5764726153379236,356.96386550214527,14.50112725228842
SUB00815,1,38.98670619209471,347.3078140317815,62.211189208954124,14.067632796220801,5.1875297018692486,1.0,1.0,2.848936216050035,0.2330060230238947,0.4741966904077457,148.18073817857928,20.397961322633677
SUB00815,2,38.15294641800913,323.81260304805596,39.85213667776516,10.196384492331287,5.115314684234482,1.0,1.0,2.7765909165660725,0.3310292099949209,0.4876591441881687,208.76067635257294,25.844758425188765
SUB00815,3,38.00697151901847,262.32919064051595,54.70016819897072,15.363661334943822,7.497465700597458,1.0,1.0,2.5374384682323137,0.4186632396065558,0.2509786171120579,217.4148690929904,20.35910604789339
SUB00815,4,41.00976907432041,296.0455903983335,47.57484244534509,13.519506894038559,8.32149820150492,2.0,1.6965333354154213,2.667289849739728,0.17492542510305348,0.31233467236497797,311.2452674979436,16.543898556296142
SUB00815,5,36.061903565633315,251.22244841600093,54.471179292922834,13.179313254089408,7.568981290130784,2.0,1.474296088560803,2.8311390227041855,0.15728973648632646,0.4522777064540954,110.35187474811869,27.490353709968627
SUB00815,6,35.89782144937378,369.7855050261279,62.47228454396054,12.264202268095254,8.785369112686718,1.0,1.0,2.059478166383893,0.5216648397019893,0.3589836021507252,151.45076444954614,15.954985992248725
SUB00815,7,31.581993386454226,317.4730069954234,33.24953248833049,9.313379352432158,5.6693606614793,2.0,1.1212840630152763,2.7754863238940275,0.17695515262501985,0.3259471292846148,171.9058333577483,20.78614876701764
SUB00815,8,34.874198149766144,374.0311675350407,62.91537818676745,11.90945400226657,5.045045873612831,2.0,1.7774436165284904,2.6433530508653926,0.24242519590835868,0.3356986401919495,99.68037484038658,22.471384932643897
SUB00815,9,31.184138537323623,252.92956064748037,35.5233386695511,12.079705467514946,8.904658207926172,1.0,1.0,2.9506630117542927,0.4613065553160959,0.3577961129510248,152.56604252033574,8.817535691571067
SUB00815,10,33.864747978282544,229.1860216084034,49.024566531635244,10.973591036265898,5.14376640704176,2.0,1.5932193716830407,2.1422743611261126,0.48007859177649503,0.4981844592907625,224.62636531583632,22.52530162873784
SUB00815,11,39.90172508824212,265.1360974136746,41.580298974988324,10.345485512329896,5.249881704024608,1.0,1.0,2.553892178605817,0.4056129049556404,0.504577427294871,118.95610491600587,14.565326513257961
SUB00815,12,25.877086440676877,336.5636698899165,59.3775582360516,9.021199806945177,7.526134912808408,1.0,1.0,2.1126100129058765,0.21527772093428144,0.5429794986212488,171.0841622438167,10.136016163805623
SUB00816,1,8.487254844729447,1747.787530369797,50.33115653583467,2.912143557914823,1.260062002183825,1.0,1.0,1.3163727929231075,0.5444007958088604,0.35124210690454755,19.36669801573275,16.08770804197147
SUB00816,2,9.314873834433689,1653.4596592028818,76.17961970547864,2.5828735444172066,0.373993283306986,1.0,1.0,1.3834365249873026,0.44699147390975913,0.38722464748247026,57.34355077243252,27.886644845413382
SUB00816,3,2.6598932521067167,1704.11601329477,79.05709939086299,2.6370111284881865,1.2308400887063675,1.0,1.0,1.4100168302151561,0.5193913313027129,0.436058658429082,6.400672649347506,15.772762650516306
SUB00816,4,6.997790849111769,1488.56567029737,40.26310726169707,2.854654517089922,0.3123024188915906,1.0,1.0,1.5947718649563545,0.3290641244289524,0.397298911270224,29.929088917064327,15.178803945625948
SUB00816,5,5.752183335652887,1227.72223102814,56.47926468406055,0.3698124465861742,0.2755562366770143,1.0,1.0,1.728952937224559,0.5189856700610634,0.4313471069490564,41.10138512131864,25.351720957953848
SUB00816,6,10.135434344824557,1488.6961096071614,59.089185414631096,0.17627514275964107,0.6065642872036553,1.0,1.0,1.9644589699428545,0.5460944996337839,0.5714656995434919,21.84997101022781,16.058418227626042
SUB00816,7,8.44098878742766,1188.4916478584696,63.95321061757664,0.5003943954879975,0.3840976379607578,1.0,1.0,1.1992285312077255,0.3036822142311285,0.4504961032599797,54.955591362540325,22.039451561552887
SUB00816,8,2.096858063206796,1519.4744008950856,71.4606841432466,1.3181489969251416,0.9214532943199256,1.0,1.0,1.1048038579987356,0.320092156457078,0.5165293414050312,14.952774318824622,11.70666673881164
SUB00816,9,5.446817086801746,1418.6843481716924,42.540560439590294,2.1919474535062164,0.052109806049611906,1.0,1.0,1.4552642524568935,0.262346741921229,0.32628234692381525,28.530268904711296,13.437753056369203
SUB00816,10,5.251953119755898,1473.4799839350528,72.42179410255764,1.1169598897414692,0.523899483981195,1.0,1.0,1.0688793904208531,0.4166028490061151,0.4282102276237054,15.667262387252388,18.45938434678812
SUB00816,11,8.171787683595676,1332.3351915708215,59.27404438589312,0.7820576148941187,1.1680577708951405,1.0,1.0,1.933655626668958,0.3016288394774719,0.4899047210447447,38.185246683177006,16.402576622962936
SUB00816,12,5.689479513581116,1745.7002459697994,42.02017223852242,2.0217651580131055,0.33589200974878564,1.0,1.0,1.4166522706827158,0.35585428125510876,0.42918121110931,34.82837846374486,25.328521722250997
SUB00817,1,62.35183415023853,505.92599229090405,65.23230698350007,4.6632542716787295,1.7158234842507663,4.0,2.5795705697280784,3.49083833970668,0.5140090016345299,0.568795638816789,430.34618418328154,19.172380770241702
SUB00817,2,69.94029785225442,668.1072645955185,87.2276230043486,4.936951083120732,2.6087387015789467,5.0,3.1555506088029484,3.2224355281683916,0.5936440733198868,0.41780084463208045,459.2920367540821,10.410450323335239
SUB00817,3,53.01049001532246,703.3189933499928,63.15793848668732,4.6999955358571235,3.087998467490992,3.0,3.0,3.098790095562198,0.5019167106611617,0.510811039142713,110.48342359047825,22.201597460173115
SUB00817,4,57.563927414297005,780.8068892542841,83.73597436267414,2.611974203139157,1.7395197689134636,5.0,2.645807959738401,3.53171707115794,0.48431017903808504,0.38486889061816565,386.88229175044194,14.115786449868283
SUB00817,5,55.2915138833991,762.1499950030384,94.48664573696581,5.002821523400154,1.7470335911084338,5.0,3.1496631452749826,3.803325308622303,0.3961143567589791,0.5667310476041291,355.9385705119845,14.395412992033878
SUB00817,6,71.99582880616701,616.6696426138991,74.95166798912571,5.453281117542639,3.107364709324664,4.0,2.6240977854976695,3.4061012554787435,0.32725898243134904,0.5215941099827921,179.9010295936331,21.701026050931908
SUB00817,7,55.46348801463875,661.1998144156578,96.75516715509505,3.6996791414340517,1.8951610613612002,5.0,2.530197364942251,3.7833709122920323,0.30945713576585265,0.424253775464982,283.1433510800939,22.31649503227633
SUB00817,8,71.31406331055264,689.9958348667284,118.59040282444067,5.275106439421151,3.333498621889195,3.0,2.8153827111932475,3.4943191867908383,0.3942459940987676,0.5440676216382775,231.41477413465228,23.670533711760193
SUB00817,9,61.47868619002139,490.63205727851425,83.30264982609489,5.170645135169935,2.201211670817221,5.0,2.7647111310020134,3.447081406106841,0.32081744132830003,0.3180382279012621,380.13166993117835,23.828731165172208
SUB00817,10,69.36395526237837,684.2253177632596,98.1792345480496,4.182477809355266,2.758138730724123,3.0,2.7488449085808484,3.570419913838898,0.4142047600090184,0.47596610313488125,253.84940620578035,17.857465570799956
SUB00817,11,63.79967896974894,477.8643657865015,116.96051778752715,4.269505314934682,1.5540657612227087,4.0,3.104106743815502,3.4650156192679176,0.5136261633880012,0.3754430843377403,423.9403702314388,10.604692695163005
SUB00817,12,46.2053621937239,767.661525398417,84.79980715622818,3.570690555583404,2.7384091615037676,3.0,3.0,3.12753152038492,0.47276654762626313,0.3172519736632479,341.2406370968051,12.721981950468383
SUB00818,1,3.9645740771817195,108.49649823696564,41.42205043475076,0.6264053261526265,0.8688328845806352,2.0,0.978641406529638,1.0,0.23462463083283622,0.398462407559244,9.751672048521804,20.037134650106083
SUB00818,2,8.022452052690747,85.53648403787462,18.573319488278656,0.17885479784953964,0.7054950133709909,1.0,0.944551279202139,1.0,0.29541069982287493,0.4079402218919863,28.350315949624687,16.34019670366935
SUB00818,3,4.318876208693028,153.0797281949657,39.82880056418532,1.5518864140209785,0.8301433024870892,2.0,0.8262312235265382,1.0,0.5031112902081926,0.35904511675204387,9.465309918896141,25.885600681230024
SUB00818,4,11.475885693835474,115.30964423196396,32.46990764787034,1.216207565488794,0.8717703627336434,1.0,0.7408939512840322,1.0,0.47207080572432314,0.5661066464760949,74.17677673148324,21.543022581161235
SUB00818,5,5.626182321493573,139.89491833693808,26.83209806176412,1.5698010651345993,0.6933071218049803,2.0,0.9346170486371417,1.0,0.38322848118676506,0.4867557787179814,37.44187427649162,10.133094195821188
SUB00818,6,9.568051585572276,113.71354216023376,21.101228888622884,0.48690405256017166,0.3896914937898901,2.0,0.5625347773104034,1.0,0.19852077283457895,0.4825406323986889,46.156628993351895,25.82477360259214
SUB00818,7,4.012034754983845,95.9032766420527,17.211388373149305,1.050966253714514,0.5753894675211331,1.0,0.6157765277774165,1.0,0.15347030488219193,0.3319277305693171,30.69892746162256,17.876115876916792
SUB00818,8,7.1583236207848175,81.38479673378298,32.01326855927326,0.15591111618592338,0.8266428889111451,1.0,0.8096749844890483,1.0,0.5161613710933333,0.4107949948197113,31.875118789535538,13.97438227795701
SUB00818,9,8.873343526118086,133.59556381815761,22.05658274308685,1.6094838305232364,0.7598369846257416,2.0,0.9642469373793712,1.0,0.4203908773373931,0.5688111592703191,26.33495942666533,17.907707317865576
SUB00818,10,4.142551962425771,151.9865193445068,35.688585605881855,0.26166322356383453,0.8503768125883141,1.0,0.7341706208986867,1.0,0.1989377520601125,0.5845623271808033,19.262538252960866,23.299483631608442
SUB00818,11,3.9840453096859525,138.8821768206907,30.339561429292836,0.9209979453574021,0.1101288154178035,1.0,0.7098941685628479,1.0,0.33158537907667457,0.5272090202841297,14.71612469737025,16.00867912522213
SUB00818,12,7.256764742085697,172.6730989202237,22.219859578554512,1.6049837717925728,0.7176703526390567,2.0,0.6831538716403254,1.0,0.4395770605807495,0.49279717396769585,24.408195368851977,21.738591196077408
SUB00819,1,119.79907412730208,509.6588209367189,53.661706074694806,3.818433313621796,3.4758677370253066,1.0,1.0,4.4196298912204846,0.39548030514613497,0.37662231528900086,837.3928056607972,27.065318860361213
SUB00819,2,136.7176259225305,406.120160259667,40.52655708478775,4.70704129293591,3.996479311933605,1.0,1.0,4.875756491931872,0.5995376918298418,0.5749442799049265,485.6501473279581,17.000725433880604
SUB00819,3,128.7419630893244,380.0206908369304,46.347336140528554,4.2079821349471915,3.166651870537975,2.0,1.3274059879683484,4.641421214912952,0.41916865430817507,0.43410957500232045,382.74170246641245,26.93784456881564
SUB00819,4,111.55849078795534,369.4177433937519,52.663639080796386,4.464201031120156,2.289834822493518,1.0,1.0,4.415227928660906,0.6291926931331738,0.5508372334304918,573.1695660376913,14.173010589767587
SUB00819,5,111.42090008932814,410.33173313797283,49.96345250843484,4.66967487179112,2.673427171287598,2.0,1.0843784300100299,4.4074809522862495,0.504055418445874,0.5522454798386034,394.8931365287679,9.90768428253212
SUB00819,6,132.61647164408842,366.864173593804,36.78303828494775,6.849440927212572,2.583043963987703,2.0,1.9303274713768048,4.26124542451454,0.34547502262131713,0.45193293921033273,873.0644011074963,22.101114523015426
SUB00819,7,109.94759849410404,352.8461260598548,50.229308017214144,4.054226665824532,3.045231101569872,1.0,1.0,4.820872763464789,0.3238972034782108,0.3450787061107531,865.2674393402402,21.456292849471794
SUB00819,8,113.04264134683295,479.2424947471062,41.360162960625786,3.722453692055412,2.963334921760624,1.0,1.0,4.30804240215999,0.33764344173527605,0.4379370024968092,538.4143405234154,23.64953449184116
SUB00819,9,118.11532961848484,480.1340427132431,38.82710996856926,3.2428997867688727,3.4784159273071094,2.0,1.097088547056916,4.081568804033534,0.4200408823780284,0.5087033699658547,384.76695038076906,16.980143987922165
SUB00819,10,124.3504476778184,507.7074018330952,49.70517396709964,3.8734764460664293,3.3919629127830193,1.0,1.0,4.800508273755044,0.5411897937992431,0.3617265942612046,355.8453970770803,16.361071853451616
SUB00819,11,103.27876109456479,356.70331329568853,43.48991800184365,3.1220256814355425,3.2827246500633773,2.0,1.7877256962522323,4.137705134886232,0.5007387566063923,0.48991920401080225,472.5053629043522,11.45825937867097
SUB00819,12,119.28196041551868,444.5258844781674,36.63496066648385,3.614278116980855,2.6461868374861313,2.0,1.5393061875525498,4.680620710209466,0.31238078811304004,0.49706203394452303,492.2755395953174,18.688474095464407
SUB00820,1,1.5312049922871969,49.539327745539836,12.76248433301948,0.36881739014748594,0.3831554258679081,1.0,1.0,1.0,0.1856288227376936,0.39228285330817125,4.029466934984232,23.166346029604906
SUB00820,2,1.553030781774137,91.34892605762532,11.749318536392579,0.0029548537880029757,0.023950253797218934,1.0,1.0,1.0,0.37351404176815645,0.5194673737233202,10.589425019978817,8.779236526235955
SUB00820,3,2.9635937843335354,32.22440345711436,21.040746002464278,0.17158448653086777,0.38212281736598375,1.0,1.0,1.0,0.3718786335142217,0.37831611724347564,22.832424738255877,8.325165919076039
SUB00820,4,1.6552122257328064,44.85241019284051,16.067422992473407,0.11401182940555388,0.1545485660505878,1.0,1.0,1.0,0.2614987429721966,0.27987188701439497,10.028626730532528,16.5329968589597
SUB00820,5,0.0,43.0176053429866,5.8010656067658095,0.06075506773009132,0.07873836652999328,1.0,1.0,1.0,0.15134195939764056,0.3551383749088559,1.0,15.476514812383348
SUB00820,6,0.0,64.85632741882445,10.683278507506644,0.0,0.45701403970322696,1.0,1.0,1.0,0.4561595637288204,0.36782478024776444,1.0,18.595685709639213
SUB00820,7,0.0,43.91970726482917,23.281212428257668,0.0,0.18645161757075507,1.0,1.0,1.0,0.15988772807302837,0.29144986169143555,1.0,9.106882707288126
SUB00820,8,0.0,9.428088448516984,5.899436177703949,0.003590352620868431,0.026713453891071548,1.0,1.0,1.0,0.22137461844202216,0.4465065512346417,1.0,25.970044830911313
SUB00820,9,0.0,40.70190933176241,21.906019069763015,0.0,0.47563050581383653,1.0,1.0,1.0,0.4308477632205199,0.5495464044914252,1.0,14.83506481412028
SUB00820,10,0.0,31.151758687458663,17.967594001650376,0.0,0.4616030620180631,1.0,1.0,1.0,0.20885852107544878,0.4626961661781073,1.0,16.838384070457465
SUB00820,11,0.0,15.49864990461427,20.467382355495054,0.0,0.4293920846208531,1.0,1.0,1.0,0.26008684006820404,0.3619229036660506,1.0,24.648138865555037
SUB00820,12,0.0,15.816716856486728,14.594291315038921,0.0,0.25377273998951155,1.0,1.0,1.0,0.2550846054826418,0.3777877669530425,1.0,13.54870967132299
SUB00821,1,97.6411592559109,275.8511473434552,30.791562782723894,0.6973867571255356,0.6464048703530959,1.0,1.0,3.10610752579947,0.6041372368431452,0.5478133969720105,534.6959871942757,14.960731783820862
SUB00821,2,122.21904852371708,288.1087862735855,27.372717463816414,0.9684841336528522,1.11264797395721,1.0,1.0,3.863092946294457,0.3194391450784815,0.5615792917008491,603.4953431799127,16.475039312476476
SUB00821,3,99.00437677260153,168.9788488242633,34.60698606549455,2.060997292478909,0.44271762760825045,2.0,1.068544767029611,3.537493981840536,0.4542883684225527,0.575192257809158,259.22202810408834,22.307241197330082
SUB00821,4,114.50583136511955,199.2237029259453,40.66309882106917,0.5414401744982191,0.4553023497987389,1.0,1.0,3.8575733431274353,0.2885363178900091,0.41016140667978973,661.1529551680007,8.639459327487424
SUB00821,5,99.36172829652493,225.0113255312924,20.63562822834446,0.09156586403798561,0.8725654058559889,1.0,1.0,3.5418092057061825,0.43534684239068766,0.5114652277752717,516.9194092337813,23.571810275005273
SUB00821,6,117.17227395339849,252.5572989008796,39.73891292748351,1.8454677279513816,1.0460874981062827,1.0,1.0,3.9579296630659875,0.5089335762012411,0.5511704905941746,929.9384199124992,17.765233092211766
SUB00821,7,117.17980585590796,261.98226562808395,30.73673100127983,1.912000646865523,0.7137217927619672,1.0,1.0,3.7767953597611363,0.5051648947087005,0.49498878231342974,403.0158495033662,23.513569222754796
SUB00821,8,93.82390411432043,268.8120388240372,30.4460629337499,0.8357934488835463,0.8430525292818557,2.0,1.5870596497552332,3.842546699235606,0.43571538071255134,0.25376340871364966,580.5182821871458,18.1623704917954
SUB00821,9,117.95329375633683,210.870780277366,22.14524166261223,2.2785822091422423,1.1456662809416704,2.0,1.675475283578138,3.3606042105388685,0.3106784423121385,0.5331214673409946,256.9265363430256,15.42875423968173
SUB00821,10,113.07195105157544,210.64977282992515,19.731795157493075,1.1503404431463105,0.8777290223134687,1.0,1.0,3.9937008254899347,0.6368993356335217,0.36958320321591803,247.97606269786345,9.64764961441221
SUB00821,11,122.11368168208904,212.7068834904207,24.723775984634273,2.2121270471902803,0.6281065323059509,2.0,1.8835775290952692,3.839969755787429,0.6300411265497043,0.5649882567862513,388.4186763922565,12.371090826305995
SUB00821,12,94.33215361024025,150.77955736762726,32.0567377298618,1.9148295379728681,0.3938711372500302,2.0,1.6932450291780339,3.2748185014928333,0.25467211195478445,0.3334353183177847,649.6216895329536,17.10701044150897
SUB00822,1,47.27632432729882,376.7977549875545,30.320721638188406,10.829901900935031,7.89161081883397,2.0,1.5867295322618018,2.702950494402236,0.28716502014898726,0.301939042545438,360.084241525356,16.98561021383764
SUB00822,2,31.735871060350522,309.91100333962413,57.27474276057556,13.05697957327575,6.702053679502251,1.0,1.0,2.373777189666221,0.38214668217742825,0.5352642773208309,72.85383448986777,11.048799656230731
SUB00822,3,33.31527025595281,280.5281244901424,43.702372817513904,11.970597368349612,6.807893723642282,1.0,1.0,2.6056301014050636,0.2953529669758672,0.2953592551221648,127.15656464428949,17.67595755235303
SUB00822,4,49.74063296577872,368.0822056730027,44.74585342214305,13.331951246337951,6.600681075443484,2.0,1.309829718632857,2.354425363234678,0.49065104107038404,0.5920827052047073,282.7043457279852,24.8458612357183
SUB00822,5,40.665498258461774,306.90090226904886,54.780939993890314,10.678587006868058,8.572551010869862,2.0,1.992159867009955,2.709294884475835,0.18946693164311473,0.3553233223290224,174.40357177663077,23.169872541310497
SUB00822,6,45.71214982148876,327.27074800409895,34.51028434936711,14.941684407468587,5.89858729659576,1.0,1.0,2.320856583266108,0.1795106336691345,0.5983253503018267,248.51008087545515,24.388754417254
SUB00822,7,49.21442381691805,350.0738423802278,44.90599727030724,14.890639306837084,6.233145443782789,1.0,1.0,2.9598138666949763,0.5115151570931932,0.4468052303178013,231.1623252358804,9.837385665200483
SUB00822,8,38.22337469428324,284.95673701838365,62.6521575319197,10.576202749074984,6.620577188572208,1.0,1.0,2.469722010758868,0.299835573835702,0.459036468332736,180.49492957643145,11.370011219191076
SUB00822,9,48.870274458628415,261.9753318225493,51.61360253344253,14.164980497289276,5.144555756616237,1.0,1.0,2.895208198519472,0.44012566107474704,0.46690187867492505,342.4541833179204,18.046466904729193
SUB00822,10,34.92517360615675,254.7012451062814,54.73503656356854,11.536586070306374,6.837209723141111,2.0,1.8206272618956483,2.5111367140279124,0.42687317723369533,0.25520312935122436,206.97513563472108,19.46309493732626
SUB00822,11,35.09099300373572,240.59988052888522,53.96221271567743,10.358849824971156,8.501513217549377,1.0,1.0,2.598600262479694,0.32007271976174,0.32687939441887826,131.48089947733433,25.421570549934486
SUB00822,12,35.97338541114155,368.29114909966364,63.91402454738592,13.389810921225157,8.340349091358043,1.0,1.0,2.686563760057981,0.4633440954867317,0.43091638496647267,255.7329875107408,12.46125380298894
SUB00823,1,9.090326370696847,1206.4215163126444,52.84128767021864,1.307863240348543,1.19506210025093,1.0,1.0,1.1199776044096068,0.29746697747908585,0.36534849408116643,42.926927711576546,11.942832146751467
SUB00823,2,8.838638421701013,1612.280026116076,41.180637148200965,2.975657967611261,0.45727115484778946,1.0,1.0,1.1869343019649456,0.20349874488969064,0.4330870081304987,31.129471266232624,12.448669612920565
SUB00823,3,2.9836046783479904,1521.7134135029473,70.73907418944482,0.0,1.4913913083436732,1.0,1.0,1.325747300216788,0.1614290550347713,0.5487416123067652,12.661076513267254,13.78957815386357
SUB00823,4,10.815500262896592,1620.8120204114382,41.472273055305706,1.969964942558875,1.3524827571055367,1.0,1.0,1.946575074744487,0.1799209140560339,0.4134439294893535,25.98880726086386,24.71323892847351
SUB00823,5,5.184898401411899,1391.6412534760927,44.5068797131862,1.9624395898922016,1.3883046746740373,1.0,1.0,1.5180147556053258,0.3891760827599654,0.3092183398935817,14.746470162000074,12.004677002447357
SUB00823,6,10.46846215968006,1247.3236749018674,71.77329671770028,2.2890195953741457,1.0486459590981903,1.0,1.0,1.5311525658381875,0.514953371074898,0.2939189464877609,50.4039873892398,17.844399893642116
SUB00823,7,5.73073584473487,1572.8447409509513,74.7323883169359,0.0,0.4373003792870597,1.0,1.0,1.5483303085672664,0.3509466487413617,0.541924894695579,30.637704349451354,24.93321837191591
SUB00823,8,13.794273653629716,1426.4687958060663,70.75724380064992,2.6737254097828833,1.2573413924588257,1.0,1.0,1.229665218099658,0.430126202711579,0.40335166725291294,101.27431068153354,15.129616044665145
SUB00823,9,9.463480802594118,1680.8401385235954,60.04606764517524,1.3044106248973397,0.013570005159242504,1.0,1.0,1.704239780058818,0.4292830440068358,0.590085522378824,45.13650528984925,17.854152136789182
SUB00823,10,10.070246055649292,1380.191230171923,49.01776032855076,1.0859641725813625,1.2225053318628176,1.0,1.0,1.9876636466785822,0.33601979225720013,0.45647194871986796,28.154934822769203,9.469926983635894
SUB00823,11,11.96839547313321,1430.6039163212029,44.05580263897621,1.0755122289334098,1.378369667517515,1.0,1.0,1.950287699271613,0.3735107801829767,0.49158600147724074,85.52308011766321,19.937271175090824
SUB00823,12,16.260056677278268,1766.1198141461819,73.24219711032038,0.0,1.3670896837379036,1.0,1.0,1.462147905541953,0.5115300152558377,0.44695871563877454,78.50324344173967,19.600729903918484
SUB00824,1,75.77674066768215,541.3204442471986,109.8944203524709,4.64650375019943,3.260392698716632,4.0,2.5641160797212783,3.9903505351529196,0.6147875727681823,0.5617049990964311,507.8885990267287,19.21305993825304
SUB00824,2,58.11320594518716,473.8160884097137,94.4455578693921,2.437546222761061,2.7579990762403273,4.0,2.9246242969368885,3.377254682483972,0.4586114569344708,0.4249868039529161,398.06155429235747,22.159594350336906
SUB00824,3,61.006976964530125,522.557732670868,65.6640465686834,2.471098575353213,1.9177136103416255,5.0,3.4044291895489587,3.400210668387823,0.6456045049731096,0.28577690374295117,487.7398594196317,15.34610410743156
SUB00824,4,75.48962200750927,587.06932872772,81.67365288266178,4.695663452578563,3.367837752071913,4.0,2.8958085495214236,3.2808703637846253,0.49971867389845037,0.3307180794058916,572.541287044979,22.08175499666084
SUB00824,5,58.92305597951322,776.102250694955,112.99268616477318,2.0996931128057064,2.2384513022084085,3.0,2.769207564237262,3.908214630797821,0.5466902649255772,0.46485289083670234,295.0065422307501,23.520129199645304
SUB00824,6,65.74692956541872,568.8380522891699,95.26965777136883,2.7412014028711402,1.8765464317737095,3.0,3.0,3.7653067313351487,0.3731010965911199,0.39076284399132083,150.45883605378327,10.73031819817697
SUB00824,7,49.29171454853762,671.5450207314685,61.00199746185454,3.8208642404217357,2.128617331217394,5.0,2.5616640990499704,3.110790177153091,0.1849870003623444,0.5970866947719355,100.48589410789931,11.788262931270662
SUB00824,8,73.53086339607435,552.9815072430547,99.6583406582543,1.0635355242585933,2.5269095491054965,4.0,2.8134596652236192,3.3468161542582915,0.6163835895120815,0.5384313968171144,455.8384308826961,17.682886529671286
SUB00824,9,67.83844078941823,715.6364896918586,63.34131293710857,1.6071504301697808,3.269394781051512,5.0,3.497729934230631,3.6430114794294095,0.3158121085796014,0.5412346069486536,438.34359817822906,17.685196705705252
SUB00824,10,74.05635424054165,574.2168197857736,103.77792289630379,0.9808428903596949,3.446402065753198,4.0,3.36833451275193,3.401389694539186,0.3241431595317139,0.32803542574057065,268.7758170252,11.849444500523214
SUB00824,11,50.63511669531858,636.9927101833243,96.6102810940857,0.7766411117357666,2.790521462979375,3.0,2.5368584050685183,3.86203292864826,0.37223765771299033,0.45828733734964266,226.9746734125243,20.237045693055652
SUB00824,12,45.23761551553906,605.3616459266664,86.88306877472922,3.349802655016099,1.951948087814855,5.0,2.6051639160359423,3.8216342538391483,0.24480618282081398,0.5610151965615133,169.62545531941703,20.007354389656555
SUB00825,1,12.957967555375127,136.92206051966184,20.760298673409388,1.450010193796629,0.8632650007896446,1.0,0.8762200454526198,1.0,0.35943236914731524,0.2650529383336394,38.582912714218295,18.459321979360425
SUB00825,2,6.11209968554119,123.33767586824217,40.62858831622185,1.4729654288712546,0.7109836026269024,2.0,0.819109506614353,1.0,0.1546706891358533,0.3891496308870702,46.28628547752313,20.911637690064204
SUB00825,3,3.447199019857532,102.97139482463665,39.50945297381565,2.1099058700175504,0.7212518204766883,2.0,0.6409868338968983,1.0,0.16726770869809426,0.3876329345983254,20.52882091634627,12.327591504789215
SUB00825,4,6.5481784007061865,133.31995891156026,32.80782557634945,0.5585847656831319,0.4871633125525411,2.0,0.9079073644298349,1.0,0.37429802338621443,0.5119101217910056,50.503946613866546,18.787876322399374
SUB00825,5,6.031738927023006,114.40604985112977,19.631330964301526,1.748603060143259,0.9149495585853925,1.0,0.6177871702300057,1.0,0.46166896155962145,0.5588827979230491,33.19137733273717,27.430656024984707
SUB00825,6,4.265482855110391,151.58443126129274,31.338730087775595,1.9343813955784346,0.5937725572889573,2.0,0.6270749645590126,1.0,0.2115660834973637,0.4720523111596435,24.775234235361832,12.453820614288047
SUB00825,7,4.160394393600487,125.19736385189323,33.339519496037866,0.78551618630035,0.8880320334410825,2.0,0.531570320035383,1.0,0.37993034470553166,0.542139648791305,23.31187410381545,22.33389399205364
SUB00825,8,11.034741406941555,105.75264145709254,17.765180399886397,2.1055972193793235,0.9549001750026642,2.0,0.6282405891303449,1.0,0.38353468546329283,0.2627155823893995,86.53772171785997,18.755517310577222
SUB00825,9,1.967553916436506,84.08807827262797,20.176295082862417,2.6700535329441637,0.4207364256557048,2.0,0.9589126266573023,1.0,0.45647031440604147,0.4054383509888875,11.569583653742123,14.162677611969134
SUB00825,10,8.682012002809262,139.9574281463186,24.266651868930452,2.1897541272536403,0.2462624855854253,1.0,0.7073877569484621,1.0,0.15598310228203824,0.4783807877621814,37.920335640441785,21.048687619717867
SUB00825,11,9.20623811003148,151.588379463788,41.25857676545928,2.6518052594964345,0.8862639722141576,2.0,0.9344662660824281,1.0,0.46108555166012544,0.37068252515539535,34.39538924837436,13.514524892933492
SUB00825,12,9.977090271931422,86.55721374321652,36.96938912106121,2.5573226437296266,0.7161431051648159,1.0,0.8594068924923923,1.0,0.15851408600129124,0.5893758382739416,45.942130039590495,27.218405437187847
SUB00826,1,139.0248495469312,338.97022206632823,42.37794679214305,3.68174903142079,2.8589389295330285,1.0,1.0,4.6383651705542075,0.40743937775208305,0.3433278111378447,359.0487565727245,12.115760934495123
SUB00826,2,128.7896767723007,494.89685957339174,46.115397372988525,6.153632009664552,3.9353045411991916,1.0,1.0,4.318668038332512,0.41379652471238215,0.5360517375018823,889.6827436347597,10.294220802055943
SUB00826,3,111.90636743615603,536.4778716387451,36.1040268777522,4.773664525512716,2.455673839478045,1.0,1.0,4.036833139062015,0.571121913018517,0.272655333678839,339.0441150105845,18.346976344422952
SUB00826,4,134.2046618434435,493.5400813172095,53.91396295624121,6.0471815583523725,2.9292174263165602,1.0,1.0,4.082447376212143,0.4223387440359482,0.3533805334541755,823.6300422119757,25.149985422394362
SUB00826,5,128.2876016386592,426.1967415051075,41.01589229273513,6.575329611548349,2.066212984822009,2.0,1.6352116042056528,4.458164258329488,0.44946103494571055,0.4994300524846827,785.6466837623634,23.690698054153778
SUB00826,6,136.20372194729248,309.72844992524904,42.40803700072167,5.8424727425791,3.606827958054886,1.0,1.0,4.336012958497327,0.39257432424771566,0.41051007036776355,845.7783247429699,8.17552065003107
SUB00826,7,118.91751649637806,489.90211030198145,52.92476976617546,5.316217675969624,2.841005425971677,1.0,1.0,4.063685286082326,0.6486495807809259,0.5355911212324831,538.4638062999911,9.083473897653366
SUB00826,8,119.98952879770962,481.1213744795255,53.28599791549806,5.4927816580498074,3.6759511594052743,2.0,1.8668307969217968,4.794765032953653,0.2984957452112802,0.4884889333013751,861.7769543083708,15.380156798491587
SUB00826,9,136.279092841294,387.82313242294134,53.98184493037019,5.79707490735567,2.6264078712964674,2.0,1.6304538678802176,4.715955515800968,0.52108512862168,0.36645822944217354,922.8684126332444,14.75072921460648
SUB00826,10,126.50316687075134,339.2269262422068,32.20159377556978,6.658109852799882,3.6755075745273524,1.0,1.0,4.787457285509478,0.3135034963465336,0.30867984021247274,321.89820298366743,15.677848893147793
SUB00826,11,132.5104568642881,468.175646341421,51.60910079248679,7.236657778051273,3.2657678219007793,2.0,1.8674755369042622,4.196740810975192,0.2662427739253437,0.2847121417082568,604.5231069255318,11.118395040243506
SUB00826,12,136.14273261574536,347.4561316018908,53.46922512611009,5.373109576747436,2.7673097849518733,1.0,1.0,4.8949975900493925,0.3634227891416113,0.3354587720760116,350.6309794359062,9.683584691389648
SUB00827,1,0.09841330911313917,16.95936804767822,21.938428626937267,0.14115674079092608,0.36979614796751265,1.0,1.0,1.0,0.3627103483051866,0.34262679795117645,1.0,26.044228160923975
SUB00827,2,1.4370856718517437,44.46228486744866,23.656164811034714,0.13323916316703205,0.07425678527519874,1.0,1.0,1.0,0.4746505960086429,0.4790640092760337,4.667385947970957,23.69646249651838
SUB00827,3,2.1272468275463976,54.58368285657568,19.30185521253153,0.38865713098480037,0.4363430044495124,1.0,1.0,1.0,0.27001727039407014,0.3795337376685626,11.934661946416709,22.678272488872373
SUB00827,4,3.4440452353183453,17.779852343333808,16.334881102062443,0.4062036092159996,0.4922779433217163,1.0,1.0,1.0,0.2945382803105836,0.3379747511008129,20.346123317009724,12.472877491988196
SUB00827,5,4.50944246915982,34.787849614986946,13.288758337520054,0.11115459949885237,0.1856321620625513,1.0,1.0,1.0,0.43550915910619925,0.32563951557954474,27.205870956886262,19.59264020065157
SUB00827,6,4.198071919166152,68.16320246814817,12.571820793298576,0.40499912335954186,0.4800749025769881,1.0,1.0,1.0,0.36739332252318274,0.5930051989636661,20.215057001788992,24.38151581077199
SUB00827,7,4.188770820489912,48.02639650499505,17.041083389516576,0.26171045318692066,0.43665787127650185,1.0,1.0,1.0,0.4848830223061532,0.4889024232514102,31.799999636521864,11.48976239584426
SUB00827,8,5.889077005654356,49.77031623367037,12.789518074998556,0.3200020806049021,0.47086384147052485,1.0,1.0,1.0,0.2324817076392359,0.2786014072218721,24.835375309159097,23.83017130279486
SUB00827,9,5.668119033317719,59.464588733441836,21.807722942723174,0.4094293406998638,0.4171463560007465,1.0,1.0,1.0,0.2012321558350433,0.5387534303506836,44.86233294556002,23.528351099048393
SUB00827,10,7.145964873933974,58.68292681038895,24.215131043447954,0.3462567409732138,0.08185118278950893,1.0,1.0,1.0,0.3763364115796075,0.3189999177187852,35.723887951778984,19.129876527613796
SUB00827,11,7.811575164774347,81.96412187931189,19.208685598472133,0.0347138989906227,0.2762676685951215,1.0,1.0,1.0,0.48591324443992334,0.46351207147268203,37.44630529918841,26.43389858520719
SUB00827,12,7.609866009623882,29.35947868440311,9.867147342293531,0.16430078504227877,0.2697088576197697,1.0,1.0,1.0,0.292187118816079,0.4595956989861413,28.363081766023893,24.250120001948765
SUB00828,1,97.91813896783987,212.00937743854632,18.805719761641264,1.531941849661384,0.9115060067694903,1.0,1.0,3.7412434706031767,0.31016918754022926,0.4302717334621715,722.9817920234989,14.360473975650331
SUB00828,2,102.58290297814179,188.49843453664707,16.06799035574956,0.9914853735604333,0.10443779000194553,1.0,1.0,3.153413273898705,0.489156639295238,0.40367888258029766,503.0018390667027,18.19969226432257
SUB00828,3,120.18162042115038,261.497835057881,26.27470601602674,0.6654494077791064,1.1552249874820257,2.0,1.3798212079969088,3.6494439188405727,0.3123521095110009,0.26571243628570534,493.95577700090354,13.62397934849572
SUB00828,4,121.817071374657,173.99960993114033,32.486369977060924,0.0,1.3947602525929237,1.0,1.0,3.0271250826446425,0.546996374147133,0.34902347311346493,256.6076788109125,18.64074216945372
SUB00828,5,113.64549856644643,224.71910891280595,33.427397014274746,0.944964713061081,0.9947134058690003,1.0,1.0,3.3367942010626415,0.421336953079669,0.5135747039193843,287.5060279825782,25.410937852284263
SUB00828,6,108.8413466538348,199.97717383282057,30.13568290701964,1.3764449304213406,1.2784935595586349,1.0,1.0,3.127664177190496,0.49587511281586194,0.3143577709050156,733.8652064964465,12.985102536355718
SUB00828,7,120.27908866780386,285.3115127456758,18.262870003336566,0.8091463613279768,0.9707590481695374,1.0,1.0,3.227944445097139,0.40294097981617405,0.2921020335885198,252.8580392240172,9.677938520431322
SUB00828,8,99.18361333774506,203.50049659114148,31.42655004343838,1.6859561840948165,1.156968653114881,1.0,1.0,3.5909919403099595,0.27033433165688003,0.46094706321625273,262.56951243904683,12.812354761889582
SUB00828,9,123.16902745889,174.82851900636106,42.412794017494846,0.03920162540746519,0.2329911035042822,2.0,1.6379293985133043,3.741815437488988,0.4259006020673852,0.3692178556346451,693.8882246458818,10.670565296156989
SUB00828,10,122.66579600806686,242.847284847046,26.43705980697317,0.4065847064847097,0.7599150365709395,1.0,1.0,3.4658432773261763,0.3045816820129985,0.2933262935201024,773.049066968489,27.79642740630465
SUB00828,11,99.47099757718232,288.74658091265206,32.37796873105539,1.2579423757317432,0.8036605267220255,1.0,1.0,3.926859859747109,0.40787950278765495,0.556353408653992,782.4411626518229,8.234371508928163
SUB00828,12,102.07435785027097,231.0442631229248,25.104899683873224,0.0,0.29690162281502747,2.0,1.4550658515247137,3.8447081812393025,0.37370296203920217,0.26485348299344197,619.1958010739108,9.11527588849488
SUB00829,1,37.408479502669095,286.896833657917,41.53483566052602,14.573354502360184,8.101768307339837,2.0,1.6890883416972544,2.2309635544791497,0.5120769516557189,0.5607143278595553,92.82123401907539,23.694103742031295
SUB00829,2,47.14179265857371,190.03470625732635,63.351019046508576,10.436014430039132,8.73130828666024,2.0,1.4006804254854943,2.001960194295262,0.3357883282935939,0.5518903568587308,140.1546097798312,16.874718131442236
SUB00829,3,41.1748034201854,195.20148219886096,37.854758126182084,14.713131038446479,6.173055678374119,1.0,1.0,2.553651582001037,0.4257172210757435,0.363377849717553,298.4288582809929,26.758350542537112
SUB00829,4,44.57649447514744,322.25512573736177,43.658491830475185,15.329062445249981,5.162566415700925,1.0,1.0,2.7067478684585806,0.19480903697448965,0.3373846619925291,262.0158982886241,26.454908159452362
SUB00829,5,30.45639792120938,341.8293441878252,50.52959071917009,11.687880522097919,7.471810133948001,2.0,1.6151182131424289,2.430246117560217,0.5029978831324045,0.32404800452293625,240.08408833041844,10.857870459687229
SUB00829,6,44.18067793131138,304.86538382174876,49.7646479015786,11.446684443799013,5.49584641962735,2.0,1.7540902958675186,2.183888429170323,0.3775708756644044,0.2751891309128702,95.53577900965743,20.4624702996647
SUB00829,7,28.475853578072154,243.96933309226,30.239889407139938,13.504793783138265,6.626573501687822,2.0,1.2226423455499866,2.0181311983432035,0.503072112621512,0.31164808717344855,208.68509785383517,25.000999771366978
SUB00829,8,25.339770603175552,223.68764151975654,43.52059574243053,12.495289812026519,7.148288731930995,2.0,1.7400297202554873,2.8194597960408765,0.4959277501906,0.41437669185850823,132.0711961057191,26.448065810137052
SUB00829,9,43.37160507156442,394.7957013158025,45.43576805887528,9.273030372378932,6.231111091321809,2.0,1.6257475847212115,2.5166784496811183,0.21533451479322452,0.28477590592301005,137.38309711425606,25.821578879694908
SUB00829,10,40.55487863907197,241.68616080201735,44.58475190647834,11.49870156679862,6.274621699719248,2.0,1.3933244275794843,2.7178318300264195,0.22220909343534512,0.39311746605772635,193.53387433518034,23.20414058971268
SUB00829,11,29.503625890110868,262.7254083757819,57.62376702012938,12.335801832725886,8.990624571341947,1.0,1.0,2.6622903618774743,0.4014829679060439,0.5062907878068518,137.42338926025673,20.96107019509091
SUB00829,12,39.57956590120899,272.00860484020666,40.00680416809842,13.5156427096772,7.452463383976788,1.0,1.0,2.614485590413902,0.3466442688198522,0.3867518689643954,194.5614462949861,14.947230446537048
SUB00830,1,2.9655176239813352,1369.6917417832713,48.58733738714846,1.7468056180870923,0.09283767002335408,1.0,1.0,1.1048252574629347,0.28725297939906663,0.4595072923278533,14.287117521189566,8.360648659639512
SUB00830,2,6.573220007718474,1762.555967434255,78.78657625378321,1.7284677731765756,1.4568439589572644,1.0,1.0,1.929072833345168,0.3201792826681778,0.5985356586208574,42.41414214452379,27.766640994574693
SUB00830,3,4.058089302841529,1669.4090263746116,50.66326915291297,0.8904357943169636,1.1618452344064585,1.0,1.0,1.5531762835011862,0.21654754957538364,0.5590357395703914,25.437881415936566,17.170589451904483
SUB00830,4,6.9024231072009545,1362.7409077174548,70.57802079393396,1.832681559144791,0.5367797892334283,1.0,1.0,1.0040614572210433,0.3693269159844782,0.5329292186289634,13.87845963285512,26.097665167635036
SUB00830,5,3.039886553307525,1555.4582950881302,48.68598385786052,0.5132623474708284,1.0509906442872372,1.0,1.0,1.4447142206480397,0.4279757043101562,0.4750443978281322,10.357870892444284,20.553635625397938
SUB00830,6,7.870656016854189,1747.2326685069675,48.594614214812324,2.1294533571679755,0.4995777046566659,1.0,1.0,1.8105144770215822,0.31967484688959497,0.5785113628424627,43.709449573046115,23.802882728587875
SUB00830,7,1.9625282786637661,1752.1936900704416,79.79566457726665,0.9482017746683006,1.042947421995523,1.0,1.0,1.2886989652328942,0.3946214516303844,0.27814659862835595,12.2366823477383,17.639878047757705
SUB00830,8,3.00691997841129,1372.3391015205884,40.984718349537545,2.5150477860190716,1.4291470556267933,1.0,1.0,1.5174430286990148,0.5136040295519978,0.4746729616952471,18.241731443441882,21.55650174967281
SUB00830,9,1.5792273313082101,1312.7422315447805,57.20426912377223,0.1749035975795037,0.14288184124861203,1.0,1.0,1.8954332525926727,0.34804546304599326,0.5023950731730689,9.319831138072427,27.541556707930383
SUB00830,10,0.0,1659.3102774118047,78.04233341508576,0.39057153995918,0.9528776355465367,1.0,1.0,1.456573905015087,0.4320649321701665,0.38766997157896493,1.0,14.570827735258067
SUB00830,11,3.882638439521072,1193.6195315774314,43.25394850429299,0.5037848809329255,0.33100903465251347,1.0,1.0,1.7769399449460317,0.46304322017881316,0.45220519588025077,17.053908681713374,15.984120846553164
SUB00830,12,6.319142050022764,1716.2402269544841,69.2821236970249,3.0973886104327413,0.7979439150945369,1.0,1.0,1.2480294802922902,0.37172718422900064,0.43030336433161487,45.322948106994204,24.864774080802164
SUB00831,1,53.507746797171464,480.6557817045398,110.15821468259986,2.1242084888538537,3.1022652462645324,4.0,3.4777340578147355,3.656791123201814,0.5532619088901303,0.36832077868254365,406.99440328482166,13.75026498260565
SUB00831,2,72.14603643084436,732.097968770886,62.130647967872925,2.863593458120823,1.591664198740859,4.0,3.308258078325635,3.8776185406149826,0.4078758757829858,0.5513015932156258,226.15751962709723,19.493472015231287
SUB00831,3,76.40371651821702,722.3748126146337,99.39888349486134,4.335496990161962,2.3565148679908257,3.0,2.6898070505607627,3.5800561276284935,0.49725293348062694,0.5037953063346934,298.93107982411766,19.27484757189328
SUB00831,4,72.12118824296033,632.1508114739364,97.60860633719956,4.414268081642481,2.5642873136405413,3.0,2.964483007297826,3.952755997524966,0.3134823881143577,0.31634995352334094,210.17676224241595,26.2691695821833
SUB00831,5,70.11122843742282,634.6778018147501,98.1441017400744,1.8617193641752383,1.8677776641989303,5.0,2.8063308232088575,3.5581835685084315,0.3151877573551408,0.4285349627008313,261.08613559142884,10.872102211904974
SUB00831,6,51.44642337246787,665.8500767725775,97.7342945579023,2.250660596679408,2.5702857357934423,4.0,3.2785770359678374,3.7912204751000953,0.25560599915409754,0.3738381558061742,286.28806900795837,22.72879571460327
SUB00831,7,53.35936178406376,731.4296362502294,109.88208668675898,2.803754132738505,2.059796967235994,5.0,2.5319752015872923,3.901245385731345,0.4984881250038248,0.4357974984635452,387.46217382696295,19.329924436436812
SUB00831,8,65.78875722687602,791.556608263185,89.1029210370678,2.1524206918756086,2.261993300386295,5.0,2.9634572513115423,3.2996760769591376,0.3426128074152073,0.5055152850065587,291.9041592276566,16.22911365665121
SUB00831,9,78.90671004748533,443.18940724772085,61.19363971784865,3.90219198423891,2.9877562870645358,5.0,2.9619099847934978,3.0609193652266735,0.41250400615739413,0.4304592204130292,403.68665815446303,11.007706822916186
SUB00831,10,60.865864067639286,589.4271390792705,93.57634814734732,1.397400996675779,3.0490806946455207,4.0,2.811065947257956,3.3849847603596723,0.31711471818899106,0.25036081043954084,261.78480149036835,16.7336939074261
SUB00831,11,57.092777814527764,560.0716831655584,80.46407917306878,3.5483545971462176,3.3111364025850425,3.0,3.0,3.3308651567857783,0.2690647986520394,0.2751335708309679,152.53563676459567,20.45004814854348
SUB00831,12,78.39334735757112,515.734977185788,72.56294439227898,0.9169106898117529,3.0583723091232624,3.0,3.0,3.752757805685623,0.4613670636621249,0.5312093966267537,560.3244708602051,27.89498660902408
SUB00832,1,7.259769786218918,108.26415518603534,21.370828704293263,1.8432417986095762,0.8422436049035156,1.0,0.7369962654109544,1.0,0.21706919902851746,0.5214696678317795,30.08697427998778,24.5877718811862
SUB00832,2,10.748659661830688,76.11973180636532,43.13829594336566,0.0,0.7664129743412808,2.0,0.7872277231786541,1.0,0.3698892477939707,0.4092869867739351,53.79426539688308,14.645059682155669
SUB00832,3,6.064710704228917,91.44848969393266,42.92504840441393,0.07977888675654465,0.03820102306543993,2.0,0.6973189748900204,1.0,0.38618242444674367,0.27518505066287247,26.20165295986842,21.975018800922555
SUB00832,4,10.523958542111732,98.18886113922477,40.646826364952666,1.3837067034566812,0.2639461754968947,2.0,0.790472469518248,1.0,0.20249428948930065,0.562633392478555,81.79751412924408,17.603445559809206
SUB00832,5,5.460223200299552,114.28142297787032,16.192848543648935,1.1937416506696685,0.15485259422712505,1.0,0.7601254295742345,1.0,0.2704276403134759,0.251946162871991,42.43650939978539,9.080743615157218
SUB00832,6,1.3101203580959009,125.31346936594525,35.8638451241272,1.6286520587002404,0.9463867928163432,2.0,0.9669429685618187,1.0,0.32806061653301755,0.541038115128258,10.408574337341122,26.314385719923163
SUB00832,7,6.224830535534579,109.28289957708728,36.417855857068986,1.2253767735546006,0.38035318330808476,2.0,0.6902601297034243,1.0,0.2376088325782817,0.40904644509297355,45.227653145910345,26.12027366733632
SUB00832,8,2.5799932054299966,133.84396082267014,32.06678237968313,1.2924524243652675,0.053401972712312284,2.0,0.6468402742990413,1.0,0.5459191601794774,0.49934920305524444,13.516348359063565,26.265017447813968
SUB00832,9,3.666799268225687,148.77932879976007,18.968220149641066,0.3037901354269359,0.09493432395326296,1.0,0.8897738600775029,1.0,0.3933692938605378,0.5484704732205417,22.76320560154794,10.514810049197376
SUB00832,10,0.0,102.6339954264115,25.07747810066526,0.5699610553952059,0.5231147333509553,2.0,0.8248280495569713,1.0,0.4480041874903433,0.3320421984235858,1.0,14.10834921417303
SUB00832,11,0.0,78.08730157447852,33.35269995262263,0.0,0.5485197787464929,1.0,0.5712817402067485,1.0,0.26755906803719665,0.4616041588390617,1.0,27.24618940728781
SUB00832,12,2.161734367510311,169.40075698179294,26.83580102705813,0.0,0.20379200242562567,1.0,0.5494690464487855,1.0,0.477351388379028,0.5616657464397903,12.680907118073907,22.79807160588408
SUB00833,1,129.5385072511971,440.86623563225237,43.94022121757737,4.123889451150807,2.082412262514107,1.0,1.0,4.165819687549655,0.4358136905173897,0.591598973230786,718.3181460946586,14.89431802375803
SUB00833,2,125.60367345003492,386.9284340125565,38.338918745126094,4.781270248581879,2.552632756026912,1.0,1.0,4.2382733798287635,0.36869868589509636,0.38103520547100217,658.1085350333873,8.583664705920464
SUB00833,3,126.63043293847119,514.0409401676417,45.90579467991075,3.8795447550835784,2.5039354375793472,1.0,1.0,4.041272424413684,0.37065468991737716,0.47283141618881286,872.5677949314528,23.867489546571825
SUB00833,4,114.12520607064972,453.2618587221992,41.811800728852795,5.408023627408436,3.9350574758556975,2.0,1.864671417459133,4.6398387130517795,0.6416818945365339,0.496510067245725,341.9509331962299,19.987668490115393
SUB00833,5,136.93435320425988,263.7421653196469,53.249134624796525,4.833745192673537,3.831106417929254,1.0,1.0,4.088717534018557,0.4062929456419251,0.45551262564431516,802.9392896120784,11.89107698190716
SUB00833,6,138.1481193922706,491.5486973780367,41.35263693738978,3.8972724507775727,3.2695974325030104,2.0,1.858741467867747,4.519413179657863,0.3304005730528275,0.4700257640105249,428.34961835252255,9.54191810562929
SUB00833,7,108.16675090715844,374.5594924304661,39.613269689683364,4.738352819959771,3.9637703546648795,1.0,1.0,4.3381900510415345,0.38157452800507685,0.3226593951969682,536.5395802476709,22.849752408840565
SUB00833,8,125.98419398518276,507.2782040736193,30.069864832555503,4.536752426401351,3.3717653204854687,2.0,1.9213246384476648,4.824004488020636,0.264311903819769,0.4324024524991148,953.0920257913435,12.850658339505838
SUB00833,9,112.30411560861646,398.6567780359823,54.87390406118462,4.7091758604416505,3.9085802634006956,1.0,1.0,4.575270363106817,0.3771931918552678,0.27782183883672285,633.8318014421116,19.68006630100756
SUB00833,10,123.0217374261187,458.42627399776467,38.08128618668308,6.507773030304543,3.0568020478288584,1.0,1.0,4.804950322557771,0.5540902866236298,0.3600904493987708,792.5979490160021,14.877553547563624
SUB00833,11,108.04448751172768,387.8452987784335,34.003737798422044,7.144923942617548,3.3622837629324556,1.0,1.0,4.948825803019079,0.44246099294414676,0.37650842469728196,845.0828812335103,12.514438445279348
SUB00833,12,129.91163590117458,422.73459853198943,33.87039679505761,5.8917320698045526,3.6462492114590073,1.0,1.0,4.614493726391478,0.39584991245623846,0.5775055757668875,966.9653220288361,9.283021882204991
SUB00834,1,1.888464911844142,85.76424535487928,12.633730640998259,0.4277828450713228,0.4729301045213313,1.0,1.0,1.0,0.48599861141169554,0.4843753551513823,6.454247414204468,8.94568944562221
SUB00834,2,3.3577952441149668,50.4112328888609,12.466398607143827,0.26577465594513583,0.43781998953073975,1.0,1.0,1.0,0.42458318281157603,0.5256251208980574,7.10032893179883,15.199799727168394
SUB00834,3,1.2898712005419253,42.55174065693281,11.675790491988847,0.0,0.10666078093669146,1.0,1.0,1.0,0.1933651584730685,0.2565918194168638,3.2504745386428957,9.124365747285234
SUB00834,4,1.5313872142309084,7.524475733137521,14.479864244646514,0.0,0.007849512277274318,1.0,1.0,1.0,0.34126997985950003,0.3916001161704604,3.5742479486355005,19.771117510865903
SUB00834,5,1.1018498466000948,32.08364391994598,12.069041957684057,0.0,0.07417408339656434,1.0,1.0,1.0,0.4350087595482527,0.43236071617596367,2.430013069223264,10.009818967774535
SUB00834,6,3.725898748927892,69.76314164922437,12.470733828760425,0.0,0.43932865508904795,1.0,1.0,1.0,0.41038530226624936,0.5257820037792753,11.464274049912984,21.4195825092059
SUB00834,7,3.588692692499163,39.25466663131479,14.522228531168413,0.0,0.07599854214183654,1.0,1.0,1.0,0.4279595016526143,0.46646446133709263,21.962669612418733,15.81660152498079
SUB00834,8,4.808496164171816,24.551339333754015,13.583886154027452,0.0,0.12445671028121458,1.0,1.0,1.0,0.441081127724094,0.3104270572808543,17.48551023976063,26.513067052013007
SUB00834,9,5.5715970946908016,78.67038013787733,24.47717871434557,0.0,0.1988829036535517,1.0,1.0,1.0,0.4722670058468569,0.4828121850183289,27.563629789454843,14.908946805701827
SUB00834,10,5.851255987371743,96.05946362209485,16.63880295039236,0.0,0.4979393731744507,1.0,1.0,1.0,0.2279874454365452,0.31722651256867485,41.00626586995076,10.874815036476914
SUB00834,11,5.8706950901910275,103.16670425346172,5.938252304244848,0.0,0.3316787284343384,1.0,1.0,1.0,0.15235123138856024,0.5863538135256621,41.79653669455488,10.584060359707408
SUB00834,12,4.571046706427447,38.20465051497428,18.240373447444057,0.0,0.19578461220744187,1.0,1.0,1.0,0.31765186438445614,0.4939279864208136,20.47010314403243,12.503442361296164
SUB00835,1,97.05395729581844,173.88766756210933,34.32966399069504,1.4792201528760773,0.63633299758451,2.0,1.2173784813764066,3.3789745400573685,0.41708182294115614,0.3964537675738946,746.375784660154,19.79797259212819
SUB00835,2,116.77730732318194,282.74246549014526,31.038076976495873,1.391605404735575,0.2854701196535414,2.0,1.7444950796839929,3.1921636936697597,0.646510224433171,0.35958064451703753,708.4612743445485,17.800264726263435
SUB00835,3,98.24060567767914,231.3671448154638,40.94786589548638,0.16358937072922042,0.5016189195545822,2.0,1.4687849299425846,3.4558896160230006,0.2552591427084023,0.36798766372782266,301.06991891679525,15.024158266951634
SUB00835,4,97.45654979339587,324.5061353863022,35.52197333772625,1.5431987876334108,0.3609427981379678,2.0,1.7943249526451588,3.902505967905035,0.613326027434175,0.43664592483685727,638.0209452925989,14.345645388333296
SUB00835,5,104.62525781352385,287.73113627148814,39.69378312828431,1.2850336568852636,0.27832127772128556,2.0,1.58108151035561,3.4110329229968537,0.45124683941202937,0.4667027229681774,634.2184651686919,9.554012408257712
SUB00835,6,104.96526869555971,291.87098538732886,17.135048115958828,1.2627008902104262,0.287073137802468,2.0,1.9697570917831024,3.9364767423770264,0.31975606982552296,0.25583000810748724,622.3403658497385,23.834073118654945
SUB00835,7,109.3641083458961,228.6493933157232,19.298603959435404,0.0,0.9306064755524235,2.0,1.706464348466771,3.748616795082661,0.5868148804571376,0.2920499278166449,328.0039169378417,17.437879404370193
SUB00835,8,103.07443003572169,276.5045199971649,24.290088102050927,0.276612810302614,0.2859489783102595,2.0,1.0018021636327639,3.159980248393725,0.3786400941874385,0.47925754167330836,566.4514578086162,17.542847241415885
SUB00835,9,110.03958231263418,242.80244867256823,43.97241698020309,0.6992232799047101,1.1587628876975844,1.0,1.0,3.7115963365901337,0.5336905001220366,0.32978039371376866,611.7404246411246,22.925621263507658
SUB00835,10,104.31373695097119,254.0377036517799,41.68938849556333,0.0,0.16096583026181732,1.0,1.0,3.3371517565090736,0.28643545490077665,0.4465052271706622,697.1196930928882,26.342358022235878
SUB00835,11,125.44820476625975,201.10645193197723,17.960705624331506,1.1023527206164707,0.7862985701889658,1.0,1.0,3.2041723093208563,0.6416078025882063,0.3237432353082257,937.9090546665846,26.559314942953943
SUB00835,12,118.08584697943832,278.68049649138237,30.549766616153036,0.0,1.180934331671578,2.0,1.2580260775932632,3.8828832820212145,0.515458823349921,0.27661758003109777,747.9856979461199,13.386820753867331
SUB00836,1,41.86734349861023,352.5555787381809,56.269563094839256,14.104032350410325,6.396413977989199,2.0,1.0436867612840293,2.319688071015702,0.45045752557903584,0.321859752386222,120.71553511199464,21.0361702577652
SUB00836,2,36.136506399503695,214.37894858082706,42.038833335969755,14.718391268135909,6.209126405162897,1.0,1.0,2.5911652272412558,0.3191480277527703,0.4554641452113642,134.2425868515535,19.208146384845513
SUB00836,3,38.04242203795719,367.21294572438677,37.10925672183691,12.66382853937445,7.937188218504761,1.0,1.0,2.5939009101066426,0.38087792154487043,0.473973433164022,224.2136181220063,19.40671892536478
SUB00836,4,33.46910629366652,377.452121800188,55.94590685451824,15.634062059626906,5.047335312146544,1.0,1.0,2.7102332261299997,0.3274606261300259,0.47371071206921567,151.76086060351028,10.462579926181377
SUB00836,5,35.30779072165356,235.84870929022648,57.73625803595899,14.379286821744357,5.014185351684638,2.0,1.4054460869569991,2.20242218914721,0.31466836547305893,0.5082842541655049,194.74960308804836,18.241635033682176
SUB00836,6,29.293893650589816,328.2870384835178,45.70790762554146,16.22224701547232,6.818685078850098,2.0,1.820589699156668,2.8622405690329487,0.5102188605225187,0.4397788172885767,112.58900897692816,22.793001390259374
SUB00836,7,41.58598940448441,304.13534597559993,50.544859081322244,15.77127224424235,8.396297504312614,1.0,1.0,2.9805213962192525,0.4985060660708921,0.25473430682832576,297.6840624510534,19.59143589785503
SUB00836,8,32.26004456823382,363.36771784543515,49.305929595813865,12.238373933129646,5.89187364830681,2.0,1.1484457310981155,2.866603511470602,0.49333086576203533,0.41903899645359655,179.01749749691598,14.874390459593847
SUB00836,9,41.762803725757266,320.94388955175833,38.23148808553488,16.27721502852278,7.718433982901387,1.0,1.0,2.926244478037206,0.36789779359661223,0.2811667560121148,308.8282586531068,22.974881195244016
SUB00836,10,32.235899961777164,327.65670350559935,50.719255009804954,11.108896724668707,7.534467300209933,1.0,1.0,2.3524260444354033,0.1684686716490609,0.5860315899164124,162.47246496543366,12.21948033746383
SUB00836,11,26.544004765568943,212.6001033617027,56.9598942652991,14.735308386812495,7.1028958611857895,2.0,1.431095830997596,2.6187385976705455,0.3103420621730606,0.4182702965971335,92.62552239051068,18.486760350208613
SUB00836,12,40.78701244779931,327.41049442536166,46.79051671672995,15.566208070962032,7.514191389600541,1.0,1.0,2.630079428898621,0.20242147422581142,0.38121876249356723,302.4361764908716,18.585283869103872
SUB00837,1,7.569064095986851,1332.8580353709972,62.93145420029332,0.8214384330136322,0.5164736540902273,1.0,1.0,1.8347196025860355,0.3098330706000354,0.346462852498379,26.357261575349725,15.62694331871102
SUB00837,2,7.145681676655192,1779.9263236114807,61.25443389200931,0.6037778002624701,0.18149138085157468,1.0,1.0,1.29806279635151,0.3086210823746972,0.42560331604422114,41.3432587141882,11.143137453394196
SUB00837,3,8.522498338947567,1330.275844082808,62.998400345053014,1.3644014479836488,0.6637128439074661,1.0,1.0,1.1423497032649899,0.2531568755162164,0.4387355796351091,61.41682607185561,9.000279988444321
SUB00837,4,2.748320084959925,1367.0677667634975,46.16102926265073,1.1730927761842864,0.8108771740062051,1.0,1.0,1.318204412057574,0.3765567640950181,0.5666361534493171,19.27768680341766,23.593739632130728
SUB00837,5,8.998710091120222,1661.4757717935559,77.29594042043448,3.3689711813362297,1.2957087982482234,1.0,1.0,1.9782121037653662,0.35061471005473666,0.5152276414066208,51.73391466182514,21.37002500336133
SUB00837,6,6.317430388965554,1373.7402271412589,50.018117734343114,2.988934837020414,0.55831235982409,1.0,1.0,1.0532895943825875,0.35749033078206804,0.5809577982240535,24.45088560310067,21.12054845019379
SUB00837,7,1.3464809043210293,1226.048109684101,40.21175691686955,2.867984448315254,0.10886694872488506,1.0,1.0,1.1967332077814952,0.1641541094442769,0.2923654856959488,4.366535071830763,23.901849350723953
SUB00837,8,7.649607100760492,1682.5946066642548,79.19932402139,1.1074997005957594,1.397902712465493,1.0,1.0,1.8935684117932912,0.32570430021136026,0.31966357439738646,29.244577687748862,13.679871750945889
SUB00837,9,4.320343783303327,1400.435591561867,53.830518062408316,3.140733323712677,0.31513152178765336,1.0,1.0,1.9363300063026667,0.5349076853121145,0.5843437759342666,12.314189791566372,14.656563819141613
SUB00837,10,5.760036768452634,1212.213707985079,70.16326161720474,1.242478514361998,1.4914047070577376,1.0,1.0,1.899076420738832,0.4926566772763462,0.25896119522789407,32.62524497519084,26.438379884297603
SUB00837,11,7.032149931894159,1253.3681906636964,70.83651113762723,2.8394560407947926,0.6310381864195872,1.0,1.0,1.7796458288459087,0.5245660746233682,0.2625818761907994,22.915111686089084,20.539641251051055
SUB00837,12,0.0,1515.1700275564506,75.09023674488601,3.4445540105585106,0.6255642140049434,1.0,1.0,1.5416767266796,0.5244211747141108,0.5111184059538036,1.0,20.34668202950398
SUB00838,1,74.96010447169766,698.2898217502616,105.83221966078455,2.825576564821153,1.8927913179859204,5.0,3.1662215940848295,3.4636966767770963,0.6237842356660647,0.5432878856905046,369.13522752751925,27.224108486424175
SUB00838,2,77.18366809286877,453.6658600657995,94.50944842923714,2.436690220826712,2.3086688166722444,3.0,2.7989304772785353,3.4989317743278305,0.4193869892600157,0.336619851751811,212.9422467059983,9.819587558490383
SUB00838,3,74.67195749309609,608.3889054321113,91.88879826956105,2.1215610850881577,3.1965934737138135,5.0,2.860850314193065,3.9520865917001253,0.4276265784421539,0.4375102079445952,251.79063679367712,19.172019120276957
SUB00838,4,78.87520764377993,553.025686302814,74.49224390581136,4.186711056542857,1.5518833622727628,4.0,2.953695746418754,3.517281221144569,0.3514679294005132,0.4919526328721083,461.4239515145379,16.98936583592568
SUB00838,5,69.3140149030287,746.609396714557,93.12191447632001,4.404011593762673,1.508641885305191,3.0,2.8708558409882423,3.6177281172578653,0.3012552996919862,0.35576182077155655,539.8089722540126,12.81458401801359
SUB00838,6,56.74762614483076,561.8356454875653,88.29136213779515,3.6665402249940264,2.59378499420408,3.0,3.0,3.8557947645474027,0.6157923937269235,0.48630945698637584,214.3843305932874,26.13911158366477
SUB00838,7,61.328365363702595,531.0463855847338,98.70062015687719,2.304624376723896,2.884172223884315,4.0,3.423348906070436,3.6319584712895336,0.567005249542992,0.37390267121539156,373.90582881958596,22.651285458496396
SUB00838,8,64.3434288259797,595.298421575198,78.04453903318065,3.82928752002267,2.650820724876838,5.0,3.4859225824599545,3.9503466715152316,0.379788345658853,0.3831394184683178,157.86008636833088,18.909281872671396
SUB00838,9,84.44013282719158,510.96264809152865,117.71556115576142,2.222286603373406,3.1294341544399362,3.0,2.5300012355338994,3.4558492020292153,0.5217502777106389,0.26674239365097363,373.92569468960414,21.313920493541954
SUB00838,10,75.00895637837385,722.6076829183812,86.57287930021837,2.0329337999315986,2.5410960949416928,3.0,3.0,3.7675647131859566,0.633496931886747,0.3140148859675554,579.5646564172029,27.002278438258248
SUB00838,11,63.450511503802275,485.05291750429154,111.17114391084928,4.139584741525574,2.11350777246305,4.0,3.25377228827943,3.664432149396424,0.5927584461732516,0.5613936173396419,394.59950717643693,22.2956895249565
SUB00838,12,81.08770970001474,442.0322809232206,113.91253836267344,3.727562576534784,2.96490055770367,5.0,3.0644465123803,3.842815923684847,0.5587028053999377,0.5402170370411937,513.6568727498438,26.661988812005323
SUB00839,1,4.8472601547328615,94.86889163329438,43.24854829626309,1.3630166628682625,0.93630685194822,1.0,0.8264477353542761,1.0,0.3996496219636747,0.5340960277479272,35.88760774329308,12.018871246868516
SUB00839,2,4.720945847742563,62.476459019028425,40.473275314592804,1.2145217308074179,0.00884042799034701,2.0,0.947819430414409,1.0,0.2942921651049492,0.5025059009307689,29.24569021826223,21.719116833032253
SUB00839,3,11.697563542341795,139.40605096976236,35.510207642320815,0.0,0.9417336957025394,1.0,0.7037986739171573,1.0,0.3974915428286737,0.31852798291617235,73.77580307348983,24.818333027306032
SUB00839,4,8.038445413938057,144.06532383698232,39.68916298544745,0.9372001606488468,0.29438025267991674,2.0,0.5124228961595718,1.0,0.43783076342545446,0.28642749055838324,49.05017335673113,26.93226603682773
SUB00839,5,11.52081904705896,149.9807908806985,35.14072115322557,1.0748157216424363,0.26862333233547997,1.0,0.5028081558019657,1.0,0.5137174013694421,0.29980009279724,30.029187724750802,22.793912254606845
SUB00839,6,6.738572721410135,149.36738210729476,38.795287101939394,0.0,0.571589395903307,2.0,0.7252971453138255,1.0,0.15100126809611036,0.283481343869655,47.777519806986966,26.34787474422432
SUB00839,7,13.11869930867668,172.9059569408118,41.5035630718,0.0,0.8779572107462692,2.0,0.9202050565636398,1.0,0.2560439318971245,0.3866603474184018,101.91348280045794,12.529159043258367
SUB00839,8,10.514726322531487,104.28447103581536,32.02159681667093,1.0599566907508347,0.3035944700195641,2.0,0.9517083834216148,1.0,0.15409000411412355,0.5595573577826187,23.52124950084955,9.781434233959363
SUB00839,9,12.752591770261624,116.83413476898203,18.173073466920762,0.05715238733592254,0.057404099408089104,1.0,0.6587565170133447,1.0,0.5463063029704662,0.5307146708254202,39.816422388837346,8.751408691136959
SUB00839,10,8.811204136304845,101.83929130178794,16.892985669083483,0.0,0.5292917973765868,2.0,0.511115364307064,1.0,0.4919569056296099,0.4622457151910675,31.250307794121095,12.073509181993911
SUB00839,11,13.357554312848313,155.9330315819787,18.860627065450934,0.6284026156683462,0.83063883834192,2.0,0.6439122197956204,1.0,0.46692731713739477,0.4352964906933463,83.34739502009316,23.684349450954826
SUB00839,12,19.503145558585654,141.41819459296073,30.952954891976603,0.3238050460535593,0.18805647877828824,1.0,0.5651587541912634,1.0,0.36101233147770917,0.5889748940423236,57.41547427832931,13.669386646523458
SUB00840,1,111.50898201506142,463.68562749823013,37.53550201711979,3.8529046475648627,2.5103033033262405,2.0,1.0298161091218796,4.736561442146577,0.3024870825568188,0.2937209654748036,711.040870652502,26.558677163814487
SUB00840,2,119.61294857321374,521.6079545211176,50.60069909189339,5.6268581390532075,2.5703386427757327,2.0,1.4719664862138477,4.833052611106324,0.37619213205205304,0.44153174174028725,301.21347375282227,19.919306869464428
SUB00840,3,128.71825261501192,333.9550438578584,40.25825286343017,3.4787938398110945,3.0041584589736177,1.0,1.0,4.524444137889403,0.4680326828334691,0.5117101414176,975.789979184507,27.71969477703642
SUB00840,4,134.45704732567057,433.31670800484335,40.03717994621662,6.164682228748254,3.8580303244520047,2.0,1.1620622945496635,4.963496213728133,0.5349954031657969,0.2964422293793447,768.1134041921376,26.197393731966308
SUB00840,5,137.15348405215136,399.6770241651343,37.879763980315445,6.063158933537396,2.9397303401728196,2.0,1.4515417776692927,4.2843280713778125,0.49351922818164495,0.272696115343915,1048.2671724473148,21.52430154412862
SUB00840,6,120.61489377101286,407.8030801296902,46.872049184668285,5.006242662648167,2.849838994431093,1.0,1.0,4.318396322034155,0.44980607932478867,0.5842323374884222,689.0104576864138,10.051242699953713
SUB00840,7,122.63115209825834,479.1740279035676,43.958456106114134,4.429887265712096,3.6153055732119004,2.0,1.8655016623732268,4.858927975956009,0.6494678176185895,0.31410342066642516,372.8614785168933,18.89741075629927
SUB00840,8,135.82042972295378,333.4247763698989,48.35520792107954,3.26515060000683,2.5010171327997766,1.0,1.0,4.547415909189571,0.40064404608895043,0.333955815430263,764.3697549772583,22.16845396907064
SUB00840,9,132.64167286006852,431.56192332661925,46.06029197585977,2.607688673394976,2.7703884964573477,2.0,1.0882320103583192,4.153358275379173,0.5454339549968709,0.44436083060040354,1018.7546245975509,20.309971194797676
SUB00840,10,144.84224100320137,331.9093746638435,36.060942877106726,4.114526208405714,3.7978006490676397,2.0,1.990655229664266,4.594659087938281,0.5712909953607033,0.5652180517051528,420.77819633732264,8.797948157993375
SUB00840,11,137.99520244494698,356.8204293884059,36.25384407925536,4.393963029082351,2.5555374017340275,2.0,1.995076944461541,4.283507061463103,0.4977092934654479,0.2511691968225067,1095.3359371107235,23.454012888701325
SUB00840,12,144.6045492066706,403.7837334181983,54.69921987192633,6.0970172310912085,2.0242911465986433,1.0,1.0,4.905867225865089,0.35363881145573195,0.5790935592358082,309.0303478482186,25.482237081709666
SUB00841,1,2.4606739083417626,31.619391130898087,13.512316890122186,0.004066347549030069,0.1396032407085872,1.0,1.0,1.0,0.2222535919340901,0.5452277887413755,6.603881113885529,14.65893149967285
SUB00841,2,1.2735270853318048,55.20257947824932,19.244772630423142,0.0,0.4718117341442191,1.0,1.0,1.0,0.1582803388335447,0.5448901817152847,2.588105250279469,27.990992474970582
SUB00841,3,0.4896581198426172,63.74615038459652,11.351379191418046,0.48139125304741553,0.01238658209791782,1.0,1.0,1.0,0.15696019758905347,0.4805673024507263,2.9534915732416,14.176540382735332
SUB00841,4,0.5241044661734497,54.9762606455624,9.89551837138627,0.36954003075336783,0.00925039443558029,1.0,1.0,1.0,0.20313074115107113,0.3606515213872823,3.5253848353735573,13.476116331859615
SUB00841,5,0.35498564237393815,26.70245117099369,24.19880990915638,0.1442896512128343,0.09568591324354164,1.0,1.0,1.0,0.33678001496236687,0.539006131380835,1.2155376446904855,19.32689412449009
SUB00841,6,0.0,57.78150443086756,12.729992078757588,0.046939512813620965,0.022568643679278966,1.0,1.0,1.0,0.41775351673044014,0.28762297728146946,1.0,14.370239892746962
SUB00841,7,0.0,47.210997444553485,19.20677788797964,0.4615572031572005,0.107768343243832,1.0,1.0,1.0,0.4611842389877455,0.43741235499611464,1.0,10.587041843977714
SUB00841,8,0.0,77.96377652882191,13.28391649585993,0.0,0.1397022730782052,1.0,1.0,1.0,0.3259632702295455,0.4504380976284621,1.0,8.503034396116265
SUB00841,9,0.0,37.62689747857939,16.64417925848627,0.6396387093142462,0.050073256161060675,1.0,1.0,1.0,0.29856671414771385,0.43892906058974707,1.0,25.615076367553975
SUB00841,10,0.0,5.535914498258034,21.96463094507457,0.39963396968033554,0.06918513101471191,1.0,1.0,1.0,0.35345057519971534,0.5458011042053443,1.0,20.575801694063745
SUB00841,11,0.0,18.460493184780972,23.1728583600108,0.04420884091870855,0.48188553190230626,1.0,1.0,1.0,0.36764343379202347,0.4355230757774492,1.0,25.210655112326712
SUB00841,12,0.0,42.59221558328711,18.69501274005475,0.0,0.05725930754346725,1.0,1.0,1.0,0.5426484820270017,0.5356565081752087,1.0,17.053095434877676
SUB00842,1,102.26478848282663,267.0746481146117,28.855613852713475,0.48756281508079496,0.32449089776092227,1.0,1.0,3.3486236747095566,0.4934066137898776,0.40968220169637964,711.1137354443015,25.714660292210706
SUB00842,2,120.00101502783951,268.9580389651405,23.711117867746932,1.7017362850812012,1.2615372694016327,2.0,1.270546701380132,3.2009952984668195,0.5798357444524158,0.4339450885795031,389.4154687691697,18.928763930130387
SUB00842,3,111.36791200131279,204.4619827131814,34.766725555729266,2.0921779923817345,1.377372666672159,2.0,1.3723777291446715,3.650619847604373,0.581039666886007,0.5558839824019142,411.293373602369,15.67516873326767
SUB00842,4,109.21236925629802,314.94538734051173,20.759921394779273,0.16216418543171068,0.38175435822174825,2.0,1.9238896204209888,3.0926752449183192,0.4191437615396063,0.5436060263103939,850.1240212352668,11.844387367243723
SUB00842,5,105.17342984692672,176.50138359780905,32.124181147521085,0.2866724730339681,1.0614768968779307,1.0,1.0,3.318133380227696,0.3182571961140942,0.5763109477469187,495.5375498104601,9.3583788945375
SUB00842,6,114.14442328251423,317.08501842413784,37.389142470721225,0.8731151640998045,0.44200379894203656,1.0,1.0,3.1109548844995563,0.5909989369266672,0.5343227446277655,704.7642568046782,21.97390617867081
SUB00842,7,103.77194934044871,233.20886670304844,37.73202966301942,0.94801658600935,1.3675350450680641,1.0,1.0,3.4368714644230103,0.5431292928010238,0.2682586354426152,344.3866244783888,22.467651930219432
SUB00842,8,108.22124172595116,164.1083434216039,17.65139691787496,0.0,0.033285746789478154,1.0,1.0,3.428320198999687,0.2976797003635042,0.46750974973490267,587.0499819028394,16.14194473394337
SUB00842,9,117.94241052370216,182.929935202764,31.273581640360632,1.0117690565073445,0.08172168559604304,2.0,1.6157480795061032,3.002508804126363,0.5031799039331051,0.29751703271138175,568.1445838881858,12.344145965398011
SUB00842,10,112.16415074313836,256.1179203537241,35.90061615260271,0.5482206324703063,0.6502287984402857,1.0,1.0,3.291822138711308,0.37020303704671254,0.5027827416518866,866.749838361594,15.321014748380794
SUB00842,11,126.74180495385575,203.16230864606132,24.325181230531832,0.3991145675493206,0.34591758236434333,2.0,1.959483157954385,3.0227327696772077,0.5492017378116193,0.3176010946293286,905.5991224237845,17.404273317939577
SUB00842,12,110.72799711492465,217.12097081971748,26.973502795581627,0.0,0.30367010454797994,2.0,1.4023755487608425,3.175292789865125,0.3605164541388899,0.45209477813668497,792.2152732254883,20.581508043324135
SUB00843,1,38.536639573915316,404.6139785044215,40.99479261663982,13.536175201584259,5.453765233039907,1.0,1.0,2.48288147296082,0.5050820185629155,0.4996922465834265,275.67310841104694,13.456378203554372
SUB00843,2,34.12443413906134,398.82289263967914,40.95066641348712,12.065793197659266,7.59316328810489,2.0,1.3039879679601247,2.9731046359741176,0.45169328075167026,0.4050690899778735,155.0482710582958,8.87447331365757
SUB00843,3,50.43417496145541,312.84702802737684,51.59390518508346,15.681492247186906,8.844278263528045,1.0,1.0,2.4346124919993604,0.584181350944984,0.3270327723005358,283.9559161969779,11.775676591391585
SUB00843,4,39.27537316699118,260.9678363527196,31.650517390733157,13.822120895789556,5.568774613113051,2.0,1.1186418575654853,2.864295770843799,0.48140494065617,0.48111823962643685,233.92901584863333,25.564900020354546
SUB00843,5,40.228719860927185,382.81957873395794,35.186610360395726,14.456165687676107,5.375222984010724,1.0,1.0,2.617680441593229,0.22399643439091632,0.2677595118179619,127.88308477781364,12.269330724063426
SUB00843,6,46.13019793180462,294.9724016556493,50.992023791524,12.947659763740822,5.298713955846324,2.0,1.3449142678992079,2.3972932908432796,0.17435632880589896,0.5465685456112974,312.5550382177405,22.32625858479438
SUB00843,7,47.33755062209676,242.92089162108317,32.295920223663416,10.057534260098297,5.504889016778993,2.0,1.8745515279271903,2.8985478967905136,0.5432005915386101,0.2707667458800149,343.2564925791209,15.763471575549364
SUB00843,8,30.80346547603721,370.7196217756968,47.90680004526967,10.787386916315015,5.342212767209299,2.0,1.399753227909071,2.7386634985548204,0.44922759716366567,0.32307684269762693,66.04792097971796,14.23566117367459
SUB00843,9,32.99198394476846,276.59345021659124,57.71878385706775,11.68709609270323,5.182288324959831,2.0,1.279211083265854,2.0972509725737707,0.41289000674522924,0.4302714251602484,208.14283605626756,20.12723586033235
SUB00843,10,45.240175996844904,337.38357202255963,54.27655399103077,11.423788561466065,8.483211797713409,1.0,1.0,2.5498517556091342,0.23911294738852326,0.44488503654715206,351.68148377334376,8.428688982411124
SUB00843,11,32.370869126356155,401.3939064502669,35.76197360216868,8.804405362009504,6.409863186970765,1.0,1.0,2.940596155759256,0.30519019972846584,0.31446181333742074,213.92221365317724,8.01037452584165
SUB00843,12,41.00425213617449,311.87058406985244,52.11249080206032,11.915924513933174,5.736646517046211,2.0,1.881292586250089,2.0957487080741823,0.38447858254968414,0.25474481613622385,302.56993103928437,16.236809182359075
SUB00844,1,2.558162706411961,1216.2708523471508,75.68464494785526,0.7713922064691371,0.26058006100576775,1.0,1.0,1.5176775552188866,0.40582321505516383,0.359723378782757,14.319437938362583,9.251989062308818
SUB00844,2,7.691018366394181,1525.2157540270216,40.58821341400561,0.8005955143166754,1.1591601073838798,1.0,1.0,1.3948442231232727,0.23569358248751202,0.39942096275437045,41.998974401631855,22.316537924882475
SUB00844,3,4.5757980719303735,1612.0112238045172,58.58787063416946,1.6631503444777742,0.9395570433187548,1.0,1.0,1.441942425750338,0.5008254608245272,0.33390028314340947,25.402926913524873,17.204526296397418
SUB00844,4,8.313002318823516,1470.6972384096239,52.221571788788616,1.6748935485565073,1.4271725885215523,1.0,1.0,1.0362507270647021,0.28003006979311007,0.4450750517320472,48.656817693802346,24.653698580107367
SUB00844,5,6.82802223582792,1727.9701479563814,51.915567211548925,1.0898128401696097,0.5823967265121297,1.0,1.0,1.559552111215425,0.1583113951149815,0.4276960811500119,30.39364169885625,8.639738995684825
SUB00844,6,3.6900009073266737,1596.6035556617244,71.60071714562815,0.404575749837234,1.0840001755784139,1.0,1.0,1.0955823663723396,0.4778356547803171,0.44936459398644396,25.037029596483578,11.969589526722855
SUB00844,7,7.399650543110833,1607.881072726869,73.69393268257505,1.016112315523397,0.196549156004087,1.0,1.0,1.6639868175112142,0.41423812153279926,0.5364504858215465,45.35762876923956,15.775725090602903
SUB00844,8,5.318412900035578,1296.787158907149,79.76708082337692,1.673390968174465,1.1863811625528309,1.0,1.0,1.5720841285672855,0.2799055043241073,0.27483187168074097,12.152863635949126,11.148970988023397
SUB00844,9,5.6822946016616385,1289.5595883509245,79.32158532816631,0.62207180993672,1.0760984095868227,1.0,1.0,1.4896070712566643,0.4795517338297527,0.5918040246906469,13.65475969128057,23.36571162645996
SUB00844,10,5.868336774395507,1238.6154862948301,79.69802841548695,0.0,0.9057183364939863,1.0,1.0,1.6907025471291988,0.540387380038417,0.28755282537150845,20.04103134935454,21.546005714692978
SUB00844,11,10.25633831870078,1377.0718516846773,52.01893473057523,0.0462427156831573,0.6136546980932744,1.0,1.0,1.6141964349904852,0.31860454519576425,0.43197861240018604,69.13691231150521,20.50470311075302
SUB00844,12,10.945838058751013,1690.9419288236584,54.67740251167095,0.0,0.47107589653045795,1.0,1.0,1.5938914490818523,0.25993908338368027,0.37536762093985965,41.02293931229045,24.688922218147763
SUB00845,1,73.09293869826526,632.2314535175852,97.70019738791423,2.620478679824774,2.118346114557586,4.0,2.8428882007161547,3.9502831655109985,0.3233607830070344,0.5283429153001239,218.66247195935244,15.12781539740691
SUB00845,2,70.66214586454132,777.2155418133801,86.00258403846331,2.639316003329633,2.910282306796438,5.0,3.122597844142936,3.128800052887631,0.3493100972466522,0.34896555285186837,432.75540864421373,24.652752338327797
SUB00845,3,73.26991850355981,633.7301719293026,79.52054486599778,3.632739976633798,1.8658686192714216,3.0,2.526462691388589,3.7891199948927463,0.2575859636871364,0.3179095422807958,443.9630963626754,22.16319271245354
SUB00845,4,77.50427071561292,819.653978061808,69.01635059345799,1.9856156401616298,2.612029155621136,3.0,3.0,3.7326518657876124,0.37760691341709773,0.5232387162311594,549.1261758820851,13.651455814645294
SUB00845,5,60.41163746449559,479.36969653556497,111.68704700286159,2.660765706429583,2.757597716716721,4.0,3.397506017140967,3.4538110567009226,0.3018359943107314,0.5917764532906615,256.00915480258516,8.625671228303837
SUB00845,6,80.76170069936695,733.683466182943,88.02493482916643,2.593596885527376,2.028911339444119,4.0,2.666127197450942,3.7710027887725457,0.4305458731490731,0.28807602950165645,499.33654551472097,22.977437627674206
SUB00845,7,53.481287526991586,742.3479180739034,94.51084670781056,4.574443539699734,1.9430745202322186,5.0,2.7541998838431367,3.514962838561906,0.46947923660858215,0.25286368285082433,314.62367073553526,21.371244863139754
SUB00845,8,58.266687933125844,701.2578215677345,84.55288876576877,4.783608613337515,3.116278459984512,3.0,3.0,3.870366373748297,0.39973637655852323,0.26738432021070213,444.5924370222814,23.176061640165337
SUB00845,9,76.94029947120295,764.0586568372663,84.42656081626538,3.9395061014562525,1.58880647727564,5.0,3.369940909164642,3.3430240174703694,0.4522797164856358,0.4891687708994096,443.9577385178683,18.39289449305084
SUB00845,10,61.68432863226646,718.8669240462456,97.58894688449882,2.229321868369405,2.100647421296465,3.0,2.790907557500743,3.6221971801411916,0.3197926331920824,0.3867203898787055,172.51600896724216,15.452688980158326
SUB00845,11,55.59766464003534,489.57258732225216,77.72101121119957,5.14723232521639,2.640327963674557,5.0,3.322143925411204,3.9765824013987694,0.3533216607447921,0.3056341278027746,359.29188551557604,23.258987654531225
SUB00845,12,71.0222053544759,535.2042232163229,109.62113033532142,4.174909631429547,3.109085279889195,3.0,2.753641327139479,3.4103018111892465,0.616378515086194,0.34269723640433986,366.7083918049365,20.636730569542824
SUB00846,1,4.875389037819023,107.16660253164284,32.615290268943085,0.1622400483348479,0.640705221533297,1.0,0.9323787287033527,1.0,0.38988670027291583,0.41354824139028934,32.27463953158416,17.66531758995846
SUB00846,2,1.7709399480354964,120.93885215594295,42.136135332242304,1.111619116725773,0.11474165349253518,2.0,0.7257592509450883,1.0,0.16855098429235296,0.3652141458536156,7.21111359578183,26.106635159157374
SUB00846,3,8.478662203042948,52.23026967669309,37.95100052224677,0.4871008739080144,0.3198707542396868,2.0,0.554249723223398,1.0,0.19783285012967183,0.45482586515649626,66.11923711507943,24.113482771966776
SUB00846,4,9.109271617832848,99.53458277244097,28.635484186803914,0.0,0.39574945801399763,2.0,0.584740013490176,1.0,0.39880788463628913,0.439732477902135,38.84795209331099,12.921298522347895
SUB00846,5,4.216103410942194,63.44541822480809,16.98039464950059,0.7645187693654446,0.5331122232204295,2.0,0.8016844424665406,1.0,0.47528728775663,0.5874611027374621,23.105747519736283,10.423306478411472
SUB00846,6,10.353148211346936,133.0524545421475,26.453143326403485,0.854814348465382,0.8244817228085319,1.0,0.7164259424217105,1.0,0.4764239358836335,0.5558082667349123,56.42550108799612,21.744040103558852
SUB00846,7,3.1466848917672916,139.47981475851265,27.451592203739196,0.8989088209789495,0.6307012100614678,2.0,0.9951343067748615,1.0,0.5399601343936977,0.4105506201436554,9.563819568794989,23.98024284860912
SUB00846,8,5.241575865042711,73.27591534957185,39.00895074051142,0.9800601996037289,0.8919202774010152,1.0,0.9424811945888725,1.0,0.17918280393685304,0.44890453507635775,13.289262322454434,24.60215185904001
SUB00846,9,10.150371840571815,85.9827692662309,27.099716225438243,0.0,0.39586166394002764,2.0,0.6564224102328564,1.0,0.5240579795625998,0.27777436633162195,27.117163203809493,26.09392059302183
SUB00846,10,8.46537938387689,82.18935941769767,27.020679279988673,0.5310017731356809,0.8813176256686687,2.0,0.7892114005768871,1.0,0.4066632929856254,0.3737515910167071,58.23503089356935,13.65646805636602
SUB00846,11,7.148075446766354,81.68354828932803,21.4441482264804,0.9263666093595717,0.7679256835560051,1.0,0.9863361433168956,1.0,0.5073140776761205,0.47759149357775743,46.865927029027624,27.57929902878137
SUB00846,12,2.9707678762039045,79.39744335163029,34.454691736457946,0.0,0.31570126552309263,1.0,0.6456816555891332,1.0,0.3148347008406792,0.49611403561056955,21.347668390141422,21.697791875473207
SUB00847,1,114.90650758679902,380.1613388012455,47.84060833546765,4.76858831463543,3.1275229564395355,1.0,1.0,4.132727874824605,0.4282571287571382,0.5039130054611032,898.4145044693103,21.715286208145336
SUB00847,2,115.85310301528735,472.08532829528167,37.42358617405386,6.644234252967617,3.438778866709127,2.0,1.3711647969505898,4.166116927331826,0.5539057543131584,0.5152432781762244,429.6248259653772,19.58643576465091
SUB00847,3,133.76247768904923,533.8393989603745,54.2915683002025,4.644622734078528,3.1045769578899005,1.0,1.0,4.749798115426202,0.6398624025687794,0.3011432191722705,830.8530546281619,8.99366168637414
SUB00847,4,137.80305225915808,329.0275094442823,31.829880550999732,3.8073159730963404,2.4605550215885312,1.0,1.0,4.776308242804611,0.4429573747193012,0.5681564591494841,751.7776833168732,22.88557338442225
SUB00847,5,132.62371388520947,517.8528751089694,46.205580813275276,4.46813159162164,3.9751839047639974,2.0,1.986830263982557,4.032551716349548,0.5329617505214327,0.39620462000517365,516.0234039039699,13.501600503548389
SUB00847,6,127.92419204099932,419.87982833251624,50.776961774868994,2.5906465892662536,3.913736736423939,2.0,1.9619080345115958,4.066683053958826,0.5423216366601468,0.2857621994859365,392.6288043269747,8.59006564322312
SUB00847,7,122.15592613630248,517.637640348782,37.55960092495992,6.615188943717636,3.3017128530540267,2.0,1.4225762653996434,4.348824407372279,0.2581629684966363,0.4481529025957676,820.5792372207318,26.168891613250416
SUB00847,8,129.57874625142387,322.6536083196109,32.131211542263,3.7759624289783726,3.886986366922375,2.0,1.8294208350406227,4.609787613625334,0.5459816262136958,0.4305817207591001,671.441724800217,11.336923510687608
SUB00847,9,120.23204082288966,362.5869445878396,38.007049971870586,5.112797469971512,2.4127249089292233,2.0,1.5741232847707902,4.509826579030455,0.4364218976908323,0.29358000237255716,532.8702361618642,26.57979350347795
SUB00847,10,133.60257027902472,373.97148871207713,54.071431369414604,3.1934371816626657,2.9056279885973377,1.0,1.0,4.221582010324935,0.37576283055940496,0.5497287561382085,839.9954640814387,19.6814598560517
SUB00847,11,110.05105078029405,552.2509457696262,39.17959083425614,2.3700065852476087,3.1952107090628834,1.0,1.0,4.876601959000526,0.5210704942501861,0.25534655348354174,787.8780124370454,26.98443295558573
SUB00847,12,111.50716749915544,399.1435817765779,35.06684128121531,3.9810351988228465,2.302640209037117,2.0,1.1237224824506615,4.811907459391425,0.4703761561898855,0.3663108776656496,705.3309960189738,18.589135954857795
SUB00848,1,1.054061746111569,62.30405789778709,5.0213170743645374,0.07852102605133386,0.06968980251885859,1.0,1.0,1.0,0.3111412349994318,0.27471446607640404,5.271376312537826,21.263736924954344
SUB00848,2,1.7751131344922266,61.50891897691423,12.527894140533963,0.34851872982318793,0.46761267158087205,1.0,1.0,1.0,0.26197744649165033,0.4190929496081286,7.469011514918793,12.721385120634167
SUB00848,3,2.8334278952982874,97.67890728867567,9.096424025669725,0.10907836814960392,0.3932657077370314,1.0,1.0,1.0,0.1798083422940285,0.2844775847644832,12.050624555930117,23.670016839263905
SUB00848,4,0.41171957316418295,24.616945742358688,17.65552452681622,0.03278721049972261,0.4194972336153671,1.0,1.0,1.0,0.37209498268734553,0.3344683186449774,2.208929786201289,13.310031823607863
SUB00848,5,2.206585226509068,78.35199933878788,13.801035590042606,0.24530232456582773,0.19431485532258136,1.0,1.0,1.0,0.2418544836318417,0.2842087613359727,6.3519301662285,26.43528165873893
SUB00848,6,3.558805420553142,32.32197768329029,17.856389604813774,0.0,0.47089673432099766,1.0,1.0,1.0,0.4367188528696132,0.47552651748212105,10.25620451470816,25.654389741606018
SUB00848,7,3.755074252862238,73.84863529261993,23.43174366238499,0.0,0.21958084905007014,1.0,1.0,1.0,0.41703911840127084,0.46697987042080047,23.33134301733629,24.590162042405154
SUB00848,8,3.2747911289259672,54.155316040312805,20.137004823494664,0.1967430105177882,0.3107187862418164,1.0,1.0,1.0,0.4182074438341763,0.274129788398903,13.224669077048043,27.845870797846587
SUB00848,9,5.649780311488334,15.59128839168676,14.899470555485767,0.0,0.1179759715435939,1.0,1.0,1.0,0.5310528818495288,0.48648912880106093,18.97978536119224,27.3915822065602
SUB00848,10,4.60775530433592,69.06895167978696,23.461285822661665,0.0,0.028432236749005857,1.0,1.0,1.0,0.5195103608301803,0.5691752306842031,27.463290715289865,11.78487149275169
SUB00848,11,4.547071840619068,67.5465921086644,7.625534188132845,0.0,0.06802303010805139,1.0,1.0,1.0,0.5266771775750875,0.3911058155996837,34.02171979126953,11.099725429087938
SUB00848,12,4.671247049851813,69.7824640719842,5.561005186444403,0.0,0.042466837140005376,1.0,1.0,1.0,0.3287454389623619,0.3830252743562611,23.355809547110777,10.965353330095887
SUB00849,1,110.80845446353703,307.24400522077667,21.221172503073937,0.24517689066634768,0.9795214205805087,2.0,1.9347327334773312,3.3627213241042715,0.25745046616628037,0.41486181067393213,701.7625328988795,27.824870006176564
SUB00849,2,124.73318339956958,178.38833059413895,21.979453384186506,1.5097359826070649,1.0193085744567014,2.0,1.3270751747996417,3.8089620710822083,0.46413781073247806,0.5749968525138491,748.8413891821946,8.876819000321287
SUB00849,3,107.77743225708952,288.2994301321737,16.47195378589131,1.4077670390916874,1.007150091315234,1.0,1.0,3.1439666682667364,0.602608919264578,0.3632342158196491,737.1803636341265,10.653832730711411
SUB00849,4,95.63482435375187,271.89201093724,18.837763055723517,1.9781987317449898,0.10770827647972653,2.0,1.902143319317314,3.6013352717523395,0.3160816536186327,0.5360961206405317,230.0154662384999,13.88869894239442
SUB00849,5,92.02146619981703,259.5781081990944,23.474217097381697,1.6784163936645202,0.522058618684508,2.0,1.2521892090605338,3.898568461613963,0.4430910435915899,0.2909925119828858,435.5715003817267,27.12518213567685
SUB00849,6,99.52780822851827,175.62525171060636,20.185015215266347,1.7988992501981231,0.8023639415848061,2.0,1.1677711684008685,3.238524466532814,0.34941519395804344,0.5805985575689672,476.35640459937923,20.859419184681897
SUB00849,7,114.10456503408794,242.24813675973863,19.848172414266497,1.832791718481186,0.8924105609131174,1.0,1.0,3.215657407784918,0.6170579583464691,0.37418199965742754,709.9991690671567,18.253752336787144
SUB00849,8,105.41209101172366,179.4726211536246,32.99791264053516,1.452509805078035,0.1214790361014017,1.0,1.0,3.6390918411185194,0.4600313997191364,0.4327227149890456,526.6442292590236,25.64127028252841
SUB00849,9,102.54503337234007,213.02162893827688,34.319701248124915,0.8535074691206974,0.1150426244894257,1.0,1.0,3.9697194167062104,0.6162256600893757,0.584686187017582,703.9797840233128,18.115618868634286
SUB00849,10,102.772589186498,183.71083288456873,37.93112617396801,1.1156173096259183,1.3438439003071971,1.0,1.0,3.125508646295171,0.2616995705540191,0.27499970936841994,476.42791711714887,23.13664401377566
SUB00849,11,89.82361723942283,257.0316419394833,30.00775671898807,2.359230204583085,1.1192355433491454,1.0,1.0,3.5462618449093073,0.5866200177202477,0.3524720539502354,466.778102491156,22.830071315453264
SUB00849,12,94.76026498038846,246.0034054730602,25.456193973143897,2.95392235583071,0.9519883634734458,1.0,1.0,3.4103463419162936,0.5085435343052847,0.2669204478678913,336.54325561145504,14.12784838024192
SUB00850,1,47.49630527762816,404.90006517821195,63.097353223215805,13.12097136718932,5.8075634139397385,2.0,1.9980736392041563,2.534470578566149,0.17279756473205365,0.48685077649212793,109.01444841278807,21.55405706137352
SUB00850,2,32.28176980897692,373.16401817498104,47.37226694567998,12.49389255566145,5.849490523870367,1.0,1.0,2.7730383007243966,0.22125879177918373,0.3784621227656948,86.52216594843055,26.67278717434196
SUB00850,3,37.99454586917618,266.6271498867966,50.985653987625064,10.384363644132566,7.722670860444875,1.0,1.0,2.7141911992021637,0.35280555153967375,0.5488147345942975,269.45241932595746,20.686035741046716
SUB00850,4,36.23472479250293,349.43039082713585,52.87572665449291,14.259718639362973,7.824812327470273,2.0,1.8450832739862522,2.073672731417026,0.3447091509788335,0.3609764534991078,283.94648138590424,17.913423662945114
SUB00850,5,29.88338282794211,317.8007917004106,51.31933783963433,10.57645021797605,6.36233861178369,2.0,1.170218821469684,2.0687928252439103,0.3568078172040734,0.5759797119494072,210.86657788834336,17.96661097290083
SUB00850,6,30.68995478616624,255.50767411231226,56.7015033304924,10.633946144020003,6.263095978322738,2.0,1.9069715950369606,2.9312421947771776,0.49543173938101126,0.37056704058558426,104.25280827721727,11.416127820965592
SUB00850,7,41.02836819601674,373.6546325620392,45.06479167149949,16.198975056587667,8.194127251523035,1.0,1.0,2.0144748218215454,0.17225732300307617,0.42435946417730486,302.02187383251425,9.4582052892953
SUB00850,8,35.26129339542774,309.4303547570173,57.64569212835409,16.96744682902701,6.393276788129695,2.0,1.4923823107645948,2.227769030561656,0.2308450730365296,0.3925009619023838,157.94178708405485,8.044239272513831
SUB00850,9,37.871125799964005,240.69051423330902,62.25418875226703,14.118912229814127,5.9367479903295495,1.0,1.0,2.5286539759338886,0.38469059140363093,0.3334437266097026,229.23622547912444,19.014036545702627
SUB00850,10,33.10094853190199,268.69362181479875,45.43896076872832,14.688234224337181,7.436145780859128,2.0,1.6076478254824467,2.581019586796961,0.20935589289854364,0.5920596663315718,133.98625533801402,8.404444696598778
SUB00850,11,41.11942829325305,404.077067091777,30.220965321286528,12.563792709905655,7.957959465106423,1.0,1.0,2.8318179745460377,0.2831680063272667,0.275827855798691,274.75937862186504,24.449058160612168
SUB00850,12,45.57274464233589,240.7538440542441,54.47371074073182,15.996765530238331,6.152936783219378,1.0,1.0,2.899384486517231,0.2042280704195313,0.5603059030447618,290.38994406509147,19.321574274711516
SUB00851,1,4.54948798506446,1263.2616134788343,40.12193390150137,2.6774277887404208,0.20217268609061795,1.0,1.0,1.6679851179699574,0.24982469057232365,0.5339071776739331,26.383656222705294,24.335859195454002
SUB00851,2,9.93401545322108,1235.5686779062682,57.537605779838984,1.1240871604070288,1.0219393966028767,1.0,1.0,1.925463368011024,0.3672065280288582,0.5239081167825685,78.32816836086891,22.990788855736863
SUB00851,3,8.783175810472642,1522.3725261941836,56.783554545272175,0.26151789210291476,0.42175669980603,1.0,1.0,1.578149404385421,0.5486440183981418,0.51843821496837,68.60683353324053,27.755252047811748
SUB00851,4,10.56899138996505,1790.8359886273854,67.72186488051713,1.1479674767380998,0.37711369131248035,1.0,1.0,1.7973082665799527,0.3321809402091449,0.42922243647701713,76.13800442776628,17.394877916131293
SUB00851,5,7.4908983111050915,1204.9580706347458,73.06471960767833,0.6917486230475962,1.4069972074276265,1.0,1.0,1.9452851787860537,0.1712677042993369,0.5156617479468806,29.43731335797463,27.210185884377204
SUB00851,6,5.910003136277478,1786.9846387122927,52.51501077970131,0.12953720788966588,0.1988747293255419,1.0,1.0,1.675817197604779,0.3350185891201294,0.4264698498163024,16.449330538083167,19.630313525894593
SUB00851,7,14.47040502914728,1340.5439426949783,67.5755321204802,0.9708370994132846,0.6269147643017925,1.0,1.0,1.5522991674412423,0.5221072500436987,0.5940878647646051,75.55553428283042,26.21918982209175
SUB00851,8,11.466217468460975,1506.659885253855,66.90344742391716,0.3964749843604442,0.4464675823913408,1.0,1.0,1.2062849514879357,0.5426142013008477,0.5302924196412595,51.23742864690297,21.62543743500229
SUB00851,9,6.938707856283993,1268.3783795338038,71.08252159354538,0.7257110723769956,1.2045121487239665,1.0,1.0,1.4554790728986764,0.21209652131898554,0.5608334211722735,35.31991218322417,16.631429869159213
SUB00851,10,13.795606638437409,1207.8416888948948,68.1145008518775,0.0,0.32215066500459805,1.0,1.0,1.0997162127398634,0.18327444468127804,0.4979519800250098,107.11314982007566,19.749301170667337
SUB00851,11,8.055375100554498,1737.9100151509103,49.093779125558164,0.0,0.8495800045024037,1.0,1.0,1.3740809965364686,0.34030126562897506,0.4842646718377204,64.39638338405437,24.165828114963013
SUB00851,12,14.473047567370642,1784.6530857486678,51.241986437140525,0.9657799221750893,0.48199787500518143,1.0,1.0,1.598436648687436,0.2956492963966686,0.5146697129809755,104.11072289355243,15.768029280944633
SUB00852,1,71.41449137312813,747.3405717002576,71.4547981206066,4.852005886664197,1.9319403607774943,3.0,2.5316484044824814,3.1718025088855852,0.34966876438271544,0.41317716480950284,483.32902339571234,16.37890086591851
SUB00852,2,61.71233360557838,587.7840908048973,111.21195798369465,4.265382557415873,3.369382432503304,4.0,2.8692487812262653,3.621832615657209,0.5164829818249158,0.4273437267137966,442.9421450162751,20.382015832488698
SUB00852,3,77.82264693667021,777.5716470957605,118.00482640943517,4.404256234914841,2.4862658507990245,3.0,3.0,3.128454603603159,0.3494566488870685,0.2876029971375683,213.0260721672046,21.079559763835555
SUB00852,4,61.94772592508102,729.0581983368338,106.67183411854191,3.2457997546647586,3.26740033120876,5.0,3.488536134817103,3.9158139874889484,0.5326688259579541,0.36711137251665765,222.72016429171413,19.124398184195563
SUB00852,5,61.61986217300134,678.9979706155632,99.72857825861263,2.6228147126863375,3.0977831275698424,4.0,2.9695071488571934,3.3833062265502645,0.5690784731425949,0.4779152307355395,304.755050654121,26.064091003412134
SUB00852,6,54.722879705238256,660.1367720593652,82.13136874885527,4.031850251404546,2.171305752711191,4.0,2.7765525491334473,3.2894985712721407,0.38748687136170257,0.42037676693354586,110.7008431253711,25.60804658413511
SUB00852,7,52.89838520381775,707.3947295567481,63.79481028915807,3.719134118718423,3.3801981660462297,3.0,3.0,3.068708753637858,0.6493045531874755,0.4870692915510288,173.24423501631378,22.018294311160176
SUB00852,8,56.113054265750556,545.6548770422768,73.15038610171466,3.8174529750817316,3.2629725497627273,3.0,3.0,3.0356508420733204,0.3150842834820268,0.5243607215208763,425.358764185496,9.997376840625002
SUB00852,9,50.65707018122102,574.7010688807632,67.22924579925436,4.757933083910791,2.089459781109908,5.0,3.2773788220045343,3.4997124352045796,0.5996908284470279,0.5088463334102474,319.6480405633774,19.596893841802064
SUB00852,10,73.82716837302414,718.7375697442031,83.81791466293745,4.535225145753541,3.426166013137762,5.0,2.9454521897978063,3.049513463420538,0.3155652443450232,0.43278381269016275,353.24348726861587,26.53912288395357
SUB00852,11,63.305478685672895,537.6815344168762,94.40392877238213,5.403688625461826,2.3301614538870155,3.0,2.577455942329723,3.2261387653704507,0.36393372637603605,0.4386926332383132,194.94147828610576,12.65034812602358
SUB00852,12,50.77481489177114,643.443036533688,65.86231127364503,5.494467646486975,3.489905538205121,5.0,2.696314257142466,3.7804130206651543,0.34692991577597027,0.4136396970781111,244.46074074062255,25.448893476974852
SUB00853,1,10.22987040002042,124.32936750906556,24.13129465860962,1.9103355729847946,0.46303542306608825,1.0,0.8958320330585016,1.0,0.44329759966667537,0.5723511038493339,41.21785282204702,21.19913005502856
SUB00853,2,3.9772563473975895,115.70663250250783,16.720707884998877,1.7815953956560753,0.05225891460129961,1.0,0.6193263012912059,1.0,0.5171481718491541,0.3549434308736834,16.902901632850845,12.925144136263802
SUB00853,3,8.249901987885982,108.87928603388318,16.126681630629584,1.5990154510847376,0.2727303306335148,1.0,0.8728519567300248,1.0,0.5363980236592091,0.4466668996143064,64.13148548416574,27.43969646440096
SUB00853,4,8.352628772895518,150.64695693267794,30.94318371971072,0.31704233708755786,0.44013345873228993,2.0,0.7465131269948764,1.0,0.2319574999668334,0.502815012219652,59.33735244497455,12.822503859507346
SUB00853,5,10.09674519550376,108.69050199047615,36.553363317618334,1.5698705257479832,0.40905184384924154,2.0,0.5510914454704401,1.0,0.46180469335873664,0.4407417622072705,67.56757374846256,9.644467370533274
SUB00853,6,5.413971004912226,132.2971420269838,26.706159625821236,0.8644316265722226,0.5658011119992927,1.0,0.5571754339121247,1.0,0.22941456823740078,0.4385834262708813,39.91741886573171,25.550330668914015
SUB00853,7,0.3367029047468755,93.77604710661558,15.97369755333079,0.5238206138148509,0.7418757939288899,2.0,0.9025982437442983,1.0,0.4815149591123994,0.3041816569663231,1.5302127999559747,10.60443346943597
SUB00853,8,1.7922253789346358,167.29914126720888,15.155203202402431,1.0110450423393842,0.09880611253456895,1.0,0.995322745833894,1.0,0.42286097778958565,0.4703310166236756,12.069713219194442,10.317293107884046
SUB00853,9,9.77472108625421,113.38889561376112,18.30663197555924,1.7847270184372097,0.7195229794030455,1.0,0.7852817677168482,1.0,0.35865445135003127,0.4010156795970491,39.99901892928355,27.70091038687881
SUB00853,10,6.319241409780508,81.79454096733943,29.214575431426898,1.0851130070892814,0.7016615188850266,1.0,0.6628642106740965,1.0,0.4931984508660948,0.4692031588884067,22.561621589781527,9.652162529240409
SUB00853,11,8.427683745811521,117.2977914866513,19.71446055434859,0.8723376226138315,0.6377498063768864,2.0,0.7935914613282036,1.0,0.5321020761762942,0.4842766295066381,56.627383544315215,14.050612836482188
SUB00853,12,5.840074576002987,95.11801906379938,21.692006916633353,2.1946469189843714,0.501785192669884,2.0,0.543882082580432,1.0,0.48521946409931205,0.5623675799939348,19.972144062592797,13.655666379321229
SUB00854,1,136.07321362163697,392.89680469884956,45.56081636083194,5.658972649570706,2.6083317810125815,2.0,1.0894859435411286,4.289586527822603,0.6046734681650838,0.43892751669952257,747.9491654620697,20.564580604756742
SUB00854,2,127.02677490732543,448.49976519798327,31.072405443243056,3.815276543751982,2.0400850294093806,1.0,1.0,4.297695901446042,0.5817786755976319,0.512594583610096,723.6377412767872,12.62015493770358
SUB00854,3,114.20418163935598,524.8149236073718,47.76200001573815,7.00760894985485,2.505451750336483,1.0,1.0,4.081343969474947,0.5095949276588541,0.4028986454055764,266.20856626550136,11.833444739445548
SUB00854,4,128.47772814490793,369.6272277353092,53.148815663069804,5.146533945736614,2.815201068969153,1.0,1.0,4.462959973252165,0.5481051755287335,0.3818816025460495,676.5572077106015,15.51369868364794
SUB00854,5,111.82165151607173,556.2417002101477,48.502914655507496,5.003946838863814,2.1170706431150657,1.0,1.0,4.9000453400356045,0.5173998066904272,0.3906624078855766,615.2808028086,25.079697473912226
SUB00854,6,115.53781345039711,438.7132886257119,50.04395106294841,5.214297660323491,3.496811760533682,1.0,1.0,4.531406423929873,0.3508007968768836,0.2690412959182778,795.138857258457,23.197514359465636
SUB00854,7,106.58723710082812,486.11775090568995,34.80105818218725,6.795998288171706,2.1763704956020185,2.0,1.5193193934055702,4.769288575079682,0.6138958195473264,0.5953223659693747,774.7056679598879,14.9419808749179
SUB00854,8,112.35700416624063,458.21375972569416,46.439465069165365,4.613722400842109,3.361455342270041,1.0,1.0,4.446725489975868,0.40787049608501547,0.4403144637386869,617.1405080627352,15.014632450862024
SUB00854,9,115.66680681921424,420.86282918483937,45.50748052067278,6.343399132217025,2.3507729825731927,2.0,1.6115650070904548,4.623532491264163,0.30502077542983647,0.5191424184001558,268.9949954757574,23.51078440115637
SUB00854,10,106.59255973429991,354.39870114170026,38.00049720100519,7.705559069661857,2.264217749422325,2.0,1.1753652929363563,4.064748191966204,0.37866940516217895,0.35896519473853467,711.4806251799589,9.275447114487724
SUB00854,11,127.66724382011505,389.9973161131694,48.12642688345396,7.604444896850786,3.8714926224400203,2.0,1.1445984177898456,4.143118906648164,0.4413652341198092,0.41752922651586366,684.1605168153064,12.399948962823633
SUB00854,12,113.61707514415,450.8361782903477,32.81646173112335,7.081260853193218,2.6134865645099303,1.0,1.0,4.168175156477342,0.4939555991209035,0.5559014325011644,496.4273182576534,12.317776456065108
SUB00855,1,2.4205316473440224,41.382883891509344,8.78451808977844,0.5386988836261173,0.05005541480024456,1.0,1.0,1.0,0.16528093595360102,0.5267777316088509,15.66170861317475,21.421140661277498
SUB00855,2,3.2923086333450393,66.48445425114036,22.067858297058656,0.3503646896695799,0.3250298275090578,1.0,1.0,1.0,0.3958876429956788,0.30007719019639495,23.275349168824487,14.565451465110996
SUB00855,3,1.3286230814377065,62.02421191864408,18.037051337226913,0.5252418958874312,0.44148318352652116,1.0,1.0,1.0,0.21254729715130244,0.415394503605406,9.82599754080482,23.560727653916032
SUB00855,4,3.2318349738057117,34.11525359351339,24.892392950946427,0.0,0.1217149439718222,1.0,1.0,1.0,0.36427959615687044,0.5556603938584628,12.45265102497811,13.261134649195256
SUB00855,5,4.129565038050952,18.499307818516066,5.932529820552315,0.0,0.1718832792746473,1.0,1.0,1.0,0.26825245607872367,0.5531069192318077,25.956599060989863,20.761085980560157
SUB00855,6,4.7151997410412845,40.602587041288295,10.44763210687178,0.0,0.08901137302207252,1.0,1.0,1.0,0.27870443136644074,0.5338260923641875,11.84624556534808,8.418904890431023
SUB00855,7,5.095389389751617,76.04662226284543,15.555045555173212,0.0,0.43712271225738314,1.0,1.0,1.0,0.35004489898089597,0.45660648679634874,25.419949215866836,11.370994211866282
SUB00855,8,5.016781301218058,22.52372994218593,7.5789691842322675,0.0,0.44197979441946184,1.0,1.0,1.0,0.38254230220726965,0.29690085179758235,35.16135571649421,26.835514630885072
SUB00855,9,4.18750098921608,37.121043918870726,6.687789935896909,0.0,0.09901903522413619,1.0,1.0,1.0,0.5331903806256729,0.4809727652226493,18.38566939149511,13.79465019045353
SUB00855,10,5.229640370241415,75.85171047293433,22.800100207939998,0.0,0.36288885792508074,1.0,1.0,1.0,0.44152624319503764,0.28998465431055276,23.845600118750028,19.49029246403117
SUB00855,11,5.897453524976351,11.397963066665746,6.835070919513198,0.0,0.254315568555117,1.0,1.0,1.0,0.3439712030085812,0.5151247467929725,31.293369751643972,25.405194607359313
SUB00855,12,9.193633544757855,99.91244055499186,17.64547957209131,0.0,0.005943202834101546,1.0,1.0,1.0,0.29284368707806124,0.44658806251958316,40.75076888697249,18.06875976968868
SUB00856,1,100.60956279266756,170.27363136625456,29.343926101567156,1.546276232296853,0.00030051372911205076,1.0,1.0,3.098916235726424,0.2760702627380107,0.40826922813231675,286.96210454042256,12.224342999563968
SUB00856,2,122.3305204308891,228.03920308817524,30.502732983518023,1.9729757715136105,0.5814774112375091,1.0,1.0,3.387342579124178,0.5767059731136099,0.32209504858729754,263.65498242741563,23.690178697045617
SUB00856,3,93.9204519264909,265.7323735950188,23.857642784495788,0.6234232283749899,0.2287016269043622,2.0,1.3479040180076793,3.1072134155107967,0.2902717914926008,0.3263537068847981,748.2672642358701,16.523272704768456
SUB00856,4,112.21249225660372,254.03792525242105,37.19341237132159,1.2127237665677835,0.2941647075951247,2.0,1.6031307250689972,3.1995709016392575,0.5084062232708816,0.28002831122540184,546.8705277253722,17.235559538223225
SUB00856,5,109.18890969742769,203.77275908187718,32.7658288468955,0.13845939127017126,1.2267958143088296,1.0,1.0,3.7122476328848752,0.5300391285447165,0.4662547319893593,566.4798183042967,25.446837052770718
SUB00856,6,117.7274658895792,250.9377354982768,19.637021183855573,0.0,1.0766900608500125,1.0,1.0,3.586688213992786,0.5163298225146447,0.3574052503990855,454.0866125516317,24.055823902940357
SUB00856,7,120.88446609109943,295.6991643242372,19.018490483898223,0.570815385484264,0.0464140940615444,2.0,1.600784939030241,3.5104350835008016,0.6260370668890484,0.30717711982355467,940.6754143606281,19.42075865120087
SUB00856,8,119.05427874386037,151.00485067828987,33.8627200492636,0.0,0.8402108025464443,2.0,1.1596655537008749,3.8657848650864293,0.4519743952920974,0.3780839428585645,833.2733737023179,25.375894688582996
SUB00856,9,94.12801595309115,248.71943367582088,34.194436644297184,0.0,0.953179173297978,2.0,1.3585395918333132,3.2230773430138075,0.28559149849680554,0.5841403851874418,691.4903112563296,22.385834187903086
SUB00856,10,102.47824111228512,235.4835417918675,25.404559016254602,0.0,1.0721465134838932,2.0,1.8520888563511462,3.225779301761357,0.5394434814599814,0.4385040193601811,502.6828967608815,22.694690667926313
SUB00856,11,118.58801911559219,161.76515173684703,16.095843088776082,0.0,0.4958950164284113,1.0,1.0,3.3255216266684267,0.6093294967638844,0.34785751315935104,452.36756146724207,23.407188721871385
SUB00856,12,96.32629680162914,269.75354457316746,31.521316639494362,0.0,0.7436129120033689,2.0,1.0674105037202124,3.007465285043983,0.41050706893329136,0.5672554725281519,627.4117742666592,8.109746062956802
SUB00857,1,40.79475220625481,329.32521212440275,64.85825901682684,12.566866017208858,7.709385378411967,1.0,1.0,2.9785642403422083,0.202343694901916,0.3290138235633999,239.0351777763248,11.344812566553825
SUB00857,2,34.309805378986596,288.8318677284074,56.6560508113015,15.608265107202518,7.5319571186090695,2.0,1.2422122332840446,2.603478248952573,0.2395767393642841,0.2627328762724666,272.96862866350375,23.799360138006556
SUB00857,3,43.75876692376617,260.8135673375396,37.99171067889192,11.09294862277424,5.904996785400894,1.0,1.0,2.3486888531736345,0.3829230404774324,0.40584022650544127,241.47204794105468,17.625150227284983
SUB00857,4,28.96026275822047,220.79082040855164,43.32147873720514,15.372540280860079,5.169186956419697,2.0,1.922672275858742,2.3573711536649107,0.3760949942709275,0.49572557172106957,176.54901262914694,18.88211958801653
SUB00857,5,44.509537224081974,352.47716207264284,42.61357480896421,12.724293636399358,5.797695253159754,1.0,1.0,2.676799928894389,0.3887665847665266,0.5962348351215305,271.55102405698534,14.995074562160514
SUB00857,6,43.5575581511252,206.83224887344429,55.866129452053116,15.492568719352363,8.971917831247772,1.0,1.0,2.384929117242671,0.4168108011906093,0.40368683140514927,153.00726148696344,12.329665146019542
SUB00857,7,31.912067580274478,298.7446540020362,42.63317696929995,13.493067276256406,6.633023696939995,1.0,1.0,2.625980686923935,0.3453019313003347,0.4832828742993074,109.87038440725792,18.797434875833737
SUB00857,8,41.02187384677082,372.38001283534174,46.95937992811949,12.769994498811133,6.390591616454103,2.0,1.4675215678366507,2.9107101687640946,0.3800384763791898,0.5460971996404054,287.05675243625603,23.47277996514938
SUB00857,9,38.01983167671882,377.7899970120347,44.47396871238614,13.549495793308276,6.252006751180658,2.0,1.59282659780121,2.8535884008303287,0.2935764603755755,0.42966430127804345,226.55138067311435,15.633395091742493
SUB00857,10,35.12767593058286,302.8847936363175,42.715825444568495,11.867428959809873,6.315052656490003,1.0,1.0,2.5353442341054406,0.1742563918101146,0.5380477954687553,208.18102716248,12.604414058030905
SUB00857,11,34.237387146929656,280.4694770845514,35.706187643945746,12.172128802393784,5.377743094014191,1.0,1.0,2.9211556711210243,0.5196138112007479,0.38617923232530293,130.01369618138327,21.872208906814702
SUB00857,12,37.09531137431922,329.283296613846,58.72916799184702,9.461314065204835,6.737272864076778,2.0,1.2320144327384397,2.6199933786730116,0.26021378829086506,0.4140448201077124,218.057276728819,15.831525513602367
SUB00858,1,5.3581735604512994,1416.3486207931057,45.73172462290345,1.6797894466255228,1.1996083211636093,1.0,1.0,1.8805594547040267,0.2745390783591753,0.4622656705457072,35.277279968911444,20.122284439393262
SUB00858,2,5.6939118997468885,1304.8398588470397,58.844304740679604,0.0,0.13104271519986044,1.0,1.0,1.8474880170365284,0.2844849326374163,0.32642066692520544,28.80428959431573,27.638684701576036
SUB00858,3,5.937498056301125,1336.6209245573034,65.61698641653032,2.5436229311856833,0.715151844497358,1.0,1.0,1.2829446224408607,0.5348976861264482,0.4556326596566502,41.571217098317405,17.04611378305301
SUB00858,4,1.2187024419112293,1462.5343739284353,77.0027020601916,1.6209511755296935,0.014141103446727366,1.0,1.0,1.4471346342328424,0.4179940491009836,0.3080528500705224,3.705319822905862,12.614936965429772
SUB00858,5,6.671964184675634,1787.8757540293793,57.45646746044292,1.179734563279517,0.8307625859271937,1.0,1.0,1.054435758236045,0.19032742940527475,0.5323055160732844,26.66921563335051,16.863799371820225
SUB00858,6,6.591893709598245,1717.231981846329,56.581685255781075,0.0,0.20709347299980901,1.0,1.0,1.1659072686414718,0.18513350526016267,0.3760627461690382,33.42165901370755,26.946623556113767
SUB00858,7,2.8969812538473168,1325.3566059454674,40.831215696049924,1.8689433871506487,0.5412807968901283,1.0,1.0,1.816643906610293,0.25492789570441726,0.40593089179092945,9.604149143478908,25.305721313691265
SUB00858,8,8.688060533085231,1530.5824814092214,65.94084881028803,0.12434927268873375,0.45257460436106534,1.0,1.0,1.8088819367422169,0.3712180325805309,0.5035347383743742,54.44686624219705,13.1727522975952
SUB00858,9,6.463587104399514,1218.7717729138903,43.80824286101449,0.0,1.4484723318225843,1.0,1.0,1.6149732437577589,0.2686353714764108,0.5692474254044616,42.719524923200865,19.10245227072795
SUB00858,10,4.695992407218425,1589.5175707353135,68.19296375055222,0.7262874270524959,0.5472718204830601,1.0,1.0,1.793802952226883,0.4912733340053542,0.5768383965589914,25.257442196607887,21.53803160319466
SUB00858,11,9.138980634520152,1443.0447080464692,48.28358602243445,0.995507126636495,0.38553658194153034,1.0,1.0,1.9488912683893136,0.31394707041861813,0.33519126872645966,68.66551448232066,11.11049133860914
SUB00858,12,3.369486500161834,1547.81327431643,46.715400677090166,1.7834095040918017,0.01073571297084508,1.0,1.0,1.5410795573311598,0.4385459335542452,0.33052397320047844,11.694084206923895,19.990846229424847
SUB00859,1,62.47596100889402,541.4949701561661,119.92129855502779,4.24266701499306,2.5433183050274675,4.0,3.003377588242639,3.37571138090625,0.30726948955674616,0.5511375123238788,206.42779848238393,22.767295769663175
SUB00859,2,58.58035922644912,444.3477672459237,93.47916796025837,4.162982478323705,3.2885015395455546,4.0,3.2027333575916943,3.535039678669712,0.3551738832202834,0.5382428249417218,344.0410100435654,14.580959373804816
SUB00859,3,61.96266295477928,535.1102480383176,116.4483035149956,3.6355750601560586,2.931193787376182,5.0,3.0667779411405798,3.409353945133825,0.3433866016532672,0.34745483079514333,167.51638280912272,18.288211369199786
SUB00859,4,57.53846144549968,583.5089498204718,80.89164025059851,4.592347391945079,2.659635083283122,4.0,3.3191243572514124,3.8898742376485913,0.3805626074992636,0.4588685099408051,206.74725024420712,23.847492023270192
SUB00859,5,53.78900560083869,553.7306971559573,116.94978615208126,1.6606740432194877,1.958030921583187,4.0,3.148398470933663,3.4257288053522483,0.3226119001856138,0.5898283692404025,227.0961035317073,9.834056664850188
SUB00859,6,67.67152833000075,515.3225636901782,61.02859027609894,3.631984472899637,2.861067243569634,5.0,2.7073568198284677,3.9521600485791577,0.26285912254476423,0.3840175941145272,313.0196955436124,16.037711443423106
SUB00859,7,73.28674263805225,591.3293210331992,62.302562933126765,2.282225081432657,2.929481002988635,4.0,3.2525799392849803,3.683857424641911,0.5552978074599546,0.34356106410655285,331.6947542101358,13.39011904124604
SUB00859,8,74.75112411843499,455.608483531211,77.68649659023714,3.1642038521444915,3.124152677703997,4.0,2.651421473479696,3.6012040949387867,0.6115731294997817,0.5314408413392757,343.01034749077263,21.836436390816186
SUB00859,9,72.17704712667432,606.8046093086555,83.00522648075138,2.6043787014099116,3.052563156583554,5.0,3.1370161115181876,3.218894580979787,0.2647169628591936,0.26592845879915156,345.63202852246894,23.996869116533624
SUB00859,10,63.94759740986716,618.3757048050796,98.61580903245229,2.7870352697403242,3.045661889560436,5.0,3.497547705424987,3.412481067648176,0.5628242928949194,0.42363921242682556,376.2623618466387,24.014975721828403
SUB00859,11,70.46233537003624,680.8800972446561,95.43839236434121,2.581871147456485,3.408177996257093,5.0,3.0841471185321474,3.5591694518707526,0.5111992301924945,0.594708810760241,199.06318179934604,15.728322192135417
SUB00859,12,70.90193504309588,436.64890769416843,67.6777202053016,1.876203616985041,2.2685558581528804,3.0,2.604771941104163,3.243050944357482,0.6034449187362584,0.3448115066373587,422.75525420881695,20.914852077597477
SUB00860,1,7.91738725968247,99.12214119016986,32.14170703953715,1.491135047747554,0.8864633156618221,1.0,0.7515992395615715,1.0,0.3585659411167861,0.3015814319420629,18.96160631726691,23.025159173411232
SUB00860,2,4.2083256774038995,107.49140624910262,37.0481047703648,0.24481202241814926,0.7004699898645289,1.0,0.8557834360933274,1.0,0.2242768202529993,0.2758091918425161,28.839195885999576,14.982984187498968
SUB00860,3,3.8859914121997403,108.55496502947328,21.40466852339042,0.877731424134843,0.8510213467200056,1.0,0.8113848886810093,1.0,0.30266918104784224,0.38315985863865054,30.853826327514106,25.813404674444477
SUB00860,4,7.753441655774856,93.92336082437433,24.912657712561096,1.2836746752811878,0.3392848882892,2.0,0.5798225400191609,1.0,0.48549382939120345,0.2780068103644434,59.790699474004754,22.21462613723053
SUB00860,5,11.043734488528253,83.07325507825638,22.997792068162557,1.2112073416223577,0.8617788059297653,2.0,0.7285967454222687,1.0,0.4482969102019959,0.5137562313928352,54.77538097311511,25.270216712071658
SUB00860,6,2.9439203172094537,94.78680675340689,15.910667575646105,1.0246094933457275,0.7660743935144603,1.0,0.513712044496089,1.0,0.34767135706440766,0.30973133190192886,10.682877806238594,25.050226415463847
SUB00860,7,9.830379189594037,177.8821545618322,17.844587431847224,2.027635955250057,0.2823775913336857,2.0,0.9913514749623822,1.0,0.15760635871791212,0.4969227236073146,20.84350635466083,17.762555857338146
SUB00860,8,5.0256116357930924,107.8278320048591,25.300883871077847,0.5703685425290084,0.8103002570577483,1.0,0.6569310502574554,1.0,0.4245534105475264,0.5940768154844298,32.27117158113122,19.744108517398754
SUB00860,9,3.4746890404322714,131.33845632517367,26.10016684655001,0.7301918901463728,0.65157072426886,2.0,0.5091335347325328,1.0,0.2464570811735453,0.5763048440319827,19.577299716275203,25.484479235551643
SUB00860,10,10.711409190789597,95.4043966368862,17.83955466417244,1.4049686186326877,0.7180764260933639,2.0,0.6643214390665739,1.0,0.26822018346760546,0.34227691025145945,82.28298880214723,10.7820819186825
SUB00860,11,8.35677830598765,84.78917077255383,34.662116500819295,2.1460433550658378,0.35712845526967896,1.0,0.5330533161853054,1.0,0.38919380942735154,0.25867428224784444,56.72356889908377,8.56712812836305
SUB00860,12,10.714486369435106,72.40474643556945,34.15188030587892,0.44121021370226166,0.2847128413985729,2.0,0.7740809523343455,1.0,0.4813958850408365,0.452245915053094,73.57748892703661,17.385666909279877
SUB00861,1,137.02919290379668,494.63891796279347,52.64865017184331,4.049134926409351,2.526734369762125,2.0,1.0653782078830938,4.462494338021716,0.5593689571455225,0.36456758293729813,380.0328543831526,20.284139492732912
SUB00861,2,118.2089014858126,389.0083260535452,47.91356138318038,3.2169263861880504,2.701429600598579,2.0,1.1759322753894392,4.39786201490697,0.6411547984327088,0.40510692208854937,365.2864238322123,18.026940830986998
SUB00861,3,112.96312760929071,535.1357246210285,42.01598288640017,6.03676573968586,2.7495266326446286,1.0,1.0,4.532818801403009,0.6430584951490786,0.41032101932350484,514.7762294323322,23.447786535243804
SUB00861,4,127.15617222553817,464.33774525784906,38.02158427890261,6.250150000448864,2.1575325438016444,1.0,1.0,4.199347029246263,0.5469057102525045,0.4754111153289276,688.5599315500347,20.924503696600453
SUB00861,5,135.41788944468018,455.4229523142462,42.569880531682415,3.846783181402715,3.5262168717309237,1.0,1.0,4.121807890380557,0.28507145168579706,0.5629839847082958,349.32779982629916,11.964283389599304
SUB00861,6,111.49630710913603,520.5017440276459,39.767555498132346,5.47356977519569,2.326517128814016,2.0,1.5426284543248037,4.596852907721796,0.31929739454104056,0.381013468730935,266.43107705748275,22.272220703241565
SUB00861,7,136.11956663436246,337.3560641322611,47.49233163902056,2.6739185891059725,2.8009106823506835,2.0,1.617642354128201,4.712369143636748,0.5530681422732308,0.4522779592492154,354.0325064345134,15.0623990472225
SUB00861,8,130.1339818164873,430.6381446267046,43.34498434156821,6.149801663312989,2.0321316879468982,1.0,1.0,4.283407898586214,0.6136095828285744,0.5203442741133468,531.9263307666924,19.494649456984142
SUB00861,9,132.80177349100552,507.68839104782114,51.72253257296999,4.900314576558117,3.886977067308479,2.0,1.171495123340808,4.84163927816407,0.3037616417020264,0.2695076087742092,413.1355018527798,18.29545520677205
SUB00861,10,126.58122753643927,424.48279212149873,35.86888277769473,3.2087246124847137,2.3591349993509114,1.0,1.0,4.075840784803027,0.5809810821512087,0.42361889501428784,723.7348376638512,26.6926284240828
SUB00861,11,116.11425681605047,404.4627803433348,44.56610010549822,2.8652925760911754,2.2740063216007584,2.0,1.1315790546362392,4.809331285236512,0.5567223137713193,0.3662663180907967,841.1619565891447,10.044796761116716
SUB00861,12,124.12817070682787,395.9781922828653,53.16338128528397,5.4889028124356205,3.084031153009043,2.0,1.0413273942280212,4.312071853127141,0.6175105647543249,0.4712838012636047,586.0824290190027,8.002692752798833
SUB00862,1,0.7450312415984354,78.8273607509995,6.672232894532248,0.11602618460776877,0.2948918280653052,1.0,1.0,1.0,0.5309264545168025,0.26223287827729536,3.6004651377415784,25.460493599367712
SUB00862,2,1.1751347299149344,53.09021189303441,7.718810919092654,0.10422675327393077,0.045675029191193095,1.0,1.0,1.0,0.3338113016459759,0.31342263797357717,3.3141901699921985,9.581919332791896
SUB00862,3,5.088671817617709,37.45184205936717,15.598757684690883,0.44453242741831456,0.41354780054169804,1.0,1.0,1.0,0.4745292035236073,0.562220846547806,27.50886985320073,19.97154704365747
SUB00862,4,1.9056648782855659,74.9468855925108,14.082415310347082,0.6596686067510299,0.1609649388982312,1.0,1.0,1.0,0.4503999935353168,0.3526726141600232,14.604931481111937,16.861244841684574
SUB00862,5,2.6851621493918945,31.13351924851141,15.856097502051005,0.580144060917408,0.26215635768441786,1.0,1.0,1.0,0.16543340597699227,0.4477414627044798,7.674718074394466,23.986155399531363
SUB00862,6,4.204597958367238,40.879249470604165,23.177737680948166,0.545070449940473,0.3868039466070912,1.0,1.0,1.0,0.40494866222971126,0.5951516419456853,11.460746414098574,22.850367368599844
SUB00862,7,5.674306343518419,35.51530898667768,14.200808130596087,0.6457082788940263,0.3446662917470715,1.0,1.0,1.0,0.21639338301657762,0.5952414561139462,44.40113470610077,17.07920870217818
SUB00862,8,4.37318973073134,33.45865189483993,23.215277729930193,0.8443020444868897,0.16087060525640112,1.0,1.0,1.0,0.3882427189007841,0.5029506649399775,31.679065825590854,24.42896829908271
SUB00862,9,4.081550718937443,70.20549825755994,5.513128167980819,1.127527165164317,0.405433103174996,1.0,1.0,1.0,0.20649299030836055,0.5514112864524208,10.40785663313457,11.341034147486097
SUB00862,10,4.409111443135211,58.99128019884681,9.980681603892357,0.9388512583110529,0.2634339782217362,1.0,1.0,1.0,0.21834809700059007,0.4175892222947534,12.843917292419242,8.355804652567391
SUB00862,11,4.768706287334963,34.69254954806627,8.584841669584815,1.2292109265684867,0.06912855466456325,1.0,1.0,1.0,0.30634604352088746,0.46303436520571906,14.947444417323082,19.95963627879877
SUB00862,12,7.212507857778026,55.562580391274835,9.589304286655613,1.6821881931412435,0.33711971181490313,1.0,1.0,1.0,0.3004526650421733,0.49863489466773303,35.71727227298203,26.834632162501073
SUB00863,1,106.7852039594979,166.6645709959235,19.770126351728436,0.05098277245433992,0.5417036074823814,2.0,1.7427202858850008,3.647353275406371,0.3492258240615645,0.36594934201533036,507.71446056304836,19.583968835408385
SUB00863,2,98.7119834913318,272.62700551690983,34.295258782272114,1.7464917136635272,1.38333940339822,1.0,1.0,3.510200688092512,0.5713035766058696,0.32888772760578666,624.6135531377535,26.35575325409831
SUB00863,3,115.5457643499933,195.5022209071785,39.836070837602975,1.784575979619824,0.6768912486942423,2.0,1.1749348706397225,3.163326430914517,0.5887259857127259,0.4484838367360098,823.9678465249859,26.750501653891522
SUB00863,4,114.5313003524434,278.99961290009185,21.64046459049632,1.3973640755580705,0.16143801517170359,2.0,1.0887078224600022,3.6307775502045168,0.3713358664162054,0.4650908220513695,614.3082326272352,15.727644953227774
SUB00863,5,122.03116619105488,210.04904709106853,36.78335820012377,0.6071860087524195,0.6088003460538645,1.0,1.0,3.495086082247461,0.49753373533874756,0.535144301378045,337.2883691348055,16.622298409871973
SUB00863,6,126.52798398792919,217.90250732080477,31.95768565906406,0.8179722307489827,0.7555649393403563,2.0,1.6748789313012047,3.195717486419404,0.3619592994614358,0.5141538676847426,682.1607959207696,17.472063656773663
SUB00863,7,125.28996289597872,310.4699270570341,43.24568596556107,0.0,0.1555562776663323,1.0,1.0,3.033644910877951,0.4898515251801303,0.28035041127151794,927.8150690070316,9.476541259298132
SUB00863,8,103.88007682740077,230.61391330219809,27.042593992247014,1.7963061820024777,1.1121248457516941,1.0,1.0,3.076659170339721,0.5857762053456342,0.38744141532973375,532.0135611267649,11.09629252799034
SUB00863,9,114.91767483346406,247.08542416187208,43.36536149030467,1.6240551179988825,0.8788999922489695,1.0,1.0,3.9741309424718927,0.5587839939669863,0.42854779119608444,898.4453306121824,20.16607583953509
SUB00863,10,98.22444728155845,282.013701944883,28.606531091174688,1.2233825917012058,0.2318160874756942,2.0,1.2061416493050938,3.44504215299476,0.3583858286672066,0.49802180670435003,580.4992868124946,18.03684741010034
SUB00863,11,126.22951634039418,226.5437841478828,34.3667096702941,1.0444274525231838,0.19227818389637719,1.0,1.0,3.8606803373308134,0.5699741543140486,0.3150405136857193,871.445215349369,10.45515260399489
SUB00863,12,103.43348835097281,216.207431612175,29.956678597816573,0.0,0.6954186821069511,2.0,1.0889615554484129,3.976065545756256,0.4008739669796405,0.42537578389813857,662.4755128724262,25.84616247119925
SUB00864,1,39.96626552642129,236.2449091487269,31.268215811917052,15.659355901304622,5.618141313924859,2.0,1.4646944262810822,2.7813491167906124,0.15864846984325978,0.4960789096178686,220.78427272460792,22.20469212412529
SUB00864,2,43.16411991880158,243.4681451045428,50.54966359530919,12.454770560594607,8.997910984598995,2.0,1.4531716381461206,2.4460694080524186,0.5400600758959325,0.5597685338036928,123.9234902644098,27.494481603547563
SUB00864,3,37.74163657963482,228.688687153958,40.681006806879395,10.672056205643734,6.875058082658225,2.0,1.2051568011554474,2.1956048638680334,0.3491819450353629,0.5476941484839775,178.82557578649858,25.041044905679367
SUB00864,4,37.99707289249987,326.055063456369,46.60067677974499,14.404121982265462,8.370902028435458,2.0,1.9418241617329963,2.841819003562681,0.4951045214178834,0.5871159634687602,148.47354779480546,19.97809650718618
SUB00864,5,28.99873348655593,227.12196707318574,38.331029800421035,15.616529253511297,6.9160135034985775,1.0,1.0,2.8314073481307513,0.3588670049091255,0.48651101040496364,88.64527667390476,26.44815981863732
SUB00864,6,43.23843454407542,365.0227155009823,50.02760705253376,13.779116149795726,7.052424222131717,1.0,1.0,2.494308402667367,0.2836844798700385,0.42320830612432253,300.7082588540747,21.962473108893285
SUB00864,7,29.215858433621655,336.7231563166922,33.47060088468856,14.168207732114999,6.64824410415229,2.0,1.4072024868984265,2.4277230382415076,0.4060417014003287,0.2813096923817855,177.06084929655316,27.29996518741802
SUB00864,8,30.571838006951467,365.5510472704108,52.194530795753685,11.496319335985646,7.53630259302278,2.0,1.4933146476124055,2.973926145600669,0.35554404178071486,0.38344456598079696,221.8761566317671,19.307972356897224
SUB00864,9,34.0384914979989,285.57191519981075,63.80718649345718,14.976516886430298,7.731936885824181,1.0,1.0,2.930154715188005,0.20447048706922324,0.5367749617779096,158.22237330470142,26.206501478240412
SUB00864,10,28.513825395975815,332.3113333511005,39.55969589628177,14.990618603307327,8.881127594291627,1.0,1.0,2.533575198912141,0.3066191456878067,0.33168989431006035,209.83060959063695,11.083402629233202
SUB00864,11,42.216058654220134,386.1932515310072,33.73028987197425,15.754371969670546,5.036984851137978,1.0,1.0,2.3356939065941815,0.17491558663358403,0.3538358347791535,182.39387223274463,27.198964841166443
SUB00864,12,41.92636775424834,403.5186015964211,38.29846296565715,10.066825416556881,8.748784019355654,2.0,1.678042345046669,2.808156378737128,0.24001394369431212,0.287103393058467,185.70944278460973,23.121629312490693
SUB00865,1,5.652204078379365,1199.8552183400645,46.53881306522439,0.5620781455392126,0.8514732057596777,1.0,1.0,1.500902251192531,0.5280473611371955,0.594947626103036,20.055129915008933,26.86405576747506
SUB00865,2,0.7595985391107984,1474.466009965887,50.27794148281322,2.7172318760021836,1.463860859384186,1.0,1.0,1.28939280750081,0.34966618877308386,0.39444004643610536,4.008728909300139,11.576099155442806
SUB00865,3,1.5630696798698844,1475.0463119461658,47.80157021338973,2.4049298429237256,0.5260524166403056,1.0,1.0,1.0250507782605167,0.3157146672179889,0.47468971628347467,6.836548315363998,26.774080071650857
SUB00865,4,2.9554619184105975,1421.4173768661958,63.7287459497437,2.029825705930199,0.11681596470161065,1.0,1.0,1.9928772150205356,0.2030934005448462,0.2990199163314643,9.304830350323277,24.30260715735359
SUB00865,5,5.948980606010075,1322.7791207818736,72.96932685267589,0.21227591381184183,1.4933069821582534,1.0,1.0,1.6956803606991702,0.5428597051210516,0.4149960917314719,46.80401600773704,24.143405829501813
SUB00865,6,1.0473227140953545,1545.0006336343483,79.23257502884161,2.1219825153782232,0.35670219275652454,1.0,1.0,1.5940664722946896,0.269079516314381,0.34213863722644966,4.825807399702468,27.54214009598154
SUB00865,7,9.705758866178943,1778.2672366589675,42.51645052810295,1.212781967249417,0.04492039790988056,1.0,1.0,1.447642312421608,0.3403596377505978,0.4288991683869344,23.961497126713855,14.078856282403999
SUB00865,8,6.103993090774766,1168.9280819593084,56.68075405561998,1.2863132357610758,0.0033906117011298087,1.0,1.0,1.2543547472908323,0.33961952368747955,0.4746907679155561,39.6504327940601,21.94336229438854
SUB00865,9,3.6991787493203723,1508.3963812730249,46.443737041792325,1.674181200504914,1.1290316397250004,1.0,1.0,1.2065304329385662,0.4983251900024229,0.3834853027099801,17.832672112880005,25.309577041303314
SUB00865,10,6.319607358489663,1570.1354527574936,50.10051894846099,1.280116294587974,1.4546525953776912,1.0,1.0,1.1315462761915136,0.4975840220739486,0.362697496682827,27.33496929395022,22.454394646396842
SUB00865,11,0.520211315941995,1286.2374958098444,48.0796735131067,1.1560354885179642,0.5949285125926034,1.0,1.0,1.1161567663895953,0.30782395468086476,0.39790766498694874,3.5904002172929412,24.524995280461432
SUB00865,12,3.0448785273232897,1401.8787225205042,68.04781211334524,2.4393257274937836,0.5409388138762771,1.0,1.0,1.0908088433306502,0.22914039137841807,0.41868959468291433,19.266628469195417,21.86586300464783
SUB00866,1,51.977730769459555,604.7829226967251,79.39962799183628,4.263063043225505,2.9914762494900247,5.0,3.1226188507481534,3.3881904055902314,0.2552685248627608,0.2716247534549612,208.72487337542077,13.133348293215557
SUB00866,2,54.28987845810059,466.7347228764911,84.38753579569747,4.634953898029617,1.7324273270819777,3.0,2.8743825799677207,3.0441835066308887,0.4654604953507141,0.37904518988410396,214.1182035407853,22.379011741077186
SUB00866,3,58.18090359531731,725.6318547130323,107.814281823244,4.40062554858443,2.82531171919058,3.0,3.0,3.989114317807573,0.4038441794625762,0.3176369516565992,218.43018044115587,9.65398806274704
SUB00866,4,64.52861120563448,662.3815601973632,119.37910602447955,4.668202425848767,3.0272378247961726,5.0,2.6682306714964157,3.170613443609837,0.40463854521129883,0.4289003193590721,478.3509205666438,15.071884836839574
SUB00866,5,76.69790846273769,722.0342005689621,78.56824650088751,3.634139636960442,2.4669957040402966,4.0,3.28023036013962,3.595192289717385,0.46229488996875734,0.3079011545969552,397.63579659832374,9.861918458336936
SUB00866,6,78.24328188204768,620.3141290703247,103.63528750215508,3.41601269170692,2.658727999945632,5.0,2.781458282307324,3.905180995843158,0.2766717925338419,0.5856555343508913,552.8342084480232,23.899141424649358
SUB00866,7,77.0002653220718,490.95437704543394,93.46313501428135,2.9717998988417302,3.034619639135352,4.0,3.4903841841955785,3.1949452711454787,0.4700192257421776,0.3403438016524506,165.35440925764658,8.248841501450643
SUB00866,8,80.88424217230799,724.9695567650274,63.21368554565976,4.7868933769016015,2.3347377198710095,4.0,3.379454308266316,3.7719440844134464,0.44218601503262767,0.3819342841001656,230.7318786671383,27.45267250275733
SUB00866,9,51.335239078269765,543.9728215706831,62.65577768938164,2.3749027487252263,2.7817902810674906,4.0,2.907821812882935,3.1172751695616814,0.3504993077260873,0.4667807522777039,347.91530670069125,10.418311135879081
SUB00866,10,56.62316616809516,585.4973228886739,85.30472992493037,4.735246721149475,1.7374236818059885,3.0,2.505534217199914,3.928109072672669,0.5713228461000435,0.34504865165424065,441.9642027441585,27.23592308150128
SUB00866,11,64.34086839021921,807.382401101824,68.90214380764708,4.801961514628249,2.2191566562356133,4.0,2.767586254393735,3.4075043914816274,0.6442604577013682,0.293607513535318,495.4108420767668,10.929215907251152
SUB00866,12,67.36173184897751,496.054405634497,65.11424507103146,5.009734966026662,1.971290870713857,3.0,2.7583578546676044,3.7172162256676398,0.5101234720305551,0.31310620557021973,235.21842550920627,16.23069641542505
SUB00867,1,1.123569189335137,159.36178028874585,34.84648255032573,1.7254399157209526,0.010585962471801325,2.0,0.6427368669461144,1.0,0.175481280491613,0.3569995324485993,7.2374283317808645,21.295287426540323
SUB00867,2,5.364215505287256,99.75249351997608,16.04491774620565,0.4388720872509987,0.40575614024542483,1.0,0.8837704989906094,1.0,0.37712868038533287,0.594035889056387,32.131844981347705,25.987512552807875
SUB00867,3,8.698887258163136,93.04433162725047,15.185951822217712,1.9091174037064913,0.1345567800149663,2.0,0.9851719052204633,1.0,0.39156784910841846,0.3779687160463205,66.60185572520646,19.91133734706842
SUB00867,4,14.239493192110746,118.35250583723872,22.79323353585297,0.9582770573297053,0.0021423294833171624,1.0,0.8346748125231072,1.0,0.1532969020870393,0.4001012358445861,78.20982426151315,14.027400515907946
SUB00867,5,12.864791255307114,93.25832983089512,39.63147912952171,1.234886494476736,0.9704424127345189,1.0,0.8482532299192557,1.0,0.46673162141332647,0.4331499015173415,88.92391246220846,19.165674588352662
SUB00867,6,7.71594283954186,47.05336173346174,23.646129301978334,0.0,0.2840652453677085,1.0,0.6357887328006729,1.0,0.34266640121915326,0.395206246088203,48.08448625022237,12.629992801653898
SUB00867,7,10.35065528430732,112.83494972166466,29.132683289206476,0.0,0.5191926096991426,1.0,0.7812185454256984,1.0,0.417155785201319,0.408092879363039,35.802723831412656,10.579584181183732
SUB00867,8,7.323334547789683,151.42839509714025,35.17524581862275,0.41355880405353473,0.6285969303050704,2.0,0.524907400921386,1.0,0.2446165071636,0.41560062168869916,32.67315451933956,27.29047512069305
SUB00867,9,10.125123698698523,118.0383635445016,35.75959875146485,0.2830061904587031,0.5944529767805038,1.0,0.8498064198435937,1.0,0.20992521675161604,0.36318701085184046,28.06832828727568,24.925046114834764
SUB00867,10,7.205889434855714,128.19186800248954,37.16659551997884,0.0,0.9833624807721911,1.0,0.6824080816433966,1.0,0.1932275580445943,0.5144793673206081,45.25273673361323,26.16483804992865
SUB00867,11,10.427958931806742,103.29152142843346,18.05040412655975,0.8026994479720158,0.123964266934811,2.0,0.8628587185542613,1.0,0.485479053900001,0.46568334839553865,23.56050427614032,9.025353267069434
SUB00867,12,17.732532570354287,138.5793206991377,42.05823304628102,0.0,0.8391447511782213,2.0,0.6242261766851211,1.0,0.2348194970638287,0.48165056863571115,109.85340981354898,15.104314132109224
SUB00868,1,120.93594802820225,370.25065008060034,38.74050071988234,5.631024940574246,2.1952650659945165,2.0,1.2255674288470317,4.995394867160611,0.4377356417593754,0.5940383022823702,279.0475885761609,15.067756210953444
SUB00868,2,113.96289653163939,486.97254359407026,45.247040672692705,3.803793858671579,3.3530747494454642,2.0,1.0886570566189464,4.2868248168644145,0.33010129242996605,0.2579365528053428,737.12536044728,15.009185784258374
SUB00868,3,110.25099031381309,334.09318255566126,54.82041216772331,3.3750939358348973,2.842963240844441,1.0,1.0,4.946945600301879,0.48400299910916633,0.466400050032409,458.8775323818229,23.857981937880204
SUB00868,4,136.83562972784054,394.4666590069448,32.60660786881615,4.124650667955441,3.7155628355016943,2.0,1.053882944345268,4.559689185310201,0.4584067794067187,0.5958456020321513,593.0313912006002,25.85695287169687
SUB00868,5,136.50857753504235,548.8639467848976,38.121284462729115,3.525993638914843,3.8720129144257673,1.0,1.0,4.561035409240434,0.5858962579610556,0.3996554032491463,638.3742838604402,15.924384542679395
SUB00868,6,122.58037893767937,324.0914985570792,33.59173715296169,6.383551104602606,2.179939536496767,2.0,1.4700191764752089,4.12555958992013,0.5602721062514365,0.3278258701090533,595.9391681755377,23.32766468655533
SUB00868,7,115.81704579837432,549.2448522631483,39.51237514104053,4.054498922502659,2.633590914952909,2.0,1.1487468752229288,4.152902823501863,0.45533668884235257,0.4028690136675034,518.3995365516931,12.860567639858328
SUB00868,8,131.74823966627582,360.92591166858386,31.36458933090941,6.65196230914153,2.5441889078171545,1.0,1.0,4.188094643552229,0.25814547562709705,0.38000817154098454,775.9255700584057,26.068705711792404
SUB00868,9,121.41700451136732,534.8595316989345,49.12743476422066,4.426406716617956,2.287136024958342,1.0,1.0,4.4290632447857785,0.4229529284404461,0.5837476514428246,865.6724564197823,23.16902278123255
SUB00868,10,123.20136926198765,526.2634871645997,32.87475658078326,5.719694488970809,3.168460798034045,2.0,1.2453263482914174,4.149660055909002,0.5102180865170418,0.421941641108169,309.5052270831917,10.914080781748263
SUB00868,11,120.45404515427222,425.3017179135377,53.30004855611232,5.445684734182071,3.978456514289685,2.0,1.8028080788638494,4.261025478466369,0.5951521036769345,0.5916609088850566,740.870991427709,23.162253213513093
SUB00868,12,127.38407273811988,546.2333958154741,42.12893936941168,4.0228544541509645,2.303217864924343,1.0,1.0,4.04366832219857,0.40009827982382085,0.35962018786313465,430.1272029065611,11.495209074652173
SUB00869,1,0.22545521293684712,60.54644620490261,12.936617448521886,0.12276419706266073,0.45321432032834275,1.0,1.0,1.0,0.31155063958832385,0.3421818982876902,1.0,27.238751466191285
SUB00869,2,2.0521969977030983,18.71439097805975,23.183360105954026,0.6232107930657229,0.22362753184356066,1.0,1.0,1.0,0.17312361839545046,0.5612456677117377,5.784843898335647,18.568717258706325
SUB00869,3,3.1601700191496214,19.873320796877906,17.597245393726087,0.21755604214620977,0.1959572979976002,1.0,1.0,1.0,0.5173883102802149,0.43573704594992335,23.829674090724723,22.93120727478582
SUB00869,4,3.15816988235018,96.29056855000324,22.138419767113678,0.3949105849919176,0.17847035519029597,1.0,1.0,1.0,0.32385773171984344,0.3470553068946029,18.31731626994295,8.785052694279107
SUB00869,5,3.7574645149318178,73.74736897499622,9.754856275381258,0.3876803960779964,0.1946783075917195,1.0,1.0,1.0,0.4273622471016102,0.4261372044317692,21.736248565294755,16.93648305831039
SUB00869,6,2.7346692067328098,77.06220663293463,5.6853933193673845,0.0,0.3127833313462624,1.0,1.0,1.0,0.25626295031369634,0.5573434382013854,14.566159030711292,24.81837981228954
SUB00869,7,4.464741492921998,21.221213468625507,18.040568637332836,0.02541786274288005,0.44339666829639335,1.0,1.0,1.0,0.21762675010306193,0.423091132207703,9.038490655567083,24.294215667218488
SUB00869,8,4.927961314502454,17.263532865450838,21.179879826772012,0.0,0.4029221380633117,1.0,1.0,1.0,0.3109406443998719,0.4844769515256516,36.41196794269388,19.294985951258724
SUB00869,9,4.880269370587225,30.62959814753301,10.259744492411835,0.0,0.36971387069624057,1.0,1.0,1.0,0.5410438926674331,0.304064120250676,19.868401216687904,20.550173302565216
SUB00869,10,4.583262076813348,35.64482430299846,21.91492416087081,0.0,0.13068084909351735,1.0,1.0,1.0,0.40116233460867856,0.44912989064458897,33.47064324358447,19.596387404852106
SUB00869,11,5.265073594156222,14.477409710675204,5.559512192179468,0.0,0.13664201077166127,1.0,1.0,1.0,0.26430381697886174,0.5508753553926604,28.880028038925396,15.434102296391705
SUB00869,12,4.248138351544004,0.0,23.554172127566318,0.0,0.1859327453289496,1.0,1.0,1.0,0.42737907294124244,0.2892296049309956,9.471727517600181,27.657107117480926
SUB00870,1,105.71463053193287,233.06596421588912,44.99856146755924,1.7331302756778302,0.9866269151842882,2.0,1.0373129505989895,3.166386648204038,0.2696516125961464,0.35823749450211023,497.118896061319,20.284991286426326
SUB00870,2,94.63318548505241,260.55112479888203,44.19124029820253,1.1223161560158557,0.3831879670875665,1.0,1.0,3.8648741740012134,0.41078768250431175,0.44823784091062213,279.8607855196049,23.066842141039587
SUB00870,3,95.50784127128377,204.10834469967477,20.392835236532164,0.7695416063866218,0.6914693584539169,2.0,1.2092632391430063,3.1413751106520196,0.4934363215024913,0.49462918495141445,632.5073025884359,22.360047545927507
SUB00870,4,98.39742730866857,266.73697301488954,34.2734046775202,0.8093133630810682,0.6573071085969997,1.0,1.0,3.3937339648385487,0.3195057454953836,0.29360535380431757,574.6128223491843,23.83011400686221
SUB00870,5,122.33488092857728,302.4114362129161,25.490403119956845,0.0,1.10816635197308,2.0,1.1612674044751343,3.3523396149208327,0.2964011440951154,0.5321822846064969,866.6250480196155,25.258475790558176
SUB00870,6,118.56004140715858,236.46545500489472,39.50807579068348,0.1980228483936921,0.8548564569068766,1.0,1.0,3.6042552160335273,0.6129829785686512,0.27193047504249324,650.2225629228401,16.24103531896093
SUB00870,7,113.81774047202357,207.83656642369803,25.153691778428744,0.38708211433945194,0.5869496032971893,2.0,1.7730693569237588,3.263596759870814,0.644713023733179,0.5816329950768431,436.5281420818823,9.018168181050465
SUB00870,8,103.14504239839057,190.96157779190662,37.411563987485984,0.06307746592256774,1.0236715958259697,1.0,1.0,3.958532197079186,0.42223795093661554,0.2636769537665099,627.4490859104744,8.689320979090493
SUB00870,9,119.72242939731245,217.92196421028444,35.13025505895439,0.996034270282773,0.6666147921232486,2.0,1.9080926733319608,3.8283913709990873,0.2790471233463901,0.48816028826991886,824.9705873865754,11.797064657689988
SUB00870,10,121.48226012476547,206.54842405027864,15.277001890113368,0.0,0.8468029874127055,1.0,1.0,3.6267753589435596,0.3587915728756135,0.5780164096549922,804.6360614023334,26.903854254541095
SUB00870,11,126.63960865220488,298.5957505324097,32.19153097481579,0.0,0.9147100931848202,2.0,1.713039788282422,3.5681747765648453,0.4021074327439762,0.4580220680781377,526.2319498896684,25.40766970540144
SUB00870,12,112.49269927198429,189.45502049020823,30.24011909782648,0.35428212973471185,0.05378343167527905,1.0,1.0,3.099761958061179,0.4040015020829799,0.4317776812730078,610.4843153955644,21.374574150026266
SUB00871,1,33.22396814569743,180.70990425607508,57.851603747231685,14.105112902493971,7.926055798304663,1.0,1.0,2.293081164792321,0.46350233889453607,0.4767266032383211,127.32960248177105,16.119775024354656
SUB00871,2,30.790633279328382,219.25225352858226,58.079430202807195,12.178213866556604,8.40905493331885,2.0,1.7328531198696178,2.903039506101993,0.4518889931202834,0.5109165293799162,205.68333747180836,16.449168678350368
SUB00871,3,42.09773584545679,343.8963154656568,61.35200465318546,11.029267862809947,7.843207443202889,2.0,1.506830762336158,2.4432368235813393,0.30261500838644084,0.5006428902406501,215.7577136969905,22.762441983218437
SUB00871,4,35.02454851283213,246.4960039588341,63.56694143200222,15.747894457074363,5.310725281509002,2.0,1.4809194398863301,2.882626132774476,0.2237021030292375,0.2982139797851862,233.1489517376823,8.514425346625496
SUB00871,5,27.066158179605402,227.31444377153585,49.27086530963117,12.730680253870696,6.114329883367763,2.0,1.74468071461448,2.700673415098331,0.1739030651067024,0.5677750488663696,119.02621921155047,22.810719398654285
SUB00871,6,37.3990156431789,427.62046253658247,57.31058483022254,16.096035967443115,7.134999697957085,1.0,1.0,2.3078922081697986,0.23896789603932858,0.44171051439114256,125.71380874448253,20.14509139067356
SUB00871,7,39.809722047724826,357.60607243056,62.34955776382298,11.646280853942985,5.797509253502723,1.0,1.0,2.7255570652595296,0.2218134868492554,0.5906355888492161,214.64213575367245,15.857308216223293
SUB00871,8,33.53188653021424,429.2564210536086,30.97491592149258,15.115866713272023,5.299885353415765,1.0,1.0,2.829174730164221,0.34124331920531825,0.3408607606854983,100.97511601946549,11.479761671598855
SUB00871,9,45.308276908685635,312.4615606937237,43.001901219521415,13.830646519827186,7.296625795443221,1.0,1.0,2.480002549467831,0.3408327172211834,0.5263833642245219,105.19691225781864,27.289300391580536
SUB00871,10,26.95914206405956,299.9764209009912,55.25451408079482,12.316276128941954,6.340235796380527,1.0,1.0,2.3785099798780447,0.5048646584119535,0.28170229839682354,146.69469102168597,17.79782758099609
SUB00871,11,36.0064152835315,310.790824144165,42.84693322071361,13.606019276390578,8.26947591091761,2.0,1.967668329898049,2.4575071901990477,0.41308384352092586,0.31111826276836263,187.51869294721826,23.12018982959716
SUB00871,12,37.738229096950036,402.1699449162858,36.549844830089626,11.870619118932531,5.373316941650258,1.0,1.0,2.658644566871576,0.39492069288770904,0.3053792242468413,231.29642847392356,18.993978545016656
SUB00872,1,2.346405809372885,1390.7150281020072,51.70027085580415,1.4909863180547998,0.29110201401673547,1.0,1.0,1.9679157478672393,0.3877810457389449,0.30847498315513744,6.211710669608763,14.656166992174171
SUB00872,2,10.235255543612451,1434.0442485885517,75.29862425004654,2.759683283163544,0.23046842325074574,1.0,1.0,1.5436128651026844,0.2754573937624151,0.5398525844002477,51.69346693782983,23.19201859540514
SUB00872,3,1.2631277251775148,1644.2723848540852,40.46243614993053,0.8292108418998179,0.7809846731976463,1.0,1.0,1.070944642469049,0.15509815027688947,0.5549399939696946,9.652615391843938,26.406301523717573
SUB00872,4,3.0917750789407954,1250.996155945266,76.57526703763412,1.8050925307605865,0.9976920532275815,1.0,1.0,1.4478033552007545,0.46305955269769705,0.4971975700446194,10.082095415424995,26.98174962682354
SUB00872,5,5.762285585643825,1504.073565228452,78.12400963232645,0.2420206211076299,1.3001478435129248,1.0,1.0,1.7302898426289213,0.4284277373477776,0.4555648021115145,22.56805772719754,21.718137958003283
SUB00872,6,10.894755744424744,1594.630875144791,41.667252366100115,0.0,0.8147807572143649,1.0,1.0,1.490894733942981,0.18210743327684545,0.3709036444727164,40.43187801127655,24.42460674669255
SUB00872,7,11.560845936971711,1768.2007020125404,64.98568156863729,0.0,0.6327478659021266,1.0,1.0,1.4111668848815508,0.33835521695096504,0.4578254671749902,68.31910252334073,13.93317094173607
SUB00872,8,12.804429662538624,1509.3183570079832,49.54381655566769,1.5033451726238538,0.44179742035869274,1.0,1.0,1.4517445497304278,0.5271603738433184,0.4317809573190564,47.397895399919996,16.260470371918693
SUB00872,9,12.697133380648719,1440.3805222875717,78.48385155406356,2.1366968965368507,0.4597703395688638,1.0,1.0,1.4472745520123302,0.1947026725957972,0.5101468403306373,56.16025668072877,27.988931297145275
SUB00872,10,9.672936928456725,1413.102649955328,61.60899282137695,0.12087613950489817,1.285277534625055,1.0,1.0,1.1018164322613555,0.34206050214597383,0.5305718243072576,65.71395889350232,24.43830883212801
SUB00872,11,8.8569396177548,1748.0240664636717,56.29452094903383,1.2780445371058964,0.514936439046312,1.0,1.0,1.1887134968939708,0.47977532268456535,0.5306482903811895,67.36121991029246,11.510664969633982
SUB00872,12,15.003412190566493,1226.2824884402307,75.7844313836045,0.0,0.7288569056617353,1.0,1.0,1.2759805890429097,0.4635739177484228,0.276383798060374,48.6393909379508,26.589028916517375
SUB00873,1,69.60249485464406,532.5193592938991,113.19299724084962,3.9907379949033737,2.028271415368826,4.0,2.7268455779153737,3.407251183511332,0.5846101500142752,0.5828936186683604,139.61344662050308,13.21307864009566
SUB00873,2,50.93095490887833,511.37808339970377,104.84283832116989,2.575423640302132,1.6540839797251705,5.0,3.1794353389279326,3.640987172210408,0.5740742717117983,0.5382870303553522,176.74051777569545,19.35277033507807
SUB00873,3,59.019350850679025,550.9045048782065,104.30259605569387,2.9167378413502467,1.862722882397932,4.0,2.7765400588065496,3.7894581699891576,0.2879704795697863,0.2763915879480132,193.04125018591876,26.979974626434196
SUB00873,4,58.627388478765745,610.0310140851944,116.99706853580457,4.991130493049207,1.7979270043248574,3.0,3.0,3.062414330646392,0.6135403486502153,0.36071311952274965,381.2960579433318,16.007999459540734
SUB00873,5,50.67603724601739,620.2076690537133,83.34169379788966,4.129421339345731,1.5345552263569915,4.0,3.2353128509887754,3.3506293931622566,0.5165465886194976,0.43570634374879913,267.0868864805094,17.543577268119922
SUB00873,6,68.97565895362887,704.4190579592554,66.31184096641873,4.52763082540275,2.9032224619796674,5.0,3.4147722564769705,3.298026263458292,0.38106745414008725,0.390246538924962,154.14991888805739,12.424551208105242
SUB00873,7,47.35999980325155,667.191541447111,99.92125084316714,5.011044541587384,1.7519504867079825,5.0,3.068902117361013,3.9548613054788135,0.3098155762803113,0.507946338844149,191.18238881391852,21.578751434105072
SUB00873,8,63.00205737068758,569.654625572616,66.83618793270652,4.9275296250547775,3.0981268932031862,5.0,2.57627554071206,3.4885665140912723,0.6370761236257905,0.25680355775938307,134.10783637990428,17.58323735027853
SUB00873,9,59.65432430666662,693.981506178197,72.98750716638315,2.499932043232043,2.256132782802583,4.0,2.909267883495154,3.0893366785302043,0.5432235053397282,0.5639186617516283,143.62356717697847,21.72119115138013
SUB00873,10,61.98327431515333,644.9434987134947,87.6460530331765,5.321844034090583,1.6735754474714908,4.0,3.115936595338144,3.1733904944929128,0.5766026664025174,0.2664885821790185,395.21931872342253,17.161166223018654
SUB00873,11,59.661974186495485,522.0542816227198,60.919273149598105,5.214866724500256,2.872684974466109,4.0,2.808751452840722,3.2197112183651724,0.6009541344151466,0.30602729303135234,143.28342996955908,20.025313650304092
SUB00873,12,52.759403070741946,600.1546646488664,67.09857778717982,2.4517203252111517,2.9303404723169777,3.0,3.0,3.0722491301596033,0.49776907410673565,0.4643179195429795,310.6123031114837,13.637118025785737
SUB00874,1,12.628676046492583,146.8678533998407,38.737840618479176,1.1379028258976296,0.8437793708142205,2.0,0.6840126125823682,1.0,0.4842563676169117,0.5934796221588978,86.40364047418073,9.978449832895304
SUB00874,2,7.962043807896639,111.7178848435819,27.765022070846243,1.16460818683698,0.30708596455851256,1.0,0.5764486110348379,1.0,0.49771694935730093,0.4809870964809776,62.48897009462517,17.748912487592833
SUB00874,3,13.096854556457238,68.77767683002867,20.05405961431358,1.104165637480913,0.9536122437791148,1.0,0.5546281584743908,1.0,0.36754709312199263,0.2677357560113354,99.72847126523881,12.013640629482788
SUB00874,4,6.414954890155331,138.0634592910158,18.33563194243524,0.03571897732534329,0.03740756322002281,1.0,0.7173654523370004,1.0,0.47301846809635395,0.5045756883527138,31.48658374378521,21.525020732119554
SUB00874,5,6.416780961353663,107.4143706818534,30.26924480838302,0.14078770966139942,0.4439458755026786,2.0,0.7551997489085431,1.0,0.315677821241396,0.45501552673232293,28.127363595773325,10.875245969972974
SUB00874,6,6.337587822246975,124.30507687150846,31.325768841940054,1.37378087735808,0.31024645692068964,1.0,0.9181053493152348,1.0,0.5100386406453127,0.3821404195537482,40.139061522493115,13.223375279264737
SUB00874,7,8.11456096803908,124.05718178724925,37.593241511591,0.0,0.7248496673267522,1.0,0.548105743471138,1.0,0.42032157929073666,0.4690389454464399,27.585199373875895,15.956167302406854
SUB00874,8,9.83201998773053,111.65435598305292,44.58773420437883,0.4097861862868146,0.7166272389273155,1.0,0.5995389129855979,1.0,0.27801508806637554,0.5499878471180767,72.06045473843918,21.83257227362867
SUB00874,9,12.554578961036272,120.22644655536187,25.037255396799488,0.0,0.5933654274423148,2.0,0.7346305051053882,1.0,0.4502816895013676,0.2736845795285597,62.064988955795805,13.330162936561909
SUB00874,10,8.310395172221382,98.85523247155191,24.422205685106352,0.501808067529597,0.8252045317955587,2.0,0.5106498719097857,1.0,0.2696158429959531,0.4012595722165163,41.64494910034444,24.202010055521498
SUB00874,11,6.3565971023952095,68.75873243751529,35.12545663299026,0.0,0.366368940124868,2.0,0.7900209007482265,1.0,0.5054954940757138,0.5307698800825393,15.66429166550029,24.697092118044527
SUB00874,12,12.718153912226596,146.56461426038572,16.223650516329435,0.0,0.07814948106871733,2.0,0.5594368360222539,1.0,0.42306726454011223,0.2689141178661063,66.23931370117299,22.18335368880128
SUB00875,1,135.08453724342527,372.688495806989,52.244335872091824,4.879995069925643,3.0424461217793723,1.0,1.0,4.313564510737315,0.43480209685398197,0.533848581489963,1013.5306634115352,16.456709414029845
SUB00875,2,125.23092022031128,398.42205504808175,48.208508555141236,4.807356477607476,2.4887181653548835,2.0,1.4186777136557114,4.984965330162645,0.5882178998641344,0.5574612020647178,957.1053188692651,8.340138785814844
SUB00875,3,122.82623914211815,472.8548884215927,32.51970259797383,5.37943458765132,3.0813130568045413,1.0,1.0,4.210438096307854,0.32656811055002716,0.4458536810872691,855.9806963092531,22.79343018823296
SUB00875,4,128.3662497431959,467.2578421670568,45.42115689686246,5.969916554858635,3.799511014163583,1.0,1.0,4.648670632569456,0.3333507038983779,0.5197116023886312,367.34752956209314,17.93937698069577
SUB00875,5,112.87257776704877,445.95031189055794,35.20831843339614,5.7319147191028605,2.526956125273331,2.0,1.7923083556441681,4.636739575737494,0.5613666365251051,0.3462319053736823,432.15433683449237,14.968633407190733
SUB00875,6,134.67279118311936,564.775755028696,40.6676361935948,6.367346519479644,2.430668398735938,2.0,1.2569054900906709,4.355815090289605,0.5322817607225905,0.5842463373377818,1058.9701640220028,21.433971239044013
SUB00875,7,131.449265145788,508.74506526074583,36.89086307430111,5.058579515218736,2.3577365524100835,2.0,1.0267668419871203,4.086220258500615,0.6356233468336288,0.2535586274664786,789.9627339950206,19.808828821117828
SUB00875,8,132.10957780792768,320.3163898040653,53.12179616777122,7.025289106603914,2.97969388105564,2.0,1.5699394902545565,4.614555502664228,0.5927083299251044,0.3718120545451482,411.03172803790153,24.22486134117753
SUB00875,9,107.0771236695929,457.27459506559546,50.348639938861055,6.597368221061794,2.6447062643057118,2.0,1.832957921747123,4.512878382729108,0.6334572189573435,0.3710736639871801,514.3671326455585,27.837424588347062
SUB00875,10,122.84287355753476,372.02258677439164,42.946225312785934,7.504421142690161,2.235294726409154,1.0,1.0,4.450253785029804,0.34520761618148665,0.5126668628968832,600.5786075025002,8.603119163278272
SUB00875,11,113.59401187273004,457.2328149723754,49.895728619594834,5.2993855299913335,2.52258050272392,1.0,1.0,4.534704308516076,0.6180178083554473,0.3987376635753463,465.40967299081245,9.212559714091643
SUB00875,12,131.59649080860316,319.37367833136176,42.90878384435609,6.851230929901793,3.3325189665725663,2.0,1.7635022064521126,4.927892152419457,0.3212437855572544,0.5230123820098721,459.3346674203705,25.18914634089767
SUB00876,1,1.2164656991926945,42.09265973876241,24.252042285018895,0.2673849715480995,0.47384349544287735,1.0,1.0,1.0,0.3815774295506562,0.3549976705198211,5.516829151953932,27.932350026530546
SUB00876,2,2.276170414568422,12.923371643441108,5.751277927216972,0.6108781238530977,0.1282811762681511,1.0,1.0,1.0,0.2745529681116685,0.4722118367678029,6.372104731924169,13.081669566811707
SUB00876,3,0.7260497440625228,38.0688052136588,8.309859525188465,0.0,0.07124991465869718,1.0,1.0,1.0,0.25918422357768683,0.5881732733830125,1.9626241349932283,10.337708191751421
SUB00876,4,1.862517350113181,60.53470787601387,17.36275987948227,0.4503011831872121,0.2777662935402504,1.0,1.0,1.0,0.3850274372429503,0.40431113774598393,8.318581746028036,8.24859708915656
SUB00876,5,1.3868605874171858,96.33499462670288,22.162124740564305,0.2760161678863834,0.35167562593468166,1.0,1.0,1.0,0.21285367003731057,0.4013373705436458,6.779948346867529,19.98958353309706
SUB00876,6,1.2323303258066256,68.93776766548059,14.236304502431398,0.04374954563147879,0.06706225311008585,1.0,1.0,1.0,0.4877491531354645,0.4235217494350787,8.287384651479039,19.97839525482113
SUB00876,7,0.5219517656598235,13.125337421707293,22.325244112166992,0.5777759033530867,0.07120794886798687,1.0,1.0,1.0,0.46672791738565367,0.2970442545589144,2.133014217412686,20.835669814130235
SUB00876,8,2.392937180669878,77.15726160140257,17.35583354163955,0.322698248084197,0.3278581668513154,1.0,1.0,1.0,0.4108758451912856,0.38880760644037504,15.426845564051868,17.099584439397308
SUB00876,9,0.6266692519335619,61.99058868450208,8.2350233176037,1.0330732892335979,0.13806738177282507,1.0,1.0,1.0,0.37284799520195216,0.40356655392491875,2.2907511691624443,8.648730910585442
SUB00876,10,0.0,77.57939446630286,10.9038808243164,0.5574745324486514,0.20103609890915214,1.0,1.0,1.0,0.2152919123534769,0.4779764823180104,1.0,8.54283146690903
SUB00876,11,0.0,61.544592284700855,9.726729803336436,0.15826658242735908,0.23398199072068676,1.0,1.0,1.0,0.3822635011012997,0.4804313343085608,1.0,10.84580996695356
SUB00876,12,0.0,99.51455147083499,16.073495213959866,0.5239612980581185,0.252454904469893,1.0,1.0,1.0,0.2867955684605209,0.3043332879262161,1.0,14.235787333005085
SUB00877,1,94.4436466753263,179.79491462801406,20.613773627435812,1.6405118441169422,0.16894303123014687,1.0,1.0,3.353035630909691,0.3100969301898755,0.4805157852695572,703.7107644641007,20.536821917319514
SUB00877,2,120.59732525665297,187.20091639638233,17.50451432255373,0.08308323640486528,1.3626837868049406,1.0,1.0,3.4411096436892032,0.5340504218881151,0.297575476633348,659.3723768042508,17.852828148930023
SUB00877,3,120.52716119409956,239.1035522760279,25.556425275184978,1.3434622287990976,1.4996097043863954,2.0,1.4732763704246725,3.453049220030254,0.30090856848743364,0.5083730603451384,778.4354541577288,11.166910502325702
SUB00877,4,119.0405086299775,190.29579450997812,15.369277044187811,0.6852851458862785,0.6966452235411931,2.0,1.6251521400235225,3.141528397305688,0.48365604050188005,0.32157995973552167,655.4988199843419,9.337542129395278
SUB00877,5,97.19405783431777,298.7803050573106,30.43873414144746,2.26416194674232,0.3990585438857221,2.0,1.7090928562783123,3.4594984536671745,0.5444073261796495,0.5880287120971169,243.7840050665075,25.972215543335082
SUB00877,6,105.2189190810589,301.5921350994108,31.03956345831256,1.4322475322521273,1.4272711827152889,1.0,1.0,3.762178876287482,0.4910748857614855,0.5551137948282056,800.0370218158569,24.78597551321616
SUB00877,7,103.60660354822602,242.3577017996544,36.21210183850948,0.9103834655837071,1.4656521981263162,2.0,1.7416906935400362,3.0397586468766646,0.32040925111261753,0.4449197238877244,506.81126475630583,12.573991842977833
SUB00877,8,117.47820894382187,133.2754627711572,30.582510090720767,0.8088058695280045,0.1181413729306201,2.0,1.025351952624575,3.661485777477399,0.3739622938262718,0.431839557401245,450.3146897305169,19.52188091635256
SUB00877,9,104.81336461966504,296.48928762610956,38.49418981892397,1.7443911639167093,0.878881165184765,1.0,1.0,3.751613905512221,0.49599520362067895,0.546683730264223,386.9049132063404,23.097594051863034
SUB00877,10,105.34318450363826,312.7185835736186,43.69167311259198,2.411212905780745,0.03354716394809182,2.0,1.9955451063179006,3.6222409809809832,0.5215874882032702,0.3624002163477776,644.2668625677778,14.712354127491444
SUB00877,11,119.82306568611563,219.76760766666382,42.441954499639394,1.284365756357115,0.993645501783643,2.0,1.1180597658403468,3.8614401486266736,0.3745971522863317,0.36861454326573695,680.2060860240932,11.322538738242082
SUB00877,12,127.39831341894366,161.34479304226906,27.624977236118028,2.129888075095049,0.274127451974757,2.0,1.2615755544626328,3.342437406206764,0.5493149433676419,0.47103432855690175,688.8447358073114,14.887512553105404
SUB00878,1,48.44794956330524,340.6733809133804,48.433722733156415,14.571368204201086,5.778851073073261,1.0,1.0,2.7570615202792346,0.48859501665370175,0.37190461144611053,156.44762701775085,8.551302620743
SUB00878,2,47.307420315696795,256.7376662728969,45.64729026711418,11.64798851290562,6.966249274907685,2.0,1.9707189180072775,2.377012373182084,0.4093358557979342,0.4174401764081502,332.5597303286541,25.387722263479525
SUB00878,3,29.715782161753513,229.26552912707834,40.201764728226834,16.0432046389297,5.478488100633958,2.0,1.16791964820224,2.9169533056411745,0.37518683374526063,0.5989140924551439,226.78494526647168,14.67428920446282
SUB00878,4,47.883964385885044,265.3948122492161,31.707045325026826,15.41821490407241,7.330497206941805,2.0,1.0164884290123206,2.034833915512916,0.3427933893894145,0.37539138820216345,364.8187051867051,22.465138793232303
SUB00878,5,34.45606120720186,348.2311853048965,45.649442335147484,11.704084183924977,5.3955008856421385,1.0,1.0,2.035832450305709,0.3299265275099976,0.45639017687401356,235.60248528734348,11.362503337528153
SUB00878,6,41.22177876304055,256.84288625446806,31.1561685186679,11.467568168144842,5.415172355757243,1.0,1.0,2.127961175152226,0.5262382115265399,0.428241749122917,257.1583364424401,18.877661453411996
SUB00878,7,49.419232739395866,220.56421909351013,54.710712972697365,10.940149385324256,8.584960689008193,2.0,1.710132642266788,2.667543810004629,0.19576597361333786,0.3397681459437033,383.03473297455025,18.58401047729294
SUB00878,8,41.06516033753014,249.1733728173377,60.98929893549452,14.011538450802068,6.69856083253568,1.0,1.0,2.168460685920855,0.16180949641492595,0.45769564223331693,247.94798004670793,9.66662102026953
SUB00878,9,34.77317412788808,387.8510830059774,61.564677091823484,12.205813401046592,8.897898374027026,2.0,1.7778398470066001,2.6021809003985217,0.24346579697839732,0.437635035655638,146.60750353358407,12.683465034460234
SUB00878,10,46.94719062691626,359.243850839488,40.38343652391174,15.692907553166298,5.7490785490341985,1.0,1.0,2.5152644555410397,0.19911676163161243,0.4592230586485335,342.6869985720472,24.23480695638476
SUB00878,11,44.653463304702335,310.7671002269751,59.51901840851404,11.428267438704639,8.909309749561368,2.0,1.0661108844103298,2.2865186684572762,0.47914698753782425,0.5503202315284499,259.28180354687123,26.52200610180837
SUB00878,12,28.78710536647749,397.6911607562966,61.005880441481736,13.133353333711268,6.289366340114963,2.0,1.7431945183844122,2.10964697711357,0.27695774005690715,0.30292432178844436,160.41020618846997,22.96626778545341
SUB00879,1,2.29981552256043,1328.6742313407963,58.83561711800331,2.677839104012934,0.34047787133676116,1.0,1.0,1.2939599903668602,0.40958573108148966,0.33381222000240574,7.010433481144089,20.9385239727401
SUB00879,2,4.709866025371085,1191.4029997329405,78.90331899946266,0.6099784223868042,0.1282057478664868,1.0,1.0,1.2004423397656485,0.19931332168653046,0.5717541095570251,14.309332400037572,12.267408162952727
SUB00879,3,8.338648751113434,1682.7452701698778,47.54288884550907,0.15277754263754323,0.4843727803262235,1.0,1.0,1.3950359949981732,0.4949441773990416,0.5848838404052759,21.807227564848557,13.582783284673452
SUB00879,4,0.7887910475125746,1709.5452195170608,59.79460451917489,0.0,0.3073548455917881,1.0,1.0,1.3955136799784174,0.2849350268896848,0.3870056925960042,3.944175361830865,18.892516145071028
SUB00879,5,6.388342130528382,1626.3170194880777,54.42169394878616,2.273890747148454,0.3654110901255731,1.0,1.0,1.4373904347762938,0.35247103882685926,0.31887856014816973,34.66915899037751,15.9869872383223
SUB00879,6,0.0,1446.9040506309173,58.210065604191556,2.0245543179407552,0.6576115529976284,1.0,1.0,1.9932327847506714,0.2862940200273107,0.2587315898232705,1.0,20.58958851688681
SUB00879,7,0.0,1608.4519340300956,68.98980966742259,1.6829199461680453,1.339427056487783,1.0,1.0,1.9896053748046474,0.24253581868011675,0.504244467298825,1.0,8.557333335250963
SUB00879,8,0.0,1310.0463121214812,76.07370889077714,1.559434000429082,1.293916748533791,1.0,1.0,1.6108455057379596,0.26195154392465325,0.3498755185703176,1.0,16.975381708431286
SUB00879,9,0.0,1442.2340754978409,45.70797767630882,0.8042630488167486,0.15772618699985053,1.0,1.0,1.8099602056529682,0.5117637448725482,0.4699274965352761,1.0,23.507663638250598
SUB00879,10,2.4935922860046347,1636.0982674242468,62.795469466752856,0.27697936075419616,1.035085057082645,1.0,1.0,1.6201403091002538,0.40564288363750056,0.5142113068376617,14.261182348694112,14.110861090396977
SUB00879,11,0.0,1431.8081715571923,68.85226270218796,1.2098270758198715,1.010830274565369,1.0,1.0,1.6978559374452602,0.3745912242950059,0.5661069066936336,1.0,25.11305551439613
SUB00879,12,3.971681503970303,1410.2448498292297,75.4755267956572,1.6406393804645532,0.5003305973985075,1.0,1.0,1.5345558652405318,0.23213328975934006,0.28896459667162294,10.074267194168607,11.14722327807232
SUB00880,1,63.707532176210414,597.2022247578677,81.03158293365901,3.759489389917526,1.8005200320182226,5.0,3.482009518130152,3.479066043529807,0.6140777720959463,0.30462500688611094,287.5960777712033,17.269834648357175
SUB00880,2,61.12713661536078,676.4990722963047,112.19160029601743,4.204344861139644,2.2390773994237607,3.0,3.0,3.9156292245216426,0.44841179260230435,0.4941535956070061,329.6930504677208,8.040452340576993
SUB00880,3,70.4887025472561,509.0807844626085,108.81971761124512,3.039105739883756,1.827621512574145,3.0,2.702666823582877,3.4762187951218824,0.6491340170055222,0.27372679772629915,315.282117589294,20.652424817276323
SUB00880,4,49.92622088175328,496.2390332362945,76.97916991998721,4.443526576142358,2.707331849340674,3.0,2.7146593113465816,3.6506599816727956,0.25521411211973916,0.287044644751832,138.33083744704436,15.950433824459505
SUB00880,5,74.89062952454665,775.6135032907525,70.03826811756043,2.1156781717123883,1.767765390513677,3.0,2.612763627804403,3.2748790169953286,0.6410376731529558,0.5068449762837891,510.02836407060653,10.337797767364442
SUB00880,6,76.0159952922061,504.4929148573604,97.42012007996749,3.6460822346733184,2.431284926162175,3.0,3.0,3.4759488116817967,0.44327895371732595,0.36097502618089555,529.3018850798021,15.220923164090493
SUB00880,7,66.63257444134751,612.8515419373138,92.83100873941521,4.837251221915966,1.9744002159172946,5.0,2.5002084725567104,3.281256744651826,0.6093761093106973,0.3853214093601345,177.61109038870526,9.244380258241375
SUB00880,8,53.65229527533586,446.1110651284318,92.4329903338805,4.79136552535955,2.6800875627082954,3.0,2.760404497340665,3.7877768762659985,0.46519451978712745,0.2766280766087785,161.02975533730893,16.486439558780972
SUB00880,9,59.30532312511184,684.0776531876559,72.5170697510958,2.6951978065038857,1.7891318984685904,4.0,2.689272559758095,3.9659171726148283,0.3465845270049922,0.5491661428712178,359.4735843818447,10.734586792354774
SUB00880,10,73.42734990534652,761.5429468956172,101.24367778058549,4.485484289007143,3.1859435756768555,4.0,3.1266647876584006,3.5868895431439443,0.5537255121168172,0.25919756999607096,310.51232224958375,12.825801500312831
SUB00880,11,59.14903743409644,795.9552472096699,73.40894184738171,2.676498921845038,1.8826217038031026,4.0,3.2321960937670227,3.0895733892890958,0.43187351896974135,0.520164470744441,411.26453160280744,27.533154882714186
SUB00880,12,57.371287528732374,703.5648395838548,107.03584744242883,3.816932036308774,2.544079861481901,3.0,2.597197000309949,3.9467230168167564,0.38217702770338013,0.5608675522567301,331.58346974043786,13.239899149271643
SUB00881,1,3.5549572011970536,77.6782446970587,32.25930502755084,0.6527585743164149,0.9363887453770203,1.0,0.7632114670345282,1.0,0.5066880763259746,0.5686742669664799,15.249764162487415,23.65672171814164
SUB00881,2,10.945554677427078,149.32175387510281,16.37654037850737,0.1569936007487866,0.038639844541005886,2.0,0.633663302724822,1.0,0.4793726774319228,0.4743444934492922,37.72097361674515,19.503307821493237
SUB00881,3,4.877124135874227,89.58888166823039,43.03666764606066,0.42217868693369515,0.8058899439667239,1.0,0.7166900703000199,1.0,0.33445916186987734,0.25909628654067557,38.65897652621495,11.06449448352901
SUB00881,4,4.765850696407192,113.77020549016035,17.800766890660107,1.1276775561943133,0.40148032145066526,2.0,0.7013396524920316,1.0,0.5034983301373951,0.3094530523874993,25.781525800175995,26.266445903484584
SUB00881,5,4.074821571795952,116.78701962365334,29.91169664699568,0.9062033633632951,0.0499742241392811,1.0,0.6912546993334012,1.0,0.4084295555391003,0.5267919935170537,9.840408874962614,24.60947961501474
SUB00881,6,5.98482223947684,130.75366693673016,28.658573851723993,1.6306168186204781,0.28079376212381835,2.0,0.7245957386625332,1.0,0.17064901258419005,0.4242989981432827,25.10807545272097,22.43389742012922
SUB00881,7,7.335460454880916,101.25915610637374,30.95132207196003,2.3336456934507632,0.6862983723087154,1.0,0.624426249918578,1.0,0.48122942756132114,0.4929884581526286,22.720700102968934,26.888877435048016
SUB00881,8,14.049476865460889,138.9903702612061,41.595013960067526,1.3476312859597557,0.8744513809468124,1.0,0.8453482521395834,1.0,0.2149858927856701,0.2975967624131731,34.37597061659573,22.912570928988707
SUB00881,9,12.211280086635906,98.29556505827478,15.391887881443312,1.735843817257343,0.6979377880875973,1.0,0.7689760651374583,1.0,0.22827316525876684,0.37378886877773104,32.924614468647526,12.3488161155501
SUB00881,10,14.42697073066714,110.16206866848444,33.89369518922297,1.2546227621079493,0.009717858745117658,2.0,0.532713131375198,1.0,0.2371438372583463,0.2788786886393902,79.83048104291028,22.10871388009025
SUB00881,11,8.773870475230943,153.1439353445493,43.981388027578134,2.0605883428977165,0.993278978030871,1.0,0.7548492453572546,1.0,0.28985877040265035,0.5955521260997028,21.554499195240883,21.63806652452471
SUB00881,12,16.116230826846113,137.0924818929648,43.76151214145867,1.5832575813611287,0.9524635151101412,2.0,0.9803140264408459,1.0,0.4378234340768823,0.5171609251079826,113.02522505214385,23.80297014430472
SUB00882,1,134.80133865050823,342.5078183828127,46.285596786623245,4.719374398645197,3.4789874732823423,2.0,1.6973874458272953,4.88683019631371,0.4344493691114306,0.2974680180071328,957.12554994255,17.097619839231218
SUB00882,2,134.15524478159898,375.5495700968651,54.6686124608073,5.550993634861036,3.976053238486047,2.0,1.036279445056183,4.317312802124876,0.5313069560152632,0.4450825572469832,892.6868453983145,22.185322998617515
SUB00882,3,128.9192018306462,483.46192767786914,35.06520509341191,4.333131868664401,3.212768020993777,2.0,1.6747630598800147,4.053060638536914,0.33294201064160667,0.2967059771110138,857.3182791957338,12.149309524242257
SUB00882,4,128.49083387991658,440.8828559972419,41.76557361209719,4.720180014476735,3.9285529451224352,1.0,1.0,4.102465763750816,0.31819478949103186,0.35252692317569656,839.0871320709214,9.91659910783902
SUB00882,5,111.63714310791498,441.8323746557572,40.30060643186131,5.693056753882722,3.4596200492356677,2.0,1.046008159038281,4.817711902675169,0.4648698476363853,0.2553359037321944,631.4855521239857,15.388397690860526
SUB00882,6,130.8023917982161,451.6742047301542,30.46339092033779,6.755895240083197,2.2596924002004943,2.0,1.0321591490067359,4.999255281161025,0.5893160459548757,0.41239051315290964,268.2674429250809,23.425732741766666
SUB00882,7,115.40455017423382,428.7525722487071,39.91888130293489,6.266484691674437,2.21085720868709,1.0,1.0,4.3582171755914,0.42484662293990616,0.34669670174971834,504.52201400779387,13.47727475829168
SUB00882,8,134.8134618224355,457.89480353164686,53.41300861183207,5.528451404438851,3.2931362660316745,1.0,1.0,4.733431728434431,0.43162900145657257,0.3675750118122338,893.393486771702,9.535491896982322
SUB00882,9,128.7124624750582,317.0242575841658,46.37591542508637,4.619866249164332,2.8749495478112523,1.0,1.0,4.858402643478739,0.4532979051832404,0.33945984945981933,558.6720488938284,8.769928965182418
SUB00882,10,116.41408644198687,363.92208618674056,46.504446319994884,6.291498399373536,3.8599861402585613,2.0,1.3898480283519037,4.898606353350105,0.6269240459874086,0.36670504314151486,458.62537126729086,11.63428912801517
SUB00882,11,134.03377022825023,518.0024276801068,46.30665621346286,6.528089440248115,2.137673946697891,1.0,1.0,4.365703801224282,0.4391696939425256,0.4950432239082264,699.6391556944287,16.03960526765654
SUB00882,12,116.91443379762511,356.30866292081646,46.40666671765709,3.425523296686816,2.8804297961829457,1.0,1.0,4.586670887910903,0.32992900419880944,0.4042617055926274,306.9954715452549,12.315203735659193
SUB00883,1,0.0,83.23911476734858,10.734709277387983,0.46700254179912754,0.11281059821990441,1.0,1.0,1.0,0.2874249096774487,0.4179986617652105,1.0,17.623119986808568
SUB00883,2,1.2467385115685543,19.497894488967557,17.321714534176593,0.44302039465603316,0.09931098911833847,1.0,1.0,1.0,0.3649902781411801,0.3757278682405225,5.486613144965592,17.257114342270388
SUB00883,3,3.5582841273842396,30.362185295843602,17.065014617036326,0.5349036365816785,0.17138811708734247,1.0,1.0,1.0,0.27535027451014193,0.5978910542505392,14.606168576844773,16.934635696988416
SUB00883,4,0.30064278304791237,4.5602260878560426,7.3471489746433445,0.491338131907977,0.4394922547938831,1.0,1.0,1.0,0.33585774223152676,0.5514595261514021,1.7718094491233565,17.62904899173479
SUB00883,5,0.3615100671885765,52.10003021273687,13.48258392089011,0.741483215684795,0.18179943204981608,1.0,1.0,1.0,0.21187274245111715,0.25505381895277385,2.800288207183572,19.848935192078837
SUB00883,6,0.6902085733132015,47.55364334289964,10.520993587128434,1.1130173983430853,0.3530119160622087,1.0,1.0,1.0,0.2696191324701671,0.4749289700932666,3.5800884581344206,22.741669418620088
SUB00883,7,1.4259962048914343,83.66928034341379,13.590997860231163,0.9401356912220649,0.3473505924216776,1.0,1.0,1.0,0.5280361120061946,0.30274275193381694,2.9494096996178643,26.591744387827372
SUB00883,8,0.35193115297313193,34.39556864011257,22.236402853198847,1.4776459249882143,0.44306254059878286,1.0,1.0,1.0,0.24595836751999128,0.4584806415656829,1.5066482698335062,21.883981524952816
SUB00883,9,1.3921644915783549,37.09031622248112,6.590024278370265,1.0273150696762399,0.3510817371951991,1.0,1.0,1.0,0.26528979479293363,0.5975292862760959,4.718461920443434,15.776375009669634
SUB00883,10,1.3189282609057744,30.160465608736146,20.826046048118876,1.5879068846746067,0.04269281050085222,1.0,1.0,1.0,0.16527774918644686,0.5229451980219482,10.221172280671762,26.848780267327093
SUB00883,11,0.0,60.392127788726086,19.16530218175442,1.1348959015597864,0.373359760580733,1.0,1.0,1.0,0.45901357412006094,0.26344413412028,1.0,19.92298553552221
SUB00883,12,0.0,44.28828127026637,22.012122241522057,1.3105126013528303,0.02473561336780583,1.0,1.0,1.0,0.298873762735174,0.4190361709650663,1.0,19.952628319964056
SUB00884,1,107.07550755346745,190.5450608367525,31.969827456028007,0.0,1.0185625727086165,2.0,1.8965312002799666,3.7047533010260985,0.5695262510398548,0.3289537556424383,304.9024232667681,24.10092368546316
SUB00884,2,100.81518372220563,278.94926082632327,39.76228369965341,1.815555292996536,0.8912363184045697,1.0,1.0,3.1082110003314227,0.41114393392254334,0.5173287852648627,481.6906570594612,10.397847956216665
SUB00884,3,122.65559421676375,305.70161019364286,42.644706221802835,1.1925792764107397,1.370549912270508,1.0,1.0,3.683100611493755,0.28776952485768725,0.36928281059066337,824.4268697653092,18.856075169339142
SUB00884,4,100.82872249040246,174.31690904099597,27.48630023784738,1.368221712218351,0.6774353090706084,1.0,1.0,3.4839846404393673,0.3679534121205451,0.5568564474186213,492.62948152073074,14.161625890427416
SUB00884,5,107.08286211780195,191.28478002751186,26.932778080003555,1.4694573659234558,0.6560795551423753,1.0,1.0,3.8497516133037784,0.5842799743365431,0.5713180758576117,749.4096989752401,19.435870737013342
SUB00884,6,99.35878934721639,140.6464429296759,43.20515009967782,1.395426781359436,0.30485602813401985,1.0,1.0,3.3669717653559528,0.5470181091662898,0.25597983670451924,453.52825813783073,19.976091017361092
SUB00884,7,104.19099278031695,255.29815388741957,40.821302726735084,0.2694776045981632,1.4694906497788378,2.0,1.1370475731034542,3.6689295908202264,0.2592420517952726,0.43340734144743576,600.6295774475751,11.494162104647934
SUB00884,8,125.00103672650751,237.41904888799638,34.92098389091721,0.3561544146261475,0.10248668565635594,1.0,1.0,3.8357375322647043,0.45084356496853606,0.42521264012199844,832.4900490853951,12.525820478150411
SUB00884,9,122.58333023894033,295.4326156848494,19.425660966496736,1.018952018597554,0.9182100383439006,1.0,1.0,3.3695671891958057,0.6267876716128312,0.5467528463332063,820.1540102649438,10.373184354006845
SUB00884,10,110.15181103452994,189.23899689481567,42.145918165342195,0.9461414059802731,0.6978986155912531,2.0,1.5266035389929187,3.501874584967039,0.565558433288593,0.2668235508046708,228.01133071120267,23.24405924219014
SUB00884,11,124.55832701030745,206.47438062487635,30.25007773230368,0.793608411396153,1.3112078153652953,1.0,1.0,3.995290853632261,0.6112356783885162,0.5624279822267084,269.64305774631333,13.086131857425135
SUB00884,12,125.43549590983537,160.9515520700037,42.86641664443293,1.3129292377530648,0.6215703696214689,2.0,1.0532713321202036,3.941342886251794,0.5228207489665941,0.5043720505175893,342.366242950641,14.13426337509462
SUB00885,1,45.36813010676129,361.3209274754688,62.778083424158936,12.576738179975719,8.685630322294918,2.0,1.9257086417987648,2.634800951951595,0.23091749456734253,0.2755177030899098,120.74270542681478,11.656441561943407
SUB00885,2,44.53813985574745,183.37198267894647,50.99443303069406,13.356569874778057,8.533787901189731,2.0,1.843762898261701,2.9640787224316587,0.4659592881691096,0.588216808528411,241.4485409841827,26.035231720922145
SUB00885,3,32.205479450454966,358.5539075680516,38.01675541349613,15.799245995550283,5.980539851632105,2.0,1.2535364371347235,2.6893340151401146,0.43101785308411755,0.32764144984607513,162.8879921417845,27.21638675912611
SUB00885,4,35.549603380601354,404.6659882999771,42.43444029797728,11.686297253970476,8.856453675862838,2.0,1.2478776851277404,2.46275498546416,0.442078133781702,0.5460225258722544,265.76146723614096,25.38798964140983
SUB00885,5,48.400314736027426,408.4097517728057,55.142238779437236,11.322035369638533,5.620920536264389,2.0,1.6894920727002758,2.6138425184745255,0.3289956472884029,0.3890076857101266,283.50711063453747,8.627077311909687
SUB00885,6,32.119096581582525,423.05859493771,41.24610973333014,11.197879871562229,7.46205773994706,1.0,1.0,2.58650510599347,0.28160593718813665,0.2625584237600639,97.6555028160701,8.748534683961601
SUB00885,7,32.9666050261821,221.53101757209356,55.96856725377634,16.55863514879582,5.687982279452502,1.0,1.0,2.7246227833813332,0.17257862229543344,0.3066809634171928,92.92545067603085,12.531711706610754
SUB00885,8,44.08929190232472,275.55111106290406,59.891661585291665,11.748439135278769,5.679741535377369,2.0,1.1842271093161925,2.511603784528303,0.16710723378940676,0.48145759847445346,223.2134024489272,9.210381463670787
SUB00885,9,31.841705647586313,215.4802402059876,60.30850916747508,15.639461955825674,8.658407539855473,1.0,1.0,2.1121877664790176,0.4945742016798199,0.5944579329917622,154.48001676964716,27.048487575757605
SUB00885,10,50.60617839769309,285.6099696625385,61.706853591762126,15.869285136151083,8.40167930074372,1.0,1.0,2.4275641824059395,0.3910993804522005,0.3531201044691053,327.5084727113448,25.79121369869702
SUB00885,11,40.53280004503375,176.95682376387995,48.6872068263848,14.011159882858191,7.672892142776803,1.0,1.0,2.49169916410458,0.38780111147896557,0.4740648860850261,305.9528074839421,11.923153253302525
SUB00885,12,37.191389998307784,247.6583243243254,63.98305251443105,16.11409118555483,8.593166932079768,2.0,1.4248580546500607,2.182314840965308,0.4463032111727604,0.5324530418506106,123.59245186621827,15.314114248902419
SUB00886,1,10.616270426542405,1254.6306746710768,76.39013539522476,0.2937306601440019,1.0032778543797418,1.0,1.0,1.757705097940564,0.3554917775422908,0.3453999443457658,39.81861511019629,13.635145508370877
SUB00886,2,5.938457494405597,1409.463781466171,68.15315103099948,0.8649791607480829,1.4608932555716736,1.0,1.0,1.4994667391270915,0.27652360465596854,0.4490591996101696,22.68927377170167,18.459590012290292
SUB00886,3,6.142668314742794,1681.3075649116531,77.84733965929416,2.142011891187292,0.9655358355977924,1.0,1.0,1.361232800042143,0.19644725682919462,0.4628882038709019,20.41039331912088,22.465376383681456
SUB00886,4,3.598465651953473,1357.4465458231066,59.02067718510151,2.93883327281788,1.4458172981363218,1.0,1.0,1.0023830345844447,0.34103297593084303,0.48464441913190476,10.889699531143732,13.372873568964089
SUB00886,5,8.344169759824537,1296.2845500093902,73.23115464322697,0.5189138152487627,0.941551978474679,1.0,1.0,1.5903900521210126,0.4074077964777021,0.2595143461474347,32.12902534094747,19.761292128593823
SUB00886,6,4.538156195582826,1312.3057315942244,62.37410134748767,0.23908086257702713,1.4443768444457066,1.0,1.0,1.0147841659777868,0.1509259064670887,0.46695528987570295,30.91770040647967,11.306496275218038
SUB00886,7,1.9352163236071926,1213.3786500079323,73.03791459391053,2.7063781886541562,1.0074203373960768,1.0,1.0,1.4384796675102012,0.35969227090990197,0.3432352052344685,12.938483389671635,27.568210025603612
SUB00886,8,1.914975020542713,1461.231966974829,68.51174229192172,1.8667416265503065,1.151057377650406,1.0,1.0,1.492711091810654,0.40080473405692985,0.5784587004595982,4.841063899675552,24.793422156871223
SUB00886,9,0.9732246914828444,1446.3775127528772,54.4287044107527,3.0250640300789318,1.0986218513088168,1.0,1.0,1.4988129056628203,0.3449999231950275,0.5999992520362292,5.878418701155194,19.555691808112062
SUB00886,10,4.798563580739297,1448.9871509811178,60.605537011298516,1.685558023640249,1.214234356224687,1.0,1.0,1.847216260680634,0.21444970325166998,0.4690341769735189,11.518484620708355,10.705889517379923
SUB00886,11,0.0,1405.8425313702044,42.35562396805071,0.0,0.773109750866175,1.0,1.0,1.7666535733205064,0.4478807116029119,0.3701336940762169,1.0,17.922162634850377
SUB00886,12,7.534874658796191,1349.4575851028856,47.20581884257806,2.1150537795539908,0.8701988190640906,1.0,1.0,1.1875488464567536,0.2934594078147321,0.3025829144315711,29.855255486338027,27.6991369411753
SUB00887,1,61.55303757613292,519.9710003559702,87.61779654030008,2.0345509560500994,2.7103175203860332,3.0,2.89508076253457,3.9402331414390455,0.28646370821656264,0.43783530791863146,349.3426415657195,16.79174763219279
SUB00887,2,64.03370498180969,590.1767688846583,106.84422192066427,2.1375748752972834,1.536980156761229,3.0,2.749347527898253,3.998368121411184,0.3121102308733339,0.5633595589879641,474.39158454950956,25.86422111832681
SUB00887,3,63.192833819525724,677.4473826027687,114.20285838811441,3.266011806764655,3.2667052087270316,4.0,2.719075998135555,3.7910971457152307,0.6447413328031817,0.5837729981548054,202.38115809076388,23.922964471349843
SUB00887,4,57.51766738082367,719.6997533539245,60.04151870818052,2.471450475436942,2.0236884703797813,4.0,2.7385545397893134,3.3325216831272555,0.5265570555940874,0.5320746472761122,345.01658350262727,23.569742112929102
SUB00887,5,55.1418330060152,586.618834766986,84.90686254364807,3.1466821298252166,2.9564269467999607,4.0,2.5824352297478614,3.685878969926339,0.4639323081367751,0.48136267847376524,415.3232960701052,12.87716064676036
SUB00887,6,73.52417018950719,653.2753794336994,99.86947683665976,2.4746957695206624,1.9590936516604478,4.0,3.0469137137963918,3.387879237370626,0.4713642176564551,0.2828071193541666,369.2172716935674,17.644301027010474
SUB00887,7,64.19477320970057,683.6740175383017,82.25967806591444,3.7851512880028304,1.5525435948855588,4.0,2.9346581533883933,3.245602907525135,0.6374225754337469,0.4089597072930114,454.9469177094091,12.763281879719269
SUB00887,8,61.16040927383062,745.4392428204102,101.55702092456693,1.4475393287644027,2.3025941202157147,4.0,3.278887231742093,3.5069992445481795,0.481896413855166,0.26294582348876083,424.653791764492,27.066057906738866
SUB00887,9,71.7040670716232,628.3339179337581,77.79229543395478,2.3107206748260154,1.9194201199545204,3.0,3.0,3.6874268185643246,0.5301935160394157,0.2654460666836074,322.0651125230707,17.983969190137678
SUB00887,10,51.90719120132537,559.4483770804455,63.91788303113283,2.7787209907529826,3.171645198273181,4.0,2.7848744056758385,3.89529945211314,0.30404601776247075,0.3100282526769968,121.565619361001,10.539305758008602
SUB00887,11,67.93727699022308,588.6697510568555,62.58672700903258,1.6562329338263522,3.016112469812097,5.0,3.42907012782608,3.2525113366316916,0.5299708501186042,0.4075928134512231,295.80530077214314,17.810760659797815
SUB00887,12,52.564621373570176,601.7557135184303,61.84170515325241,3.388970778086654,1.5461324955236178,3.0,3.0,3.5021653611468175,0.40791773809183596,0.35409251479214876,319.36711424388886,22.222482958492776
SUB00888,1,9.371606545887778,149.21023835268758,37.73838273565457,0.8932901747517457,0.6556779681662004,1.0,0.8679566551140091,1.0,0.28784997803977996,0.3456707960627541,40.070623316262164,14.990761470056608
SUB00888,2,9.541802487466358,51.89001373974821,19.44528716534628,0.7434708122931101,0.3656876897586603,1.0,0.8017037682444488,1.0,0.3623256227855366,0.5606085590133496,37.1493020993772,15.511696529429992
SUB00888,3,4.247124269463055,137.73973637512285,20.55082029876616,0.12307636636365236,0.9364544180953585,1.0,0.721970405221495,1.0,0.4662145411475206,0.3821209305056755,20.22574083078195,23.05124005294627
SUB00888,4,8.468303034197305,107.1556821229812,20.414457998652804,0.25629812887231274,0.8445711328383014,1.0,0.9068489082939816,1.0,0.5212746978835605,0.4420803978445968,49.40980052364231,22.321187127164677
SUB00888,5,0.0,81.78826605307597,32.2641678021333,1.677390475623205,0.6802641837179114,2.0,0.5467735535552106,1.0,0.20910702999815553,0.28046162001116365,1.0,9.561409769976487
SUB00888,6,6.310512831274828,91.11851299633189,29.827134413319015,0.5678939425614937,0.7128097334199819,1.0,0.6694866391756561,1.0,0.27088266332535016,0.3241928882746099,40.035443942029154,9.570415126002862
SUB00888,7,0.0,116.75127881180683,23.256293867621924,1.5878039660828445,0.9552369188705612,2.0,0.5069809242817056,1.0,0.20418245691844134,0.4270266505651726,1.0,21.506941144566316
SUB00888,8,4.185601115363218,98.05644940101175,42.256255054345296,1.8159238630827097,0.6408167763637126,1.0,0.655066894551237,1.0,0.26144672662436447,0.4613091653141325,21.721799836871003,19.223760965339633
SUB00888,9,0.0,101.15440454781222,43.95661996539684,0.4433278707851065,0.6438988295427531,1.0,0.7435523428531015,1.0,0.1651432896195208,0.48512721957140426,1.0,15.867351528126434
SUB00888,10,0.0,104.83281767031636,36.55163224159744,0.7606801342295311,0.5644456803312902,2.0,0.9267839237926274,1.0,0.5172325544126692,0.28745101200408313,1.0,27.773057130197845
SUB00888,11,0.0,103.51500806086665,16.546751537409868,1.1856490674660458,0.32407058466739813,1.0,0.610805793738908,1.0,0.28330289107842405,0.5100573731883933,1.0,15.5643532904874
SUB00888,12,0.0,138.21392389432071,40.924806542366355,1.5077170427517677,0.4368226943666953,2.0,0.5552051749912087,1.0,0.48962013172779895,0.5385116459566502,1.0,24.571394010335837
SUB00889,1,116.38426137681273,520.6202489934375,30.219718708170912,5.2180554371982675,3.294993260041174,1.0,1.0,4.9893898255377325,0.501944208833516,0.45495092319364494,921.2993932114034,18.8975933542415
SUB00889,2,111.25770989878647,518.8366048908985,36.18862573527312,3.7088375137786036,3.12594440035417,1.0,1.0,4.103663094654573,0.3898466431462351,0.4016270394381868,844.5354668670475,27.5161568518072
SUB00889,3,121.92906782216284,333.3407962208046,33.890874002746,5.877235748357194,3.5383953022188672,2.0,1.873740415755481,4.128634453132549,0.36350058170789956,0.5801613661907873,252.67448083325968,18.99322532435506
SUB00889,4,112.28282501232685,334.66231059402804,40.935506889677555,5.5493246479772695,2.956360756722611,1.0,1.0,4.869998249463401,0.36037342701618325,0.42773594798069253,636.9426750983014,12.525862231264488
SUB00889,5,111.05559873213348,532.2348702288307,47.98919385391137,5.706811061876238,3.631885831681275,2.0,1.7764289110217077,4.249628656341875,0.4846587519223451,0.26995535028111145,347.53309070537176,14.41743184257028
SUB00889,6,135.70686492087563,367.48422968816203,54.334260142755454,4.975995536218778,2.4779934849067136,1.0,1.0,4.957515598899671,0.32742241965205643,0.46678890005518725,397.71071056060003,12.88542740211263
SUB00889,7,139.62321135522262,433.86266407089283,31.57099007219977,5.50821821017228,3.2350156160085852,2.0,1.1020209290409548,4.750874463083909,0.4696502688178861,0.30198957669877097,966.3293759857326,18.549451325369688
SUB00889,8,127.33871006245951,439.8107932026055,39.239806771113905,4.433588283081193,3.8941413929329887,1.0,1.0,4.385158902759752,0.3731738908621828,0.3036090720119049,886.8488550957807,16.052441298414184
SUB00889,9,113.68428125603823,395.38744708928294,54.91916652707892,3.0164994977059467,3.178380723043495,1.0,1.0,4.255756538156429,0.33798262476643726,0.5900895448422866,877.7276043778493,27.554278275266718
SUB00889,10,127.96297667883643,335.3179138203426,38.144207642457545,3.0301649197345517,3.047022377343859,2.0,1.7446188933493159,4.711299750571292,0.6485657340091956,0.5764668320892633,780.5014173282872,23.65663446966944
SUB00889,11,127.2131560508311,443.00425687709645,54.40640651829711,6.47998763013778,2.407617944781392,2.0,1.2470370043100816,4.63386570579625,0.2916378735291084,0.29609757715060603,789.4406411352062,22.0871554393406
SUB00889,12,127.44839513082022,460.56271527301203,50.051286425955695,4.3301399948936705,3.835246096016793,1.0,1.0,4.194741906612337,0.3546076366186718,0.4710547487063196,320.2584838485049,11.846155320684684
SUB00890,1,2.1509844039881116,0.0,13.103379015882737,0.3893841688660527,0.0684894917639568,1.0,1.0,1.0,0.42468736800593776,0.3194110390529262,7.078569361929832,14.756567999449699
SUB00890,2,1.4280204721019132,15.903047398576527,24.674482350198247,0.6497504821078134,0.4890011589354402,1.0,1.0,1.0,0.2558249321125297,0.34692426702235163,6.268090879005763,21.610734005396957
SUB00890,3,2.912095336777698,44.815886427565616,14.703068716746033,0.3300900941294382,0.4518509615270281,1.0,1.0,1.0,0.22578521772362184,0.37660541034872563,15.910078353803604,19.51407482002465
SUB00890,4,1.9876426875382947,33.91744564393612,15.093324224486409,0.6701173888282914,0.21297458345767867,1.0,1.0,1.0,0.34044663017074384,0.48545924688384934,12.347875953328122,20.263068483698795
SUB00890,5,1.5385381490739949,45.56424753363248,7.391106017918787,0.4328393458297274,0.2801867785253937,1.0,1.0,1.0,0.3862206231238161,0.3248106931291124,11.302281568785954,26.96704957714568
SUB00890,6,3.233936504627928,14.136528002517291,23.88972514216801,0.6356572133913477,0.37557337360964527,1.0,1.0,1.0,0.2188645650197974,0.5077170240918268,11.501801509691106,17.08418016748987
SUB00890,7,1.3834862866770736,50.84535308483529,24.23760222015725,0.2771548180308876,0.4278732012556697,1.0,1.0,1.0,0.19972629037822673,0.49810793473127973,5.527902798068866,25.130106857787123
SUB00890,8,2.9702612160263864,50.715901311486604,19.51111551581731,0.4049986435070484,0.2932349814410527,1.0,1.0,1.0,0.44166479643293655,0.32607362290831043,13.285463020690386,9.706185291207856
SUB00890,9,1.131222750068338,13.470431916727234,10.867463059207758,0.47081071464824026,0.3050378433154959,1.0,1.0,1.0,0.442716219316848,0.3750101527625098,8.922260062823328,18.39631070096725
SUB00890,10,1.325486336416716,107.45937893338088,12.512161117971113,0.2578819147702295,0.1905320898469216,1.0,1.0,1.0,0.21037024842229238,0.289417366597405,5.4463070299047045,12.870608169599922
SUB00890,11,1.5153141972303255,13.317936337696604,5.712412921323713,0.412403663648357,0.37437523026535063,1.0,1.0,1.0,0.5249413304011726,0.35688452898723694,8.89714964032825,20.98784554364765
SUB00890,12,0.977055205450272,49.178783564146784,23.55156221294246,0.6734001097222347,0.4919866594675115,1.0,1.0,1.0,0.4389713609263153,0.5454010767152719,3.594218150104292,8.897022926140444
SUB00891,1,111.98961987868526,159.3425398287043,27.435760722397728,0.8402283062634828,0.8132734831003413,1.0,1.0,3.765968789119716,0.5464191662507983,0.4899107552967827,763.0415828944317,15.50192427317341
SUB00891,2,98.09074418796038,190.54252739739857,26.07683215460944,0.3440831058101135,0.1161822703249934,1.0,1.0,3.123001311015319,0.3552780595240066,0.46831863768452886,476.78845165973087,15.318867707006618
SUB00891,3,119.21841473133294,259.5703687566127,44.83574506554761,0.3894053690580568,0.06470262884083122,1.0,1.0,3.01002645659024,0.4561960538354842,0.509731171031194,837.9014694719921,12.475191199269634
SUB00891,4,95.27651824173084,229.06232517803664,33.739586150330865,1.7175626888933018,0.8942668216177708,1.0,1.0,3.3156651786705615,0.6280181554297635,0.5951830181816014,474.01923679437544,12.242404645997093
SUB00891,5,107.86312785059997,227.33450089929173,43.78501684176503,1.3014763349487521,0.3806210994105063,1.0,1.0,3.6712360744127013,0.3624284205189259,0.37775692131291616,336.62190664602576,25.25083551517591
SUB00891,6,102.5774655699186,314.5302747887066,30.935630573722698,0.9053300678701002,0.011161080946759605,2.0,1.8402507807270778,3.563704417715066,0.5456756284915103,0.5200857269126015,229.32736428863925,18.4922607909198
SUB00891,7,118.83427633952444,169.84694040567035,16.01193388150667,1.688130533532479,1.131717329652752,2.0,1.8069015059422346,3.071212937454331,0.3316705977052956,0.36057038519596385,854.8403151561835,17.651430384970716
SUB00891,8,96.38267368493526,193.91031548445545,41.909386810431755,0.9111370365306719,0.4258473060471476,2.0,1.8787940386427382,3.491505329715384,0.5140596654502612,0.3856948369303552,662.0445321911571,22.352261128571097
SUB00891,9,115.72887893183191,252.26304082667258,43.860351648198986,2.124178245024343,0.008363616571392007,1.0,1.0,3.2771986585809536,0.3473667715560468,0.5594855337541573,317.2261891340529,9.678927247849025
SUB00891,10,97.17046726939964,274.21836454265645,38.42972797083962,2.2720630972733966,0.6377481624555011,2.0,1.255053524688263,3.145338078173662,0.5964921324582427,0.5574347430052226,351.31872819476854,15.790457407260881
SUB00891,11,111.87412233306779,186.03084581083198,24.713774708090035,1.2614236533932863,0.49860802388178055,1.0,1.0,3.8845550581271118,0.49400097309259183,0.31692549327983677,393.3264523824941,12.388822817086401
SUB00891,12,116.09856766117493,262.9082927744399,23.753471087992576,1.5834133716560645,0.8363526409989454,2.0,1.1183708549435516,3.724912310996745,0.3476532980739356,0.2721212403262911,535.1764787631714,15.419496139976566
SUB00892,1,38.982224158172755,201.12661920300556,51.494785782242396,12.711504712983844,5.165938278887541,1.0,1.0,2.3846202746831633,0.15529899958362048,0.415779090837717,257.9905625657827,8.666347369082384
SUB00892,2,36.86377464977377,326.0328413176788,32.93294377343412,10.97552330480899,5.622112228086998,1.0,1.0,2.2206918177825314,0.5062801657138237,0.4459601038578875,275.25458620228767,10.402440846289558
SUB00892,3,28.520110787916398,264.4816747145197,35.32310670093799,12.954143882220835,8.437945901638932,1.0,1.0,2.7833878419484144,0.44700918891983,0.510245708918587,185.9359960038066,9.538177915272193
SUB00892,4,32.75707056893254,337.5492567744395,44.86254866277547,10.22485055788106,7.102620648930389,1.0,1.0,2.95258803999027,0.454134785483545,0.5579911432172504,110.1562057810788,24.93419678206228
SUB00892,5,44.37649683972583,380.04734236896707,45.397295984727826,12.792712800000105,8.7053478007083,1.0,1.0,2.491817306640823,0.27345229405568516,0.4677308165114701,317.49821280325233,19.994378752243055
SUB00892,6,44.46478298306182,266.341230813985,55.38688812494907,15.104615309436888,5.872908173653496,2.0,1.5087543516194015,2.8443862795916925,0.2710692197877414,0.3039531653733455,349.4262406291595,15.804313612995688
SUB00892,7,33.678336316632056,224.46429472081007,39.74939478937896,13.598141700759404,6.067750303960931,2.0,1.6251809821450665,2.7780519856887884,0.29339680622107733,0.27348001227117386,163.56284209041573,25.93078429586162
SUB00892,8,39.9314725146281,311.0952761375698,62.60391607339222,15.033979784448437,7.937279678116575,2.0,1.7445344300502625,2.0160275116290634,0.2346884910508798,0.4649389340668531,160.45525748769086,11.10916338299923
SUB00892,9,32.95681365274616,341.3468939257084,37.58800018533248,12.544143101530402,6.978797008190325,1.0,1.0,2.5004124561788172,0.5208067055012375,0.4692756832670409,185.2906616480353,24.136536375231255
SUB00892,10,44.95656718658852,330.44437331052404,46.34085673256318,12.571242100531933,8.08242370410791,1.0,1.0,2.0610196616160206,0.4676169423273271,0.3036747776204055,185.21148294413229,22.862507726227587
SUB00892,11,36.96690832403698,204.4891628841805,50.94562323197189,11.534863367129724,8.100317609416619,1.0,1.0,2.434427069383948,0.16096218400754816,0.5071853575883039,219.53295598353677,12.812102440405132
SUB00892,12,40.646215557951415,376.5663837992828,52.46888380940163,9.076234164785765,5.599051251912806,2.0,1.6450580670883217,2.9612178265921347,0.3586131052757736,0.41023310420147907,157.63826334437397,12.356423287674538
SUB00893,1,1.832132247575275,1600.399290586964,67.3348557443519,2.133032440072412,0.9213476527541128,1.0,1.0,1.2250756915919703,0.3733715399802544,0.2880736216752572,11.9890827802446,26.277119180700765
SUB00893,2,1.9214373447751445,1426.9102156375939,52.70967998031172,0.0,0.13322009777931243,1.0,1.0,1.2894461188131943,0.4375173947349117,0.504777496974571,10.956270898565002,18.129656860496986
SUB00893,3,0.0,1457.4330258278308,66.51034108551292,0.1568985807313869,0.962003862910739,1.0,1.0,1.4613107229371924,0.4650798518160717,0.3440038265615054,1.0,17.694332397788347
SUB00893,4,7.020157682394051,1803.7222121174034,47.43699938197981,0.9280447567113915,0.43914377109846686,1.0,1.0,1.2575016663044247,0.21693384908724828,0.5504921538709926,18.098398972065645,24.93155220763407
SUB00893,5,5.920138229411703,1703.4477960714796,74.02730244973512,0.8149662352724028,0.5460491075910984,1.0,1.0,1.2628845135947098,0.3714939782746026,0.35315129767663006,27.95659460228876,21.419148814059408
SUB00893,6,0.015019156300649428,1576.2759942356925,48.783695244950444,0.5258955698332435,1.2767275383824814,1.0,1.0,1.1258503635586763,0.17691328962637326,0.5611258302331321,1.0,13.532887965893572
SUB00893,7,0.6570767901217573,1665.9398343925966,57.738936565828794,0.35047297397839927,0.7549502554616028,1.0,1.0,1.0675881550822457,0.18218291399633574,0.25463964381639004,4.48897363184474,23.354343431381245
SUB00893,8,0.0,1354.3134079963681,58.28343880908287,0.0,0.48988219351889356,1.0,1.0,1.5210946842757949,0.2609839300354597,0.32915858015280564,1.0,15.033228768644705
SUB00893,9,0.0,1602.9027076538594,52.07530968573088,1.420009658021259,0.9687745539198339,1.0,1.0,1.7459699734865528,0.4989691874943333,0.47835767476477264,1.0,21.54999987575954
SUB00893,10,0.0,1466.8416320267704,44.43065572888174,1.6921435134170841,1.4850013593108902,1.0,1.0,1.3877329207492082,0.5261144771859481,0.45531475889954853,1.0,9.724345505167813
SUB00893,11,0.0,1480.7576276432537,48.8132209234224,0.7051554243225797,0.11373959031060416,1.0,1.0,1.9048211769971624,0.3639714281995656,0.5765560122367479,1.0,12.261416981508926
SUB00893,12,0.34112073491436057,1468.510472432446,54.57127669657996,0.0,0.308442333776707,1.0,1.0,1.3907876700338697,0.30723657190436027,0.4508470028810244,1.6698051768613071,24.125347692480293
SUB00894,1,53.89729748957187,516.0192713174202,81.36441221207298,4.946461972017998,3.271924958559313,5.0,2.5165046836208376,3.802787604133995,0.3341738399992433,0.5241776114162046,124.83579660974335,12.601625918328274
SUB00894,2,73.12728724971683,774.3356437806815,73.70635538688794,4.843684073582249,1.5163779233415715,3.0,3.0,3.123514607447821,0.29460044603991986,0.25391700824645574,461.153979246419,12.453868605864951
SUB00894,3,60.56906711470761,769.2975092610158,102.32009142445062,1.785926984323189,1.9208829731774235,5.0,2.924683763559993,3.117493111079779,0.35821705601793763,0.44628410405276286,349.30089095314486,22.71366727200195
SUB00894,4,48.586912236791335,464.17609916792765,73.92193170703274,2.1185195084744266,2.885310609773729,5.0,3.4596251073624735,3.4772573130798516,0.32513124463154686,0.31147620264125264,324.40083579041203,17.169332056917533
SUB00894,5,60.658153118779396,596.3690011517509,104.33997473185025,4.3984171518805,1.7814490131620913,5.0,2.722927741532769,3.3674430446686134,0.25854383305548395,0.3977871093872746,261.885850443849,24.149688298525668
SUB00894,6,51.15051630558163,678.9072375768881,99.9332957308203,3.1664229203484004,2.589400658905006,4.0,2.5045883309352672,3.090876197182725,0.36391765794555586,0.3605138346108141,150.46744923100923,25.43342228360032
SUB00894,7,61.55118549762185,631.6964301283073,87.07438384423699,3.3465076954193016,1.6158053490882485,5.0,3.4263100660413386,3.122738831751121,0.3876313200330481,0.28487828569060614,313.2361362430345,9.609585226382455
SUB00894,8,57.16379214083981,764.8635529352849,62.08836535103298,2.237965881621603,2.804009567564962,4.0,3.4762441876392183,3.5705411547897588,0.5352267692604726,0.2864558755058081,278.70005315332645,20.055609835514012
SUB00894,9,64.8393724048114,566.4666507080866,86.94315454732674,4.443352966376709,2.0455593365034686,4.0,3.320957193175014,3.3338724165340627,0.6219348915575409,0.4908253005331533,517.9507579744484,17.198857450192
SUB00894,10,63.79642573025897,690.0724030556363,98.94195562919859,1.9972447774807995,2.649535718458059,4.0,2.9471631750178733,3.9682882612900463,0.40861860844091324,0.5857415688373995,407.42474135598314,13.585663076844579
SUB00894,11,70.25459764306264,557.3908474947581,100.61420038195692,2.6504119574799003,2.5178313176646174,3.0,2.9994668804873803,3.245179477709087,0.4839788776914815,0.3637373575323883,452.7671569440023,22.657356611253142
SUB00894,12,64.760957757296,440.7486144771738,85.35754434328854,3.5124742794306485,2.7857302230100762,3.0,2.7750569799112483,3.770633452723113,0.5392797204119163,0.30895717600074407,324.11862931903545,9.108499972132229
SUB00895,1,5.687969340220375,116.96646337786842,21.25990097161168,0.6905939857110657,0.44313008068883475,1.0,0.8554586993174119,1.0,0.4283118817277971,0.349295689780026,17.046287232786746,11.09329542513389
SUB00895,2,9.678174853821295,105.17544236874457,41.89111435190692,1.9582640442072416,0.9597538352029907,2.0,0.5717127767435958,1.0,0.4356794040698786,0.3568750452402229,52.40612117588946,12.693134049945142
SUB00895,3,11.287680579901659,154.28179160211744,42.11365149563676,0.48881423605837504,0.15569408225542236,1.0,0.5135308163421437,1.0,0.5033914180901482,0.39433223674169177,61.9598389456301,26.555853083182065
SUB00895,4,10.468225088190533,114.52266778386624,35.52401135343794,0.44665577027953085,0.4759724154245468,2.0,0.9486514125345907,1.0,0.32697253799863996,0.4488168646470275,36.8851299089073,8.467114612964142
SUB00895,5,6.262422131650338,129.97316820337574,15.735323075682073,1.125428980045998,0.618186726241394,1.0,0.9500039263786082,1.0,0.28492441386385114,0.3766189763855238,49.062993664295135,11.731982969156544
SUB00895,6,7.658001484820634,71.99352159997306,36.063307940460135,0.0503170254831381,0.6570371314355846,2.0,0.9633917492269228,1.0,0.17225948266307242,0.37039811498575426,46.13019573960124,10.403376427159005
SUB00895,7,1.0496746362048803,146.31062129679262,37.38608080000756,0.250581524310948,0.24011225707960004,2.0,0.8492620524309455,1.0,0.3499982394952766,0.27091563965636867,8.060849703827577,13.78637442535246
SUB00895,8,2.969461759084317,125.50463535318417,42.3112485083913,0.05295601821779955,0.697635328222213,1.0,0.8448096777457245,1.0,0.4032672863262745,0.25625916503587054,15.02771413452734,14.906740562686927
SUB00895,9,10.030099044067814,144.59702471777018,24.29646707521531,1.4983553639093374,0.3389890698642207,2.0,0.8406297434806477,1.0,0.2444880421982832,0.5969472874348036,65.70927916221099,25.682104042558205
SUB00895,10,3.191020576481759,70.03115259576947,24.75877630881125,0.4399152703862661,0.25697383030574417,1.0,0.9490948088346824,1.0,0.26226932215697346,0.28979774350519644,14.653821732975363,26.882602867007034
SUB00895,11,7.462607079843912,108.28356210552437,41.66777009408466,0.0,0.04340353659653795,2.0,0.8262027572839394,1.0,0.2925275024377131,0.5686713724574446,42.25139610325073,25.551289422914586
SUB00895,12,3.676505810146424,51.05162269855148,18.21561306981097,0.0,0.8397665274443309,1.0,0.6933393569535243,1.0,0.3352487372197094,0.4052845098675988,9.794983396941069,25.42239513620745
SUB00896,1,137.20546474401792,451.5541245610503,40.3725694888031,5.261194886712603,2.3845681937672216,2.0,1.4116774134913386,4.29665472687458,0.642155453943253,0.4067578486730985,724.8825669504405,27.98739920400007
SUB00896,2,138.46505240152985,353.3404671125762,39.75063189211831,5.7362088257487684,2.0894562920160027,2.0,1.3291775248502975,4.376051802387727,0.2722707643092255,0.26219635699172544,977.1651463210816,11.50853554726178
SUB00896,3,130.02590847844007,429.11616140904744,39.885511388878925,5.527708966156786,3.6527321105077695,1.0,1.0,4.892111350434408,0.5586444839229299,0.50860666338209,442.0494398238331,17.770375464145395
SUB00896,4,129.38623576354638,399.12810427200174,37.20210561745342,4.9812327950563935,3.5934371779569543,1.0,1.0,4.96868492300313,0.3439558621030875,0.32120419277604223,733.4816220319219,19.959406425534922
SUB00896,5,125.62315020593451,424.39694032193086,45.81539412787122,3.172484417812567,3.3456227480563836,1.0,1.0,4.135068156880717,0.5533213286993517,0.49687262294812984,876.7146592063518,19.009246759262997
SUB00896,6,112.85159451092747,369.24369343011927,54.76564900189611,4.016755041525015,2.5947476928948845,2.0,1.5720528419392994,4.083659862073036,0.34760493334195763,0.4200952170006426,814.9636946720858,24.32847060258423
SUB00896,7,112.08201606543358,417.1132478838963,48.031608447950475,6.408803228527083,2.2912560794853976,1.0,1.0,4.96292281992439,0.5540371980636926,0.31932790390787075,245.47069741428004,25.593122255840413
SUB00896,8,125.79038354414314,474.86006026659237,37.220610533248504,4.265573410658598,3.924062436976712,1.0,1.0,4.676297127109052,0.28485506480970013,0.3074344782489771,733.9463462162512,18.900957597843977
SUB00896,9,124.10053304230621,346.7391676942125,41.31928503620586,4.570314331065674,2.430019581292176,1.0,1.0,4.689279977602146,0.25140654496327747,0.30778169567815855,427.6603747290683,9.419517837967337
SUB00896,10,110.72898899946733,308.2209936211205,36.12343976483156,5.866808520141459,3.6925251019877123,2.0,1.006263376007933,4.78859691978942,0.25793649630764015,0.5675234479311437,224.04402691278898,23.122530395583563
SUB00896,11,114.45335853571126,463.34955445068664,37.89428961102899,3.9880169511569425,2.1550869201923137,1.0,1.0,4.975244675021853,0.5037080927799545,0.29752464555822505,876.6548651334384,12.448469942411437
SUB00896,12,128.65674583847652,300.7394598693828,36.239290196158564,4.050467844332243,2.073509157547704,1.0,1.0,4.768204100617575,0.34534731675630537,0.2602145996577183,315.18753192260425,16.16443111521281
SUB00897,1,0.7719474483569587,82.11706388973174,12.99868458890787,0.12794947333691936,0.410816546641741,1.0,1.0,1.0,0.2760475054124258,0.3454565586738579,2.550437856436235,24.030877671944488
SUB00897,2,1.6871619868794878,44.2186492572299,11.959029789668882,0.1786004490703515,0.0037601822619275915,1.0,1.0,1.0,0.20846051439000463,0.26196794257454625,13.069128132289524,18.188600039539427
SUB00897,3,3.30028201853272,29.787496835491915,16.204011561178174,0.03439462389328768,0.48446719866406596,1.0,1.0,1.0,0.5325408210064683,0.5562919715425474,21.421545404391352,22.174777496027513
SUB00897,4,3.100591623615693,31.648559407396167,7.8411814719863475,0.01789632525391352,0.4028977956255105,1.0,1.0,1.0,0.5368618504982932,0.3259383538222691,7.074492513494469,27.16281318685547
SUB00897,5,3.043748888477038,61.869859279975095,9.538989681177807,0.0,0.1476237913510034,1.0,1.0,1.0,0.27306774476435286,0.39240388434284024,17.559134375695947,25.734860273488415
SUB00897,6,4.340656099514698,71.27001373655374,20.737106362284667,0.07239050077350834,0.4156520231233556,1.0,1.0,1.0,0.4327781737737493,0.3649863262091887,10.88514627647819,15.507733707736996
SUB00897,7,4.115487409071292,35.691573412526864,8.135244987849893,0.152772872696871,0.18717023770227342,1.0,1.0,1.0,0.4697453102157475,0.39241027850142673,12.153125969285027,27.24017684201077
SUB00897,8,4.7090713098796355,73.84690369419873,13.60512408706531,0.2116512326676857,0.02057001466774716,1.0,1.0,1.0,0.5381043501720211,0.5719740466498433,23.851609008033304,18.246029192621688
SUB00897,9,7.833102510851426,71.42313479954835,20.747216931943978,0.0,0.15087930686534806,1.0,1.0,1.0,0.44212796099777885,0.49936880648204596,33.7427567494996,15.195169961289757
SUB00897,10,7.083971065246933,60.561208841202046,6.237159444734841,0.0,0.3930028672042026,1.0,1.0,1.0,0.3126623064062536,0.27743219661001894,24.458541667603,17.710408255194224
SUB00897,11,6.663087139616129,63.66204079629315,9.900797368878102,0.0,0.11562184967268485,1.0,1.0,1.0,0.26449663977338633,0.3321135088238082,50.527167248150164,9.557432880672916
SUB00897,12,7.6373583808225485,83.15566923271072,21.882008053274816,0.0,0.15558178949951634,1.0,1.0,1.0,0.311271310543361,0.3703910326948387,19.986551223557644,25.342616000879527
SUB00898,1,106.58976607712248,279.60751937224836,35.3407061623129,1.8934091066839263,0.5427957674914476,1.0,1.0,3.978080928899803,0.6009363226343248,0.30872148034089175,700.4986595483161,9.365350030173682
SUB00898,2,112.86013910757353,254.7568047255537,36.64028526483132,0.8580057005801842,0.8697259266620431,1.0,1.0,3.1760994559505127,0.26280469215890717,0.29310235294973874,694.94619103741,27.824147283701745
SUB00898,3,113.69368549828118,316.74985638253287,41.42885623881864,2.2041552521777694,1.257353195299478,1.0,1.0,3.6722347391469166,0.5655937593144543,0.5977666157494953,270.22705160736496,24.803946469230933
SUB00898,4,104.97396687777255,217.96265078067609,28.19883456639696,1.044780338537644,0.719805879131381,1.0,1.0,3.993743608164728,0.34007505197551147,0.2781819738134299,442.06422385130446,19.78427774462569
SUB00898,5,103.46424185958591,259.8330663771784,32.36598504376316,2.461554968840093,1.4334425667968453,1.0,1.0,3.5343299583215746,0.2743399264732127,0.401794212986769,308.8206868595245,16.151122285284647
SUB00898,6,124.64820144065372,175.80831335727856,35.60740222716592,2.3004031057810885,1.3422727850115668,2.0,1.2792122253727074,3.709686122846022,0.5202043216954022,0.4395295992302566,577.2160011913966,11.126329593335242
SUB00898,7,127.36205169820543,235.27981697983302,22.111353286501725,1.110050545980706,1.1901339595232407,1.0,1.0,3.761434793780327,0.2628243283799895,0.2665034608052484,603.8056801312092,24.43054725198057
SUB00898,8,120.54482319313024,283.79771353370694,21.37539332845314,2.016875078175037,1.3307787486397067,2.0,1.088853525125883,3.6772413893811335,0.588208731472583,0.37329079767547246,630.8348886121735,18.819755479401824
SUB00898,9,110.83156249704861,323.45984136589715,24.11359398189056,2.3381075870587593,1.420197382930672,1.0,1.0,3.0101527366363166,0.4154096811335497,0.4397614163323227,843.7505402368886,12.297845050621273
SUB00898,10,122.01583447945006,262.21018625625004,36.7741368976172,2.347093690816163,0.3029174683474853,2.0,1.5609699684216918,3.073909260670268,0.44281081506759534,0.4939583925782983,881.0270613351922,26.515279462972003
SUB00898,11,117.2993340182728,152.750598155881,29.952289832011672,1.5386636815819534,0.15853509656727227,2.0,1.356851992355947,3.943734035423682,0.6277003184454281,0.5775310073016438,327.12644885037344,13.689366766311819
SUB00898,12,108.7999088394744,163.3194921197877,16.224819764049702,1.7306410839039004,0.40111765495927515,1.0,1.0,3.2896955887001083,0.4070907880571356,0.4312869398794582,448.28894462910426,17.962819413995653
SUB00899,1,49.11288767280198,260.4321630482397,51.55881826922706,12.47632267427912,5.0530338201942335,2.0,1.5563971844470366,2.7309348011883143,0.43649555535392204,0.5720796446343985,246.44451342894382,18.56631298197298
SUB00899,2,46.002465465055174,326.5616055061265,36.48417087302906,13.304301515608497,8.464629592788903,2.0,1.886798867189138,2.5672209393618566,0.47941794457044773,0.4182295314340746,258.63448569843524,20.865200986601852
SUB00899,3,45.18354587448515,311.6885664743544,42.04244409944046,12.068856642042276,7.784071768293659,2.0,1.7296224621838094,2.6707618413558856,0.37389991874648426,0.40105775836624524,232.65674540591675,16.064505821114672
SUB00899,4,32.737609911477755,202.38721964690885,39.333000731215925,13.971506843234202,7.291885735922525,2.0,1.9362790286391591,2.339827081638218,0.44911605057631043,0.5810478358507335,184.6496447700767,27.61537296026235
SUB00899,5,33.09923001847143,388.6520855071496,34.01815759619112,10.337246410403907,6.767654704304663,2.0,1.4296966996897478,2.50699991069052,0.532500752510544,0.44003503954263185,170.72318458426867,26.50382870069117
SUB00899,6,48.00833375491651,311.90530079295814,36.497186242649335,14.12948128357348,8.20175070350313,1.0,1.0,2.3431672696729504,0.4305871493295006,0.28134853490957784,278.45998429947474,27.235016431119213
SUB00899,7,38.700949834531336,234.67670862501402,50.08372050639852,10.505676291696558,7.965893150093433,1.0,1.0,2.9604583424499697,0.44744746493281073,0.5114734948412007,212.81239643035852,11.974458456225543
SUB00899,8,41.52287555889523,234.47962217140002,44.59405717095544,13.376995509435844,5.044534246237268,1.0,1.0,2.6840616437079463,0.4031115276273557,0.5891050178759759,216.25852616770968,9.125423777084642
SUB00899,9,48.94609926284134,392.7246622448921,63.983096165542136,11.704811218973678,8.463157519304284,1.0,1.0,2.588488619398409,0.20557690513565094,0.5064629328010789,124.95962760419887,11.931285789422274
SUB00899,10,44.475049645834396,347.8033339689812,41.789140776825654,10.842116122036355,5.8282702495046,2.0,1.51410570774943,2.7058957274262596,0.3813657194420894,0.487488979982704,101.43984210630045,24.126235335912753
SUB00899,11,48.833056040183,246.63334299499857,31.647042014887518,15.730894089826212,5.7794751444019905,2.0,1.1988813178622582,2.038466802071399,0.3005223189752487,0.29225240937910735,315.8069680024586,22.15515378892409
SUB00899,12,41.126405012339546,266.9944743738309,46.904629807810466,16.37229365485981,5.119504910683414,2.0,1.4321906191261489,2.4029438035536868,0.32877620886250547,0.5497152810866766,235.34750369293488,10.920547251725441
SUB00900,1,2.949956498553002,1762.6308106118013,79.42954082530017,0.04680065856561515,1.172235355009919,1.0,1.0,1.499330083886505,0.4619127809708875,0.5501808065804885,10.138400642497627,21.357729720540647
SUB00900,2,4.469296723389522,1671.9285692365224,54.21549447841872,1.0414172579018668,1.381057028778582,1.0,1.0,1.463872570225367,0.3133736533108669,0.5905676380793099,14.078237634164687,19.767179257834453
SUB00900,3,11.010476066327822,1233.7551105462023,46.24786645323133,1.0314349961360714,0.38973156479725535,1.0,1.0,1.96432451390326,0.48978453664534305,0.3255029175930929,26.777625092611647,22.694354542280763
SUB00900,4,4.908102160332071,1479.2113414659357,44.91170183876803,1.6850804636577088,0.6418434404246107,1.0,1.0,1.798655082655619,0.2401201217997357,0.4818881695953519,20.29019839159011,13.848528704584119
SUB00900,5,4.25500466617928,1412.9457865938216,66.87135915262837,1.5322173631940783,0.511376819927722,1.0,1.0,1.1800114371335078,0.3707027807556609,0.27155246131742244,13.398227846721301,18.70031603900825
SUB00900,6,2.8281427333618243,1431.0101607947204,50.50719223491331,0.9682416529519008,0.30216486324671443,1.0,1.0,1.7907959140789234,0.18041816250826725,0.45419691776131865,8.49754230218795,14.157593398500666
SUB00900,7,6.377272393903685,1506.82339807581,78.1049763192145,0.0,1.0367159390843943,1.0,1.0,1.6585506246589525,0.3838507244082775,0.2826138518972584,17.46468667680924,23.427192949827564
SUB00900,8,5.298960988798809,1290.794120928536,41.10018385304787,1.6887064050100244,0.25073307891823776,1.0,1.0,1.8380034210030147,0.26060835682015104,0.3447401500042444,13.670243267391564,26.19909799893297
SUB00900,9,3.1246194895058115,1646.0135929769842,47.0326816277452,0.0,1.286255304733158,1.0,1.0,1.8130502122833603,0.40770696712956567,0.5730500482595302,23.024239625535042,16.331592909896614
SUB00900,10,8.448508478661594,1501.299036286385,54.93472825787951,1.4527697039722278,0.11801844512437337,1.0,1.0,1.5415286777137804,0.18697591865785784,0.31179622442441074,19.52952507748683,19.34020712907538
SUB00900,11,2.116863612751487,1570.8954687281846,40.9839918432498,0.2801789209301677,0.27302329581357976,1.0,1.0,1.835905775512281,0.3392136709404488,0.5004488082984991,10.293189976510636,14.54974084435872
SUB00900,12,7.998769652758187,1315.8451048295672,46.58749761921956,0.0,0.05135601745458962,1.0,1.0,1.6993966907333593,0.33464767586058153,0.2561979307198547,63.797613262626314,24.48615138199306
SUB00901,1,49.70537825670208,476.76036209086845,91.50789882719982,2.328732526621515,2.1421009132372753,3.0,3.0,3.03675784981391,0.325782354892459,0.336699883262661,202.3506048089233,23.967438926953143
SUB00901,2,67.23029860306907,477.25557527443925,72.41628701478933,2.1370049234625,3.4188035153238863,4.0,2.5731540393964183,3.6582412109093316,0.5296408195857031,0.26232789253053995,139.68516816878707,13.609256193157453
SUB00901,3,63.519843296416695,669.8656639196275,99.86126883627975,4.227080073574404,1.5596898004474424,5.0,2.5165246042490566,3.1606149117566957,0.34185488187763,0.5983753993759574,406.70637586437624,11.756200996398613
SUB00901,4,59.33641958684053,708.8958737884864,68.54039940107347,3.177656616260897,2.318421291023782,3.0,3.0,3.086984322543593,0.5380046271647478,0.42895435620073485,303.1495926100678,22.28079832724879
SUB00901,5,69.22451263192443,560.9150926468617,113.41164657826903,2.8475280167594135,3.138905812274237,4.0,3.0161837973737433,3.6883065951077265,0.5901280109931534,0.494957996067684,405.4815147411091,14.990799293968664
SUB00901,6,65.14561436954395,727.1949989110918,114.58028200475998,4.569206054024866,2.5803658712597777,3.0,3.0,3.406126751468027,0.5805367320974351,0.5093718161724279,291.4182521839772,13.989886455309
SUB00901,7,65.58119988680504,622.7125865277977,106.86876356228585,2.6238665174040614,2.525091768762164,4.0,3.179203399978239,3.9272636395352327,0.2856077504281974,0.49978970549522755,161.76025062591546,19.864141323971054
SUB00901,8,75.82039601993476,571.4389966672517,111.28215943661965,1.7099911211745173,1.9112221844186743,5.0,2.820440573689832,3.5812164707620124,0.3725697212406147,0.3658071380712986,593.1408460291876,9.03688984917132
SUB00901,9,51.83162305549507,675.5970416689395,63.472015911447755,3.4098583600094208,1.666700428603555,3.0,2.82721070475603,3.7768302887850984,0.27525860254204393,0.3841851496717066,223.64559856374188,12.158046792842258
SUB00901,10,69.69861567813867,475.5156923970044,95.03587472509842,2.4338645286742633,2.82357417616493,3.0,2.528307878731106,3.4346036117725354,0.5418140278510202,0.324862749068727,235.34831527513393,11.834307132708247
SUB00901,11,68.99918104101367,585.2416748964342,68.0801807596018,3.451118727373138,2.3701650270676877,5.0,2.6041992373222302,3.418806423317675,0.4445961868443996,0.5046025020455247,342.3520006820531,23.053312872797004
SUB00901,12,59.28504510491631,760.3935197850301,63.008506914399845,1.9012325057279105,2.9337394735791795,5.0,3.080182368287334,3.6993799536094594,0.32920274466385974,0.5719325834775442,139.24915790847433,13.460651676677838
SUB00902,1,1.8794762268257432,110.90153978668931,20.41202678592436,1.5333571979326484,0.5039849635345091,2.0,0.6849507340010101,1.0,0.3902473485221495,0.5502794686679962,9.103615053603598,24.89917732864956
SUB00902,2,2.4450365566932213,131.69287275524925,37.794509698314556,1.2941887882460887,0.5203625806908002,2.0,0.7583835149194558,1.0,0.4276803347556405,0.5700863918476181,13.641077824671022,24.343986858823413
SUB00902,3,1.6890023891451822,137.12972669180203,43.03199816149953,0.20527060055249333,0.825444779256025,2.0,0.6483462256618965,1.0,0.5230529821284946,0.32733873855027135,9.782915578694855,8.668076268581533
SUB00902,4,9.644000430517613,172.50821738494525,20.006103682435583,1.1943318180045948,0.342011210933327,1.0,0.6735573533705348,1.0,0.38899820337723967,0.3318053102140479,47.542439107011624,8.585172265492439
SUB00902,5,9.129498964297994,92.88484145761853,39.426861538709915,2.0852386731265704,0.5437693706423979,2.0,0.8528411365772901,1.0,0.46267503171280366,0.5955387245605992,68.9149955153171,14.57210525446207
SUB00902,6,9.581846205710553,145.0905541651082,36.43315669226746,1.545405575932277,0.9190792729319444,2.0,0.6716362860406051,1.0,0.19435537622919305,0.41957488790349795,53.905560090262995,11.805109365034578
SUB00902,7,9.176530297028615,86.5150147701644,33.176038006536416,1.1418342618840047,0.5665088970198546,2.0,0.8049448729922858,1.0,0.3706333984576225,0.27689050932589443,39.24317531634156,22.34170091089465
SUB00902,8,6.659342913619996,127.45309941149823,40.852973047781425,1.6382809305725163,0.6302805572655061,2.0,0.5994468601964753,1.0,0.2040185133675029,0.4975145146499319,21.137124639037435,11.471310439542624
SUB00902,9,0.0,74.29352126984588,42.57485938501784,2.2025628350384623,0.5729234954145821,2.0,0.5781943455442653,1.0,0.37309834863805424,0.458178012487881,1.0,21.865617109147692
SUB00902,10,7.058012874717887,163.76445279030193,15.612464101047113,1.4822431149458453,0.8228340116356698,2.0,0.9715426136758843,1.0,0.46009419353543146,0.2543756265390902,21.339816807301762,14.34322282885569
SUB00902,11,0.9526801674646723,129.27095865602635,32.40419312297996,1.4241381122031953,0.1515277192420681,2.0,0.5994720134499885,1.0,0.34199558991139734,0.5995268095654255,4.453245608992101,24.05708818092483
SUB00902,12,6.991169617740656,115.47295286216337,23.686175128300206,1.9491240762253617,0.7125579711698584,1.0,0.8319441014752599,1.0,0.2678030048417318,0.5725654496457915,42.47416853158986,26.481321174312193
SUB00903,1,130.6110201865931,380.9010846379447,32.308107326824796,4.219696773633863,3.909279900582856,1.0,1.0,4.673080631347497,0.2526781729422586,0.599742327865397,939.4792617708706,13.31449831950722
SUB00903,2,129.09208866332946,499.4137139280488,36.31860785120353,4.829326948945657,2.570846723195853,2.0,1.3005942371671482,4.822470231987589,0.5910597148450237,0.28386961302687325,847.0024790127105,25.792054441964094
SUB00903,3,125.14108116945484,536.0425271333087,35.95009087534591,6.826704785225281,2.235323377892038,1.0,1.0,4.173750837255758,0.47135564762329696,0.4518325493247316,981.4248606405118,22.137405751388567
SUB00903,4,134.66401087590512,406.04578060690335,43.059432753422286,3.478029972784192,3.464586128013602,2.0,1.0347823615430038,4.113076999274866,0.5421736369598392,0.4948195603094093,352.9591968043154,12.969071921797116
SUB00903,5,134.24568198216645,375.9965628204494,49.454020340178594,4.625292078803045,3.0525913540851466,2.0,1.6208669009600438,4.358537339306974,0.4528636618893416,0.4225608309012414,898.8147958955001,21.282895243118418
SUB00903,6,115.33477433741369,519.1172968587425,49.357965519216684,3.580246219962222,2.3473601270318607,2.0,1.743669429227704,4.915879979664957,0.3911786270183639,0.5879229525186618,686.8892133025714,11.133743367141657
SUB00903,7,136.77470622504654,351.77910586230104,49.027441483294524,2.8669078494454068,3.0847680377448747,1.0,1.0,4.210826232210533,0.29494933595732303,0.5702915688502634,585.7332593079806,15.444250218494133
SUB00903,8,112.33607440027922,464.5475249742092,42.387696272043044,2.062342074293405,2.59559125943327,2.0,1.1780609901634946,4.152137706019879,0.5226912095622714,0.5520935683776962,685.5074567293497,26.66836214894808
SUB00903,9,135.44942997444724,362.86664854035047,43.94395436669899,4.875023086903445,2.673496409048381,2.0,1.952897116869429,4.720659021829498,0.6231402857436218,0.25759357587726417,323.3819127735818,19.688781291413225
SUB00903,10,108.16064282762011,435.511744154014,50.47464931656222,5.0945130491178245,3.8700016167814812,2.0,1.0822005140859057,4.3468358969622125,0.4127819242328372,0.366205129150609,839.0639382881099,13.946940988999383
SUB00903,11,133.20077413117173,552.3877452668653,50.34980246728764,5.2985455327231765,3.153681390901137,1.0,1.0,4.702656512897041,0.28001689737375357,0.4552423058306923,567.1897678633578,22.537411831056964
SUB00903,12,129.51656064808984,354.057733217373,36.40324868832265,1.627806342893772,3.769174443087171,2.0,1.4832641623531326,4.944249120471651,0.6449839454708373,0.28997798406253705,916.3897781804105,17.076897839300024
SUB00904,1,0.6593938756549251,74.87561372463921,20.95212353555909,0.1667160145448837,0.26444443245692956,1.0,1.0,1.0,0.527693473076744,0.4934740809037507,2.9345970269906316,13.294012202953034
SUB00904,2,2.63797778467187,21.231764009916112,6.346304087646375,0.1389421820958538,0.41618525143949125,1.0,1.0,1.0,0.3917655951533693,0.32340226510875175,6.967580909989403,8.330942721015797
SUB00904,3,5.201074297764512,47.472047442457416,11.727806006940183,0.34623651589572413,0.4218696159780475,1.0,1.0,1.0,0.49687847738248814,0.4126726533863877,11.928652185383516,10.739236963681561
SUB00904,4,4.2012430282576325,70.44125471254338,20.290523273102018,0.15291884618176882,0.3181038553823768,1.0,1.0,1.0,0.32102963072114876,0.5093129716379103,19.5018806231862,22.902073373523415
SUB00904,5,5.21122849006401,56.740842904366836,23.815518973430137,0.0,0.44584346016667015,1.0,1.0,1.0,0.26858596812068763,0.2782729791886254,41.525468864979814,25.753944946962303
SUB00904,6,3.9606670782511557,26.529625157042407,8.928306128847021,0.0,0.27793583110443987,1.0,1.0,1.0,0.24064397013257524,0.27788219964765676,8.873032929753531,26.377693787787038
SUB00904,7,6.049320900142957,64.23379056118576,24.099108207718725,0.0,0.48878888804188236,1.0,1.0,1.0,0.32808258538325685,0.5120384818778796,22.27778088601185,10.60170307922828
SUB00904,8,5.39303525508736,41.41956295732712,6.092517625173834,0.0,0.1090093527224747,1.0,1.0,1.0,0.37958647581158234,0.25176160017821314,41.516267109376955,12.141032810739562
SUB00904,9,7.8689743278662,25.522558104611527,20.672596624727657,0.0,0.10328845892398714,1.0,1.0,1.0,0.18452340008423743,0.3732832860172041,54.01369064480516,16.37431138616465
SUB00904,10,5.926529717471885,41.807057807627785,7.889991048275893,0.0,0.12850755506031147,1.0,1.0,1.0,0.45332955283314535,0.3128479054194432,45.3928009886361,19.394050115643097
SUB00904,11,8.665831883145728,36.89881535575985,8.45411156375654,0.0,0.050280707086477305,1.0,1.0,1.0,0.25778961626727626,0.45510657969451584,65.52828942158327,8.62490218429514
SUB00904,12,11.086175122993447,53.40278888098399,14.172918600472306,0.0,0.06719069957702373,1.0,1.0,1.0,0.20388400018652883,0.30249044348244836,86.7957261721731,15.643189076945529
SUB00905,1,100.40390079483348,265.4191710029903,24.49819880203679,1.2392663758533393,0.9167448952650044,2.0,1.0863404141915627,3.3678912333807745,0.5772350740698502,0.5236596123612673,687.6975241756514,26.057401006667323
SUB00905,2,104.17240490438755,271.61584964594374,36.68313058425813,1.4527412818964116,1.3319786294596216,1.0,1.0,3.762295482642301,0.5695973039802757,0.38247412117765733,678.2439925289904,18.57372916802389
SUB00905,3,100.85731132119894,324.631419836854,38.47366716225132,0.3050017413413523,0.7788548093544065,1.0,1.0,3.5441843377786553,0.4294944485340976,0.27869528100781804,691.3167405964167,8.936521276391167
SUB00905,4,115.99709768807388,232.6908520285145,19.684488879293255,0.9624234786931948,0.3338722425098786,1.0,1.0,3.7813140258412195,0.4790494865514783,0.4766225071497482,280.2516021388448,25.90282961716924
SUB00905,5,126.14743413979555,227.74381711478398,23.481773155431377,0.6487500171768473,1.0143260370081948,2.0,1.4841086977976903,3.7947678645351473,0.45194871491915833,0.44707219480331956,923.9094082600807,23.270151764375463
SUB00905,6,100.31812343760201,152.84979698482996,23.60433996532584,0.24955230248638371,0.7945360904056807,1.0,1.0,3.9941777500079936,0.4058933035195329,0.27557746892299345,676.7617833325887,16.484683106379137
SUB00905,7,107.55921745747246,287.19788876562626,33.28842888031775,0.6580408900565382,1.0663528954602959,1.0,1.0,3.1756499734995316,0.5332065754060206,0.2595041204134764,381.0693221561987,12.223556565849044
SUB00905,8,121.0624464796444,258.30079955596216,25.44530502579767,0.23545509365954076,1.185770712294858,2.0,1.4705931526993596,3.099798177340692,0.4090566161188375,0.26519723384195565,625.2752229381277,8.482060608710357
SUB00905,9,119.9749548896957,249.38619622767618,42.02455845344646,1.60988124692092,1.1344008307333133,2.0,1.1731413611842796,3.3444427025650283,0.4644777411595227,0.38965597154953746,287.29309864110246,16.693807717096128
SUB00905,10,112.80260886746267,211.4786177820666,24.01984797164799,0.21029625986714412,0.007702116904208911,2.0,1.7743464643408768,3.242318835791354,0.4030821882713844,0.4347354070671377,553.8263183805041,17.996804953066132
SUB00905,11,114.85554599444043,155.9719768535084,34.50014300482928,0.9983127423717659,1.4290295301728475,1.0,1.0,3.9065820616848264,0.6472855920617763,0.2501043600005231,500.20662637426364,8.946623570911939
SUB00905,12,126.07742640578573,204.42767017292545,31.18465503995411,0.0,0.15611031586299595,2.0,1.926911352013878,3.077583008890037,0.31998201974722384,0.41517785031039234,424.4230888477333,11.428433164170912
SUB00906,1,49.0590828027024,250.98153746908548,42.362768519070826,10.151460846252021,5.944289614353453,1.0,1.0,2.1992663930983722,0.4886335835881296,0.5949991338232019,268.2895010326577,11.397872175086132
SUB00906,2,37.367698378891305,308.9838856939029,55.3146043061326,10.588941139299951,8.374118200984514,2.0,1.9550357742287496,2.3786867536398684,0.31951593125456035,0.47257491925742706,265.649417771126,10.45762401231557
SUB00906,3,34.933983173330496,274.25924450615946,56.86456791007069,11.930508464771368,7.71770263669294,2.0,1.7831825287822152,2.281553983004674,0.3669261042606602,0.5750622260674523,161.77307904432078,12.558204916697456
SUB00906,4,45.58761845604208,249.76428402890252,33.47327400867248,11.325219821239944,5.335984199958638,2.0,1.3433508379894863,2.112778709251536,0.5051220533699421,0.46024371515754575,337.96205685199214,14.420854714939402
SUB00906,5,38.52980067771915,314.1257031691633,35.491798709572514,10.336233590582372,5.322324425834731,1.0,1.0,2.252989230464889,0.31313665905608423,0.33797535662206735,85.9057189235374,19.85450443856099
SUB00906,6,37.93732469990375,420.43351346203355,56.86084388026587,14.72349276336054,6.665535413092117,1.0,1.0,2.8911363385925055,0.17459611205019182,0.5011243422174101,236.25504537087437,10.972983861649986
SUB00906,7,30.904672539375227,335.3111094694198,39.65292224431886,9.43354358743804,6.694487134145428,2.0,1.350272562738993,2.108618268166193,0.359134364252725,0.5638077413924708,77.74739440676136,19.303975334205667
SUB00906,8,27.489612163641496,357.4268586275525,58.40442205924548,11.36229455954394,8.958118651669714,1.0,1.0,2.500616300120167,0.34916316775529876,0.31600946006783,204.67695871709583,14.137170443602757
SUB00906,9,25.92790668055456,365.70174757771866,52.82971489398814,9.64753654130139,8.520104205333292,2.0,1.1496624804353297,2.1665920057031247,0.3212618031993053,0.5041254635968653,183.67030105819225,13.622853286247306
SUB00906,10,23.682884209697676,386.77679621360664,60.838440273119176,11.452171764228638,7.733278244173594,1.0,1.0,2.6901795766192746,0.20709735185353823,0.44840879419632806,86.78633522325404,18.340959582649877
SUB00906,11,32.298279623093585,376.7777173937981,34.64567297292957,9.848934301115396,7.913756356785455,1.0,1.0,2.9623432033189196,0.17716100980464441,0.41066161663789114,92.57072929912546,27.37557648055574
SUB00906,12,34.253667144371896,237.02937383270378,56.709365425896564,9.289642277195789,7.754917931769921,2.0,1.3066514163609804,2.609507021465499,0.44077903529261975,0.4959538535755177,176.61776871037893,10.116759803448364
SUB00907,1,9.71443603030401,1288.0005594135696,45.477925282746405,2.5416265881080844,0.17445944985654688,1.0,1.0,1.8390196338441902,0.2457186425610715,0.585957799435437,24.86247322781739,24.230898079669785
SUB00907,2,10.594398753998775,1521.0736353785776,42.96077589647839,1.9693610131743007,0.4071618606944687,1.0,1.0,1.6985803342084582,0.3504821093711457,0.5111277915467195,53.003792703144676,26.84757369364197
SUB00907,3,9.528678051380062,1327.0721059016403,52.16780674353886,1.9514975278271551,0.32215217032063154,1.0,1.0,1.9884244308467607,0.17701683886205682,0.4738220979395912,72.70701894914211,11.87725381943489
SUB00907,4,6.9593260835976825,1280.0609723544876,46.189922938632584,0.19858303397524002,0.2059091499882732,1.0,1.0,1.3741817971409795,0.2649407598609236,0.3365383301149948,40.109957347340476,17.506821612286416
SUB00907,5,4.385740602150104,1588.8364884407213,55.96634783383756,0.8774594924454515,1.31259047152018,1.0,1.0,1.8665724675536866,0.40374429027989767,0.2652531868414955,24.036440474575343,27.39690456497149
SUB00907,6,7.902107080267637,1399.3184488427898,42.47310234216829,0.0,1.0921146961692334,1.0,1.0,1.5314893673919594,0.36450978940824996,0.5699764737658395,48.90148127963656,25.124264661915657
SUB00907,7,9.874169036621703,1714.9803409433425,46.65682603693452,0.0,0.7473392694455167,1.0,1.0,1.6691824838252913,0.46818521474685015,0.45452170037429596,59.83348471848171,17.777055782493207
SUB00907,8,6.734273575441213,1249.1454920928275,58.81532854549755,0.0,1.0249741130948975,1.0,1.0,1.29834219785018,0.20544619406219522,0.26832341542127996,15.832165344519305,8.48501605149763
SUB00907,9,7.258514170127303,1523.5922841593779,41.19883060798516,1.699263779571162,1.1225711042166595,1.0,1.0,1.0915497987518379,0.3532959348030127,0.409789451087006,51.62967400139463,9.730622884644076
SUB00907,10,3.112246910853127,1779.4916939632635,46.2354748506569,0.0,0.848630762582876,1.0,1.0,1.2377229923724262,0.3501719476815509,0.30926752745197406,19.73387593139375,8.367008742203083
SUB00907,11,2.9941786051850032,1395.3181743151372,65.39106826337283,0.0,0.24967639808848963,1.0,1.0,1.2071744140922704,0.2680939809367378,0.27590843849521246,11.988779210116208,26.230691805947142
SUB00907,12,8.550915887136636,1619.3558107063702,64.1847850118199,0.0,0.7595205620792127,1.0,1.0,1.3479885233579156,0.32448509455066193,0.276313588161089,49.10294036019694,24.369950431145625
SUB00908,1,67.10329660606148,784.3257777232709,111.16810190981042,2.598954632515809,1.943382992995143,4.0,3.0202082634152623,3.993398021874497,0.5249949568954214,0.49726490174977234,354.9730906396173,13.13179830251575
SUB00908,2,50.25853844628453,510.61700007983654,107.7805156095876,4.173795542103425,3.011286337150827,3.0,3.0,3.3835335147535446,0.5012989615813984,0.4830014651880634,144.1929411407805,25.807562291657174
SUB00908,3,68.89496647775046,610.0761064490194,108.00123056598903,2.9347792359115616,1.594364665434142,5.0,2.6635643378685745,3.571101801278039,0.6017535125149693,0.36487744713402503,223.00614179069422,21.515967929958055
SUB00908,4,78.88553274654767,608.0386558512366,94.92530135532924,4.604659446597861,1.6601471541339334,4.0,3.3860008395251198,3.9254303599858824,0.419075758347184,0.2807164846167101,598.4532019814211,24.98053413331778
SUB00908,5,52.83432946539462,502.403550333369,99.48206979078533,3.724782332547569,1.7137362826716864,5.0,2.710976551080151,3.865212973881568,0.5973767524308714,0.49485263549390945,364.73738657447484,18.116050038680687
SUB00908,6,59.079251457702924,609.1657835725284,101.24940663375389,2.906910202181262,1.8893402143994484,5.0,3.3174009597799654,3.6814428646786843,0.32838479251878094,0.313215737139812,352.75101814752725,10.294293013476063
SUB00908,7,63.32106870987302,521.4336159130168,117.9958268654186,2.342362536204396,3.330419956077196,5.0,3.472509349713363,3.2712206531027253,0.2797836777648366,0.42795207468596563,139.3810945212676,9.184779677816268
SUB00908,8,66.15067910874049,760.3670497418592,88.44668813327951,4.1342006214452525,2.5010044115949936,3.0,2.679960830797187,3.1645580641556723,0.251689128206586,0.35876312698062796,353.5593242897949,19.694755999850805
SUB00908,9,58.004009228339285,666.1766558050924,83.52720235858688,2.031882825512541,2.062136412666731,5.0,2.7038540744686532,3.9107252243629826,0.5352206266869828,0.5358230297156962,277.7410319798582,8.067379480218055
SUB00908,10,49.660885357793134,632.821719042163,111.80917167507525,2.370191665668928,2.1552008255880724,4.0,3.4087571158760372,3.600031974784232,0.16661046668807036,0.26002763052608563,356.1068427966849,25.6673873385191
SUB00908,11,58.3812365634793,791.3950556874133,92.84753751671276,1.2744121328812557,3.457394454165794,3.0,2.922669015326602,3.665069972901184,0.36881266920777334,0.3963950617972854,178.284451133886,19.725615673380545
SUB00908,12,48.00909106797022,453.8591237324679,76.7061967342613,1.0790828142395985,2.379921352907369,5.0,3.4912485156162614,3.9200087930636642,0.17239452200785474,0.4182679891453671,101.02182722777674,13.572644165105444
SUB00909,1,8.917668950340211,107.80685668101506,34.41136309216975,1.1569506416133937,0.038711614021955776,1.0,0.5569925000873788,1.0,0.3241856183052507,0.5069823840608947,55.40238165132459,18.275899378465077
SUB00909,2,4.039242433557422,70.19348715748836,31.342470285167664,0.9024058774793133,0.2678388887011084,2.0,0.8207807361840642,1.0,0.49837938948657,0.5117399404876112,32.16086956877727,23.825879699653097
SUB00909,3,12.108713364037772,57.07026428231568,17.272500713641616,0.3448020783380958,0.7904812374382024,1.0,0.5139538954406786,1.0,0.16952835991626408,0.5339988610556998,53.33391682733477,21.069945921177613
SUB00909,4,10.703552621290953,150.44114230199574,33.3275652060801,0.24063260371250048,0.2748151848169661,2.0,0.8477602607559045,1.0,0.29597651988549534,0.3692527400990601,62.993258108284344,10.586691528877942
SUB00909,5,13.01824278670375,83.13040015078096,26.789209758643388,1.7349717782353695,0.1145597238419298,1.0,0.6268652826335013,1.0,0.26509243256074805,0.3847538264463768,65.33128685692608,15.132295922848236
SUB00909,6,5.200164457987603,111.93205418184175,40.80674618972306,0.48473672450447286,0.8885359768225722,1.0,0.8350517439437899,1.0,0.5365712461900831,0.5532165963024804,18.556329649578323,23.661285641842213
SUB00909,7,6.979577610420433,116.08347654979386,20.1423175583576,2.5792797351591235,0.33570812625988133,1.0,0.7608871527175214,1.0,0.5447623910693238,0.3625046494070161,30.40363900250923,19.95592457011709
SUB00909,8,4.915254458554304,167.99560632940847,16.907173795428058,1.6536409345265755,0.9089201077707346,1.0,0.9873979694384558,1.0,0.3638309265790681,0.27121626748273847,32.02570115830706,25.553160022559126
SUB00909,9,3.5286160120876673,122.07978142369956,36.024006101053736,1.1988793878151611,0.08605901945144878,1.0,0.7766644633085731,1.0,0.2494500472915538,0.3980027616445486,14.00864280811919,27.549050051741823
SUB00909,10,13.144331774980452,67.94952787532554,35.139480538857484,1.79167418853179,0.7824805237860543,1.0,0.9331973095968225,1.0,0.3682485890786362,0.523323339865122,70.96942559835324,11.513525934936247
SUB00909,11,11.67599651747472,77.96911525168747,25.39656423019149,1.231494819789003,0.5457089123765226,2.0,0.6214692112197964,1.0,0.1925540690350538,0.4382718635831653,68.00102284164977,16.65956738301619
SUB00909,12,4.756935475366308,137.33918199331612,17.369315708578018,1.3842653508581546,0.9345651895607976,1.0,0.8996784325687542,1.0,0.47744044481005743,0.3814344938501727,33.58074576051375,23.171417814351326
SUB00910,1,138.4400328729038,513.5837800913487,38.25764433568193,3.5837435277336507,2.501861249583259,1.0,1.0,4.751567922350372,0.5995109251804344,0.5668776799208239,885.5848375945983,8.172161309509566
SUB00910,2,131.99199416551792,445.00977868149573,32.15767302359937,6.2199799794794846,2.0357383169243866,2.0,1.1074635449210675,4.716099594769938,0.5338728739462121,0.308704559656802,817.3582567995022,20.755964261555505
SUB00910,3,132.78402573759146,553.0648505595954,46.05049694434642,5.508582572260339,3.1341189668528084,2.0,1.5392467611113765,4.956408628883468,0.6290620806604462,0.5169037830237684,373.59867812200287,17.076874583350378
SUB00910,4,127.87731574842712,394.5001308175165,50.86666760532563,3.2963145187887823,3.897687475839363,1.0,1.0,4.981282629282205,0.5228467317597378,0.4518814416477244,642.4482893520334,11.747430618338152
SUB00910,5,122.44723780148993,527.0811011463836,37.046109404833345,4.459656876550377,3.4264138636399304,1.0,1.0,4.667005815928535,0.5650713055441572,0.5823217431148159,473.43856567217784,26.321246245107876
SUB00910,6,133.61772470676144,377.69399057594217,31.026636703225225,6.591171180469093,3.2368977560525716,2.0,1.5025349056628365,4.455076539842301,0.6273174853698095,0.3571066229414899,325.00835027373563,22.526909242323747
SUB00910,7,131.95693411509507,469.5270159045894,51.04322690779305,3.959427458940545,3.751806406693043,2.0,1.368293623571435,4.350598939050763,0.46030905441746417,0.4466477633463304,709.5797530515766,25.4694485117444
SUB00910,8,120.0189740048167,334.8168195548496,34.242693517422516,3.758206578811115,2.9228065911763714,2.0,1.381534317755078,4.117261596959919,0.26921669057108116,0.5192081722735322,853.9857341632772,12.499352272263996
SUB00910,9,119.33696216733777,401.5471827373708,34.25885167966595,6.105237607452308,2.103532418814355,2.0,1.5441829222718244,4.132683684214664,0.542081880787706,0.5695469397320636,680.5576436749936,25.25855254773925
SUB00910,10,132.61933004402306,518.3821629899522,36.84783695907708,5.757038971088939,3.9720390312177747,1.0,1.0,4.996101943437441,0.45449293656490175,0.25894876426588714,806.2412117443378,22.77629410801586
SUB00910,11,138.84696109646876,428.25863931549236,35.920575792666895,3.7523451467406153,3.8301412146663356,1.0,1.0,4.84412690394577,0.265145384948594,0.5443319845106052,902.671294178138,16.78161435301943
SUB00910,12,134.03548117972522,435.4364695265975,43.086329831990135,4.01078410358252,3.435054519317516,1.0,1.0,4.58534280863939,0.5769366016675593,0.4533285588616077,404.49019391139916,15.5497191644353
SUB00911,1,2.385470101592956,47.5576674109841,7.10029555538815,0.15214369742260747,0.2088846285467656,1.0,1.0,1.0,0.17503612505439783,0.42389769747513845,11.184358764333947,8.040367201935805
SUB00911,2,2.5479346191596615,42.8996910109805,24.99529736376878,0.1588502277638722,0.20777763681803896,1.0,1.0,1.0,0.4945027692499392,0.34918150602186393,16.69863360329482,23.440282547525015
SUB00911,3,0.0,73.66079212483675,9.619406145565355,0.13741367002332788,0.3929727363253122,1.0,1.0,1.0,0.33678588423512734,0.44609482811139645,1.0,11.920919995505036
SUB00911,4,0.0,31.22928921049981,8.90687779382417,0.07737008961618541,0.32313992877927367,1.0,1.0,1.0,0.3855543409730576,0.5678629598049205,1.0,9.004750122359878
SUB00911,5,0.6902692697155026,37.127122663636655,14.0013579796505,0.0,0.08255680293468454,1.0,1.0,1.0,0.390354430434994,0.5059419876257463,2.9255634241351967,23.517308100824785
SUB00911,6,0.08224056084214881,3.709111794213591,12.079756680108913,0.0,0.4707939103492632,1.0,1.0,1.0,0.2822318335157145,0.45147886650315583,1.0,21.9923532724622
SUB00911,7,0.0,7.590977260365349,10.493366193033273,0.0,0.29192636485062295,1.0,1.0,1.0,0.3451764430301194,0.3766464192395951,1.0,23.831140444212245
SUB00911,8,0.0,54.89724522725622,21.31676201513397,0.0,0.4537258842500076,1.0,1.0,1.0,0.41652923408528997,0.49102550644956333,1.0,12.523526714743246
SUB00911,9,0.0,40.72654682640241,5.216871614916403,0.0,0.3417064299436004,1.0,1.0,1.0,0.2513308456841242,0.5487885390117369,1.0,16.403519470746215
SUB00911,10,0.0,25.44675597593024,12.08232162196547,0.0,0.18526073447975688,1.0,1.0,1.0,0.24617278890777344,0.5581784043415113,1.0,20.48106247613291
SUB00911,11,0.0,32.6691635715083,19.771743833108612,0.0,0.0794027432963183,1.0,1.0,1.0,0.4671809654130038,0.5956718666000261,1.0,19.388302636173286
SUB00911,12,0.0,23.086232652048157,11.174149632035386,0.0,0.30792326076384396,1.0,1.0,1.0,0.36191515088930326,0.35101259650777233,1.0,12.02874841679636
SUB00912,1,101.49401473577666,166.0872930068164,22.56039051773618,1.9986854854580234,1.488656823087272,2.0,1.4342768963889077,3.121624542939708,0.4106948873284132,0.4248579794036935,435.3227817380292,18.81120217568197
SUB00912,2,102.67378472213029,217.7214680484622,26.091415088692948,1.0158255454947878,0.13408630344284944,2.0,1.318044815844007,3.739710756865148,0.41811144522661736,0.5588761436212972,486.74135772517957,25.981532536548347
SUB00912,3,108.64331107983831,172.2226068184596,31.499053477800974,1.363078506158076,0.6411970783059813,1.0,1.0,3.003801271138926,0.32926391457295084,0.39447287132398723,726.2619401426056,27.433391854552482
SUB00912,4,124.74020827216148,165.08045517360452,39.35452353951439,0.16242131405689858,1.3705938692401543,2.0,1.7489351951855054,3.6918108025255076,0.6365166400155828,0.452514022940647,406.86070280829443,19.62738674499888
SUB00912,5,123.03312436168507,310.8795146964884,36.62389829126783,0.1752951533257521,1.3612572373863334,1.0,1.0,3.862870736576292,0.26675243694748396,0.47685271862688583,519.8445137347874,27.072581355792874
SUB00912,6,101.0714562943681,158.3857733726425,22.46013601248493,1.3575984699871901,0.8002309496697388,2.0,1.2896935068772797,3.6069596224109377,0.47203134375670897,0.5438071266891742,281.8876521556184,9.875291440419794
SUB00912,7,123.37893066492167,172.35275447696785,36.80450681065293,1.2623827456471017,0.1583962413746316,1.0,1.0,3.7868309047980286,0.5375670296646926,0.356499578599626,643.6028915052317,26.41508771465947
SUB00912,8,121.62165117266964,281.52762048088874,27.48706658600529,0.995509756613949,0.3185066863847078,2.0,1.8266540391033677,3.140587943768638,0.5702296757939945,0.3617291148402726,397.81840812964606,16.032037525578744
SUB00912,9,119.72020461565702,266.55970303992655,38.501840372076465,1.0427661598188365,0.26454212108870795,2.0,1.5389442813807577,3.2810904816134827,0.5024552399240411,0.41480358836682046,610.4314878541452,23.706861955126428
SUB00912,10,124.45419395722381,318.2058584980372,34.228830923157005,1.0305579665539026,0.0334978439502579,1.0,1.0,3.084280172916128,0.5332867083723914,0.4354378825220504,467.4837210774418,16.727021901342937
SUB00912,11,99.84780040093855,187.95458689178992,43.128397084142705,0.8400310210561442,0.4323861593753188,1.0,1.0,3.7978653184739173,0.5687550760163365,0.570104910590361,703.6124570186257,21.795957713040213
SUB00912,12,96.78254353842219,315.2564495556129,18.679504517810777,1.0323929413753268,0.6934454442654363,1.0,1.0,3.4082408511227915,0.5638618264820068,0.2817349363892875,579.1091730043412,17.45262258362627
SUB00913,1,37.98016318286618,250.7650021467863,39.38645579470266,13.768125001067157,6.27672935433468,2.0,1.905858741496973,2.804657127835244,0.5033489334446731,0.5740662265605707,135.36247307764447,8.20362618837066
SUB00913,2,30.414891638960995,365.5617416524361,32.65864317101861,10.407795583035602,6.70731146412394,2.0,1.5548891287613449,2.283553075393825,0.5296729171312873,0.4971545124350314,81.77067777084372,13.871760096191448
SUB00913,3,43.87531265472367,254.92013654531144,62.667188405457644,12.597588784807092,8.43838237064561,1.0,1.0,2.6376568228628674,0.5397804790388653,0.3625917565103789,232.5148993439228,26.16160621129088
SUB00913,4,46.5864890943249,305.6541448769141,59.64726495770828,14.417916816451504,5.783854474932189,2.0,1.8006237246119445,2.3485433197044587,0.4186176502262049,0.4166135790132769,127.91253784618333,10.051518936009199
SUB00913,5,44.42941942437749,392.52536049260505,40.27026019702673,13.067565331660619,8.477203134496964,1.0,1.0,2.383856278398492,0.40662727230099327,0.3473652633400266,149.67252433146516,18.91198719601698
SUB00913,6,42.30179954112896,316.76157478266003,49.21170529968805,16.563640509629828,6.141358814647238,1.0,1.0,2.76194501824594,0.32020398687613527,0.545388751658326,291.6608187201225,21.737117580368864
SUB00913,7,50.55435402445532,372.20649136538464,42.02662671773472,13.356080220395757,5.77356640357198,1.0,1.0,2.123756262701296,0.3316926200035748,0.40235440808948564,347.3416844198441,13.685378702803824
SUB00913,8,48.481038212908416,243.40450250103177,62.72117575520928,10.918986392006428,7.185698485122867,1.0,1.0,2.3603293894594835,0.49262083581409966,0.5904828562219939,318.7371856081439,9.047507713826965
SUB00913,9,44.993108927206094,353.2758589047406,54.678464948058775,13.559574497854038,6.9496791530332995,2.0,1.1161185254693256,2.423938289880244,0.39488693088333915,0.37619741976981724,329.85208553351174,23.974014654733978
SUB00913,10,44.53596601280606,313.35663883232945,41.73632889739509,16.572107993912372,7.497858889610532,1.0,1.0,2.2824587191209695,0.2424235202492555,0.495126179693234,168.08403995504617,20.430819497004798
SUB00913,11,37.462978716045406,300.64919348663534,43.9106790543559,15.64260606650529,8.390771451342784,2.0,1.4640992784367695,2.1995624293673086,0.20043764078172863,0.5852187720864482,178.64448427057502,16.50338771075343
SUB00913,12,41.00685788767673,367.7443951365353,35.474904969294286,15.064093051906669,5.697547613077026,1.0,1.0,2.43667997473203,0.3605082932443935,0.4651409258630945,326.6546770469289,26.619013605620143
SUB00914,1,1.5269923187028707,1792.839904642183,50.20012636799677,0.5522829205057772,0.8250229042571546,1.0,1.0,1.9774466011587535,0.4998341266773897,0.46733534906223945,5.071987553942591,15.488479328398931
SUB00914,2,8.795905116507502,1516.7239582157538,52.4075362801316,2.0993296906575885,0.8090343855088,1.0,1.0,1.146805371167089,0.28207485849823877,0.5730674234423649,51.64568560774748,22.84940271898018
SUB00914,3,6.135083110854856,1433.6048352964456,43.74065445361656,0.43106965747688075,0.14046915056692677,1.0,1.0,1.520591860700514,0.3287412660880704,0.5078691739376089,37.78202348179093,21.172172198412213
SUB00914,4,0.2718079955795143,1577.198019679383,71.87736565071233,0.6064315955458015,0.36215725814800237,1.0,1.0,1.1247392340444526,0.4318038501170528,0.3077435262600769,1.9144489466910553,11.454454753332435
SUB00914,5,3.203100683355099,1639.6378286559493,47.1575082166234,0.6747447734392348,1.1353012440979813,1.0,1.0,1.1623465454715103,0.26268170176745315,0.5899081853742265,11.952509024516887,13.601085469914334
SUB00914,6,1.3197996823158062,1553.9850383930332,43.913034545734284,0.41587178634088856,1.391706858724527,1.0,1.0,1.027846082423992,0.36515124051019965,0.30931354389658,4.146251506044191,9.153708495430646
SUB00914,7,0.0,1731.9671097040539,54.096031103396996,0.32897791707088553,0.9431370805487675,1.0,1.0,1.348914976437023,0.30069966815812277,0.4029734084018345,1.0,12.709235629837414
SUB00914,8,0.0,1491.14543604627,75.93162048153488,0.8452567362842809,1.2499895929075788,1.0,1.0,1.1690324063545914,0.3372174713936493,0.3675238132037998,1.0,23.00878304108633
SUB00914,9,0.0,1212.4544655145608,76.5153834143568,0.8342912204439563,0.8460787876553877,1.0,1.0,1.902423315371509,0.32039236721253506,0.27868877708815104,1.0,14.908659944089958
SUB00914,10,2.1671446462041093,1736.4926685829666,63.25461778002456,0.0,1.0268424020345979,1.0,1.0,1.2821909490514911,0.48366314838138214,0.5497986650247313,5.905190857453259,12.56846550932363
SUB00914,11,0.0,1310.9937404707123,52.781657322689206,1.930590027254157,0.2096502858608872,1.0,1.0,1.8438660882151356,0.41823369167110647,0.4999679777823407,1.0,25.76945172913647
SUB00914,12,0.0,1796.0273471081455,50.353442495818655,0.0,0.2818025683067672,1.0,1.0,1.0525308021253572,0.4428420265465558,0.44444729669087035,1.0,13.720836198371977
SUB00915,1,78.86843960708956,461.5551415753102,118.0725274806592,3.084437519421905,3.4301357657159377,3.0,3.0,3.8220228846309316,0.3382819785365172,0.47174816407475023,453.3028282455342,20.412794076574976
SUB00915,2,68.17031678709337,524.8339154924163,117.06401895840847,3.949705886914716,1.7164809046267233,4.0,2.615629750379763,3.5128630568652457,0.4022912057203982,0.31341027470250016,176.74203688506483,20.322532664433997
SUB00915,3,60.71518157904329,506.0156663333411,114.96779148281604,2.2641129400108433,1.9606254598135195,3.0,3.0,3.0270390432188865,0.4057419524038518,0.32879403552902753,137.3975689334201,25.61711733045139
SUB00915,4,72.33525446401298,605.5086711927989,75.71757186759457,3.256452971401145,3.052786434029766,4.0,3.270439739344897,3.2179131445435596,0.48226968217383914,0.2995243259332101,355.89931911573166,25.924085825830858
SUB00915,5,59.42588102659584,588.0896322032169,79.22526215261524,2.4918006004630517,1.8826543136631626,4.0,2.5982916584760902,3.817888593581609,0.5899101841275275,0.4533847257017758,189.29135923796395,17.320655864597125
SUB00915,6,72.7782138890939,693.4534679811968,69.56124255203115,2.037626620600304,2.6803195317894297,4.0,2.549455577723926,3.829892762355477,0.567263148467986,0.4041778731696659,348.0575440482542,16.07137324300837
SUB00915,7,51.52403467287827,470.91955867537024,69.05286718218606,3.400513842475495,3.227935744390453,3.0,3.0,3.181037032302645,0.2650430534392022,0.3469366156917523,282.69769920455116,24.36102600525494
SUB00915,8,74.61445725993423,448.91358032190016,97.82239612261137,1.8309811780591974,2.6533846630559634,5.0,3.1583197075993485,3.1159399872186686,0.543182355254043,0.3776360378331186,295.4942861985725,11.844840711340225
SUB00915,9,56.959356085154695,479.8033061736807,110.91839261617989,1.443001561646221,3.377197347438993,5.0,2.8700366250849987,3.0482919655119582,0.46282042843750404,0.3808170362052275,132.73490823181544,9.181969797344424
SUB00915,10,51.051730479836,685.6886263441477,111.43541341977641,3.7700926688130494,3.0457713475691186,4.0,2.719484478861797,3.341830846230079,0.35790433275181244,0.5543170563012219,303.03938666760166,10.059329000316472
SUB00915,11,66.0455861560761,736.4160809770739,101.07926026298739,0.6914282651629704,3.0203130239025766,3.0,3.0,3.0630898386715035,0.5844457252690644,0.46029188158118245,245.86330640928742,12.273345055219576
SUB00915,12,62.4770186901169,625.5172460257952,100.83829388782317,2.445469104964913,2.04216874452597,5.0,2.9212465428949534,3.0970287125018583,0.5841061317092707,0.44997396832102077,232.6160730411183,20.197122961307805
SUB00916,1,7.765729495998763,136.01314729235023,42.06282355277367,0.051286685306449864,0.24245158956751,2.0,0.670499957091947,1.0,0.29169897323134053,0.2551886573722777,20.70254167963275,27.53686918012261
SUB00916,2,2.4136889806701105,110.69386884546235,28.40218905945642,0.06355485033859064,0.6249273950355505,2.0,0.903690458415733,1.0,0.1602400791115155,0.5488789133863818,19.23838562897818,26.487338854014247
SUB00916,3,3.8753034801058566,184.57373159630401,37.01064196868854,1.0175424597170903,0.4874494877792602,1.0,0.8175106148029573,1.0,0.2654946221301231,0.5148516370905492,16.362806831839663,23.07310568328518
SUB00916,4,4.709349728820717,141.24676339444383,29.25989997243195,0.48998839200651323,0.8864488606375918,2.0,0.9133098197281753,1.0,0.329266845492993,0.5007137541065797,15.528302524779901,12.22783352943294
SUB00916,5,5.4320291967314365,162.46497079462924,43.75963533324233,0.21602834840408158,0.4090314544959841,2.0,0.7048300484844109,1.0,0.286868591640712,0.4419778488909858,35.23098383519071,24.61832002691829
SUB00916,6,10.866732413143435,118.20326023311323,19.441798758257814,0.2780816290969374,0.22517118015776816,1.0,0.7952418457345278,1.0,0.5001712669407629,0.28193664260966317,60.45600716428999,26.958491722269205
SUB00916,7,4.791674390473641,35.812489347919154,41.318825504063625,0.05912666184541804,0.5608195969232594,2.0,0.753021605962713,1.0,0.19863402903954547,0.49871218228586967,30.10854855486424,23.495364981261467
SUB00916,8,4.014484913483167,99.54246064248402,27.391695377639873,1.7545531288908052,0.6309148159372723,1.0,0.8047830732912038,1.0,0.1656454741989323,0.5661238445449219,13.038346422245269,10.517096599971593
SUB00916,9,5.449635550679756,55.42518374208922,16.412302176345882,0.0,0.8768083359880515,1.0,0.7574869028709292,1.0,0.39394423073062657,0.2570108146917794,25.713141834436687,12.539785674964836
SUB00916,10,12.055186385086719,116.14983490865086,25.697433561270543,1.3682313083444875,0.46759685434770737,1.0,0.958902453185877,1.0,0.3166236208088097,0.5770298623072128,33.56174634325215,17.25815048947932
SUB00916,11,9.543861604839341,79.60651811028974,32.0659572314743,0.7712322480040799,0.8527219851095296,1.0,0.695230932072102,1.0,0.16073019557005458,0.4023759996674654,39.45862134842549,17.33866501710554
SUB00916,12,8.459045156858274,126.79673813657415,16.824606176136648,0.0,0.25653840313620035,2.0,0.9925794066051814,1.0,0.3902934420316483,0.26437137577507974,30.5441836097581,20.63889044958234
SUB00917,1,118.54650611356482,457.9511316084136,45.73299934600362,5.43463424322178,3.0295505397794487,2.0,1.9008652728574007,4.536124523615444,0.3078195425614373,0.4099026419319634,873.8142692815717,22.161937823601143
SUB00917,2,138.01200064799752,530.64639202829,30.155617525803983,5.4755735522679965,2.872076594402179,2.0,1.6976134197841248,4.249311202077103,0.428176750180965,0.5545329111843007,793.4241344176766,17.538726585357562
SUB00917,3,111.15862917186327,474.15613122511525,45.70798857981151,5.85945983018629,2.978953156399119,1.0,1.0,4.365510865778726,0.3240963321441528,0.5997820872564885,755.783588202762,12.392996659301168
SUB00917,4,111.61945759280498,359.158769653807,37.312651226877904,3.6737922529092337,3.433800296559008,2.0,1.3277169966569184,4.2397206803003495,0.31694206897790034,0.4212017437605041,424.8366014434482,13.353240054877741
SUB00917,5,124.49923546319414,387.02187215624264,38.24581919037209,6.810133077305277,2.898775932250317,1.0,1.0,4.98474855613763,0.4795090114034335,0.47852764820531263,777.7297228727182,22.059090933131486
SUB00917,6,140.20260473783452,468.9711298939358,46.92724807247069,5.2455390385777,3.281712096010168,1.0,1.0,4.241873494076214,0.27550983565219744,0.299582132443913,684.0160221424836,11.25887719516016
SUB00917,7,120.83332042145972,563.2803389952312,38.223160474774694,3.1677269353248376,3.596293716229498,2.0,1.1163468751497954,4.832788353947008,0.5898288094924727,0.4116100429778662,819.662812977471,13.011050051346844
SUB00917,8,139.68748388583344,506.2719382316467,34.21711832994039,3.8097187986051684,2.015124050816036,2.0,1.4386533793452028,4.778467687003558,0.5550013665577085,0.5703858489426256,1110.3321351740708,21.867716690786956
SUB00917,9,139.38903431084168,388.05200978945794,42.87294962935172,5.811509192051327,3.892315294766391,1.0,1.0,4.233919892299744,0.526856080587639,0.32037894995419475,734.2325423535567,25.4858201220367
SUB00917,10,119.77896735589708,531.1300362908088,54.18082959050782,6.700433899283872,2.9591061457761025,2.0,1.7971255548093428,4.095923766885476,0.5152011059735542,0.3557968909790491,745.6482562592515,27.34326671969669
SUB00917,11,114.9623670155278,318.2527515668065,41.737130552768804,3.0235674575432494,3.5615488421268675,2.0,1.7503208039810132,4.692991775651034,0.4391380005426989,0.37474623691191566,627.9116679155339,8.9813107595558
SUB00917,12,140.55622985544767,466.92199650967973,47.918073268133426,3.021298502590936,2.3688129545744037,1.0,1.0,4.152125626844536,0.5113723596127787,0.5794438365657477,1064.2140485724444,11.411143390352496
SUB00918,1,0.43227228777971005,24.62300578204061,14.022990635156429,0.0,0.15927954630797864,1.0,1.0,1.0,0.4065122903809426,0.35275694977096944,2.3025867188068294,14.613958466579476
SUB00918,2,3.2919740633647114,30.963884510328587,24.76596206098901,0.23703800998029526,0.4946164382794831,1.0,1.0,1.0,0.46996669824328174,0.5773609751886111,22.604021516381373,8.659469891699935
SUB00918,3,2.388516637739243,51.73522075618455,14.294000836268502,0.6535009954011064,0.08437221856334848,1.0,1.0,1.0,0.3778416359325417,0.34454889706937747,17.26922820489275,23.159735916580956
SUB00918,4,3.882549833276891,40.59473847016609,10.001613541788165,0.5912533627684858,0.11342173711994769,1.0,1.0,1.0,0.4000862715873318,0.35198494860070695,26.9527307911866,18.433396561649428
SUB00918,5,4.153380162275106,34.69503120454599,14.62483531713523,0.6190078802210117,0.41770787382177194,1.0,1.0,1.0,0.2748583812027331,0.3864500956468288,29.900951657103246,27.612531583799367
SUB00918,6,5.102541218893295,41.08479433429977,21.91332136791954,0.9371036937346384,0.30877923702959875,1.0,1.0,1.0,0.32088246082073457,0.3148485419480727,16.19718052050837,24.29882466731783
SUB00918,7,5.229867074018254,71.11843216943555,24.57407097309995,0.8431061341729977,0.3630413296563822,1.0,1.0,1.0,0.331811551816091,0.2977532571327153,37.26546328736995,16.87465340654753
SUB00918,8,5.566498813952074,59.97975521926148,16.570326855753013,1.1173734173957803,0.20428863903472666,1.0,1.0,1.0,0.2666562839962262,0.3635470296216792,27.314248164801842,18.15034368719285
SUB00918,9,6.802649831068348,70.10707234951505,5.217080322626019,1.3174177845689137,0.31125167381041835,1.0,1.0,1.0,0.16649575845117734,0.5443591961004424,42.72330420897643,17.398340214935025
SUB00918,10,7.0593397112886525,0.0,23.153997008494606,1.0356886113990853,0.0369471684349611,1.0,1.0,1.0,0.251909648767833,0.3899300617770883,41.21999033695313,11.139043303082884
SUB00918,11,7.405360817142955,43.891819882720114,18.17113841477937,1.592235187805128,0.3048538970991744,1.0,1.0,1.0,0.31215002805681863,0.39415331541185594,50.27563758392389,13.80399609276888
SUB00918,12,9.276151286343538,23.4277534317212,11.958719837653929,1.5907509550298433,0.3979157835941148,1.0,1.0,1.0,0.5224926000543898,0.28121218391269737,63.86721603364504,21.186123610569016
SUB00919,1,122.92474118670381,197.51322219874407,24.26861829663999,0.896194026293372,1.2449811126320731,2.0,1.991684123676463,3.672793253221359,0.32799516311436716,0.43616349902682316,925.5654195786715,24.005066304332395
SUB00919,2,114.27626650143868,320.7028627389996,31.679026072638443,0.8867819956444323,1.4264101604060815,2.0,1.960067079501771,3.878196675506333,0.36477367604528466,0.5765626203883123,524.9848791035628,27.819063851730586
SUB00919,3,108.4440827140287,286.1470468878422,30.09617750792622,0.2828409483471793,1.2041893754557629,2.0,1.6825113168041592,3.269690032028472,0.4119392161137624,0.5624259899428836,765.1824952677188,16.015395806845476
SUB00919,4,117.30638478758816,217.69127662912402,18.935096765887153,0.32360582330773024,0.922516193396216,2.0,1.4750675527999433,3.0237557849070247,0.5199089542251532,0.3399301039285692,898.316337867246,23.955178999690798
SUB00919,5,108.4911885116825,286.4167281032802,26.690595678698926,0.6507112859976862,0.9488722912701093,2.0,1.6082870732149732,3.765522930344631,0.570753988926857,0.35416359032228634,311.8748159802449,10.792061089025628
SUB00919,6,92.48876510690275,297.66783304383614,18.988994549115596,0.0,0.9648897043553624,1.0,1.0,3.9916687115870544,0.582202789046262,0.5232549981242002,651.4083660682182,25.25123341177565
SUB00919,7,93.10006608436751,186.91801908337612,32.759576731459596,0.0,0.10035317526945664,1.0,1.0,3.9595801330790703,0.6212396998976059,0.3945746095637562,638.8047348747987,26.189990161702323
SUB00919,8,111.75114523570832,280.0048733830074,29.285432400283277,0.0,0.47634922809439756,2.0,1.4525838946385636,3.29883566892418,0.48747131447313397,0.5126822020159532,423.46425351685923,15.136772643723845
SUB00919,9,104.11218466618406,281.9434077059038,21.763919448725076,0.49137894984986763,1.0969553621185075,1.0,1.0,3.3182105884082636,0.470468797899792,0.33775383992110075,808.9548445143162,9.43757285110045
SUB00919,10,114.94324546523423,268.0960806234525,43.01851666417878,0.0,1.463693962524486,1.0,1.0,3.256776912278159,0.3208132439335869,0.49982444919233693,617.1713322452413,18.47213203526738
SUB00919,11,118.45688341172601,225.7202803284075,29.97529385029107,0.0,0.7125998101490661,2.0,1.3737147271424028,3.002014343431509,0.33890074882287935,0.49794584789625584,897.8827759720657,13.25673917112364
SUB00919,12,95.95353851945421,226.08088050088887,17.46469453009949,0.2706531603912562,0.18525489564283287,2.0,1.0275035418672203,3.964809950663115,0.6130970292815746,0.5254156945098052,607.3185294550648,18.75571585521533
SUB00920,1,35.307312789995684,270.4601622270627,60.24235180878148,15.64985651724468,7.615868635540652,2.0,1.777318652073618,2.759214091379916,0.3126933843850188,0.5804764484693373,115.22939360672393,17.819705368269737
SUB00920,2,42.65415068444384,178.96088621322716,61.10072660156095,14.014721657409517,6.116428840516442,2.0,1.5195990090951736,2.03045418436151,0.18391462954916524,0.4224725193144804,200.37363170198802,20.86461213297251
SUB00920,3,46.87274963118907,340.7143052919677,62.98030806671634,13.628611397327962,7.153830283282488,2.0,1.3336478158007092,2.2870222439143557,0.4729234399129053,0.5926803218981964,159.0205435904219,11.028435619265107
SUB00920,4,45.174035597322565,326.24680778583144,40.707465122774934,14.690688393220134,7.58852404851365,2.0,1.6491791956528308,2.013148717869137,0.36580503401119224,0.4709378223142392,253.2993192896411,18.762123543332965
SUB00920,5,46.12672887065226,379.7606137970896,39.940459211445116,10.559289187109723,5.939568054590228,1.0,1.0,2.499728882468437,0.43326615077846586,0.3423481074976069,99.56864127089727,12.25782104045648
SUB00920,6,32.984948740788816,178.31512523617414,30.27916035461076,12.67613901659684,6.287226650432387,2.0,1.4332194989707938,2.792103689919728,0.5290217642356446,0.5320788224067754,77.20369254184307,11.153975867281671
SUB00920,7,50.12236341068105,244.41951772330307,60.92537053657803,13.177939634061719,6.090005681122097,1.0,1.0,2.112599509245922,0.6046944239819638,0.3934461588478597,204.67259645673343,26.204226705233673
SUB00920,8,32.874524831394794,350.92970008101497,37.04936066371808,11.392680219185262,6.153426587191033,1.0,1.0,2.465769809324624,0.39431326799378075,0.5214740789412551,201.75615166232728,20.66318938925396
SUB00920,9,38.828914918839146,231.94812552964058,48.79737463705908,12.824832721650637,5.045060351377218,2.0,1.1934796374865462,2.4376142506127447,0.4122236893164214,0.582935471939571,249.58782939200051,16.50601818561914
SUB00920,10,43.28624989689081,320.14760130783736,30.745778475999543,12.670814766950635,7.425799719709774,2.0,1.968299492384157,2.893916518920498,0.3652645680215595,0.5334083066455141,237.23625090821145,19.471711255052846
SUB00920,11,50.161389859501696,303.7898698995464,57.92691282808959,15.003538241984408,6.562170107702427,2.0,1.2011242336319137,2.7950744871660675,0.4238772343882806,0.2519185851788582,311.05229343859037,25.46439462772491
SUB00920,12,36.48111907655099,205.39598224237304,44.44218904841581,13.175687603943754,6.923064567631927,2.0,1.4324200847716275,2.063822079356701,0.2829261582198591,0.5426259269526582,203.5706431405607,13.870542071505604
SUB00921,1,2.3824041976672388,1781.4686672965618,69.2389064121302,1.4996993128311318,1.4530367408045999,1.0,1.0,1.853402431850193,0.5142998367700723,0.4929068474934766,4.769649517047653,17.83446453369561
SUB00921,2,8.892990400804024,1267.8028889309212,55.43804714590077,0.7229129598811963,1.4504538856222866,1.0,1.0,1.9871146010625065,0.5250132235018211,0.4987405929271249,61.667733271586016,22.88167176079355
SUB00921,3,3.1719290307735455,1445.8758519972878,67.7854852030691,2.294537100192124,1.0492950490042479,1.0,1.0,1.7895164144952784,0.3166562002650817,0.4194857303986411,16.504229150644626,23.976607075002928
SUB00921,4,7.115112861002686,1664.8805246914621,68.09108870531156,0.6243723288090219,0.9770437610358753,1.0,1.0,1.7404930546488848,0.48311853226435364,0.43526138021355354,34.68919376214166,15.90461811907248
SUB00921,5,6.224849605561738,1252.1450275848988,60.96192570867787,2.5453001634605634,0.9043081226952354,1.0,1.0,1.9090172466478785,0.3398397770333981,0.2701306570927613,37.250335037900314,24.537921169962136
SUB00921,6,3.9161714342253044,1388.6219475131475,40.86228669371606,3.2055436066809495,1.2688334691671224,1.0,1.0,1.1242284246897627,0.3849784736884781,0.483714143378835,14.850323632975979,13.323659091310443
SUB00921,7,2.7310536284088434,1535.4030280954703,56.644431941402644,2.8321324576154003,1.2224481197223076,1.0,1.0,1.3430306397919936,0.3322570883385859,0.26831201858230364,21.67143451059426,14.81152823515458
SUB00921,8,7.506777125325515,1519.7220839332836,77.05154665843821,1.1875536107728037,0.8548375926755742,1.0,1.0,1.6737622555105034,0.3861797116451986,0.534166512225972,16.153675047293994,23.962446037807997
SUB00921,9,5.833154516590451,1726.362422676878,56.0788531161828,3.0140182275404324,1.2448174201424043,1.0,1.0,1.242427407959164,0.5070004225846378,0.5972641642663371,20.87798617246833,25.36879830426966
SUB00921,10,1.4428647574622566,1651.7328941478831,77.91624140048694,0.9143288823936891,0.6865414264317736,1.0,1.0,1.9108390964229798,0.5218012495084879,0.44739330724506277,7.967796582275846,22.80557418022871
SUB00921,11,7.021169088017186,1263.348369674791,69.67806915177016,1.2451386164803218,0.07041133564135482,1.0,1.0,1.6637810911116098,0.2647604567123222,0.37999392342112714,21.737868444584898,14.85444965908134
SUB00921,12,1.9127607863906988,1441.1589865637482,73.11762354397489,3.469423432955052,1.1426068169932952,1.0,1.0,1.5216697109411492,0.42595688385859143,0.35439812432454043,12.778498632040437,23.363266106912874
SUB00922,1,51.21018147368606,654.6028535298244,82.71733025855244,2.2417381942864028,3.156090836971886,5.0,2.6014754818381456,3.319740126439679,0.4578917108251094,0.26599023456969123,222.0319366165566,21.43945675253618
SUB00922,2,79.84459057853346,596.9457708488914,116.92186061558337,4.323514097846217,3.153966119891958,5.0,3.453590375487909,3.8555148734767766,0.36607102196431396,0.27252758542385197,198.22414006957837,8.03619178237921
SUB00922,3,62.87898746898222,550.8555750029825,102.96306748328173,2.571561780317791,1.6056148064843558,5.0,3.2131446711889833,3.695388400830172,0.46504932845903824,0.45179103043231306,172.52719271252818,11.831208170948992
SUB00922,4,50.56811797172399,626.0137752525775,65.95659191270495,3.5787765542164562,1.66174476974428,5.0,2.507276172995581,3.9291554096551584,0.6401631170525035,0.38340616028371377,105.53080115467304,11.224747973336093
SUB00922,5,52.38652717562954,573.639917669573,76.3727401907048,4.358639683014623,3.427712971843026,4.0,3.2454034132418297,3.263360116700767,0.44761377787778023,0.5314498611475835,145.13656158177665,8.643739938246974
SUB00922,6,58.44466570143117,771.9660913427576,101.04438811120232,5.128480182557418,2.881301739413042,4.0,2.6679471981217278,3.2540391458489313,0.4663718673739006,0.5923724993710731,134.8050014220253,10.585086488866065
SUB00922,7,52.70082870856371,591.4761027647139,91.78191361274621,3.111950614248959,3.080438621339651,4.0,3.050964079605419,3.0459973688365327,0.5616427138819073,0.569601610297651,329.885384392194,10.090232543222639
SUB00922,8,72.45704770689679,714.0447729685693,72.60599756107983,4.135026466015388,3.1821779362713025,5.0,3.1278338634106113,3.8379039360728124,0.33863627133693897,0.31534564120513886,381.1063525966031,12.647965634787177
SUB00922,9,53.964996217121566,528.9554922742174,111.83887659719605,5.856858310667939,2.21865576186734,3.0,2.67131192031584,3.4901233879209674,0.3584645734334013,0.42266122174737,258.9244249847046,9.156905741298393
SUB00922,10,60.35075119054719,694.0091201222928,90.89367533559493,4.230254978317734,3.057033937736681,3.0,2.8592749794274352,3.9954465653341247,0.6197414151111875,0.26695733255104187,180.72830782901144,26.31937619669563
SUB00922,11,65.31768416608232,534.2108198066958,65.00540649343885,4.428961808092019,1.5690346855184862,4.0,3.2138425284194656,3.8123479276380423,0.3901417144355477,0.3093422016342434,169.07712471443105,21.252735523055136
SUB00922,12,47.892597526827714,477.5806015484401,98.25410960829694,4.892955220179596,2.1652639918549488,5.0,2.907979023714257,3.280606852128986,0.37735690327867355,0.5295866294451511,239.1048979643015,27.98632081499985
SUB00923,1,9.305558956878127,118.59082827491248,43.1156157633004,1.173140654036931,0.5471511058157202,2.0,0.9937381506118859,1.0,0.2709992721552307,0.448895306633055,35.46602256340095,8.55616696692016
SUB00923,2,6.47442195304143,145.74194779499865,20.394244812692293,0.7553781473509547,0.8055673300853985,2.0,0.8048384956318302,1.0,0.2721428940010415,0.35437891753304623,16.659786206668354,14.104890668636703
SUB00923,3,5.1927839657631685,76.84891168223321,40.36485776687846,1.253917267248823,0.21475402018486967,1.0,0.9949278873534231,1.0,0.3329060086767384,0.2927438712932523,16.378682244556792,15.218728974965178
SUB00923,4,7.76569856590385,115.10019363187644,24.22338210913433,1.9587251029421457,0.2354958688911435,1.0,0.8099434186942609,1.0,0.44899245839467383,0.26721994719158465,16.809375233736752,19.583828601678707
SUB00923,5,10.710940607803236,116.42989320976162,37.77118583056391,0.10431323292489053,0.5018606615790254,2.0,0.5141276571554754,1.0,0.3583112232749529,0.26525221187240544,23.40835131812994,11.282593124056248
SUB00923,6,8.329980828446875,174.39767288511877,33.64684312714317,0.14231139362140516,0.05026316671004194,2.0,0.5828372391848438,1.0,0.31141071636822293,0.4180136579767124,56.522739381974674,10.376308923344727
SUB00923,7,7.457953739132265,183.33084522524683,43.525796352977245,1.7737123024791757,0.6990893821741514,2.0,0.6946088015734164,1.0,0.4250544090218502,0.3151999022999292,23.105067191694673,21.89605107481267
SUB00923,8,13.839900373208158,161.14158120593794,36.91906440860978,1.9513863443541015,0.7222310937156787,1.0,0.8667182813790233,1.0,0.2777176101022877,0.5710232912820048,91.06884282278813,22.87579689445404
SUB00923,9,11.830439491036497,115.84526144135677,41.94495074460027,0.651688959337757,0.36913540226124,1.0,0.6726701760573918,1.0,0.37574809243040114,0.2910186993014493,56.781268848801645,15.154037312779241
SUB00923,10,10.373630663869674,88.47703598677295,20.566610337771625,0.41491930944282307,0.5011900383750902,2.0,0.9107492228761301,1.0,0.4702855368535469,0.4434083570938666,67.76098498205077,23.460950979764288
SUB00923,11,6.708933109726162,104.62768855855649,29.207779224882245,1.8773594197689774,0.17025785109329583,2.0,0.9883037615794761,1.0,0.3421026866582023,0.31264579045375696,13.850263426999652,21.245830818158673
SUB00923,12,10.166059102562095,97.24088938482441,41.36265419556628,0.842877489986281,0.5312478144509765,2.0,0.9287598843784111,1.0,0.4174882947097853,0.2708525146985663,24.524738731788478,27.365513901512315
SUB00924,1,112.17715941654278,524.2861816114896,48.55363040043454,5.914519717036152,2.761473210614663,2.0,1.6677023656274796,4.353822284882236,0.5208649949597737,0.4841446278566004,596.6393399372413,18.790370195294496
SUB00924,2,134.2841895286772,470.04433816384443,47.30022062418591,4.5129559974340685,3.800796480792709,2.0,1.535764176473964,4.237030051340709,0.6181264350320115,0.4712780099795923,983.9421763237123,13.39918607779908
SUB00924,3,129.75261472294204,505.67718167947226,38.90209034329233,6.434019106379826,3.061261945426047,1.0,1.0,4.509942248023909,0.31594489153664296,0.37348386284783164,645.0837958293794,18.46527856352238
SUB00924,4,127.85940696770345,378.0598998102942,35.80964851486113,5.793756019686139,3.9213532441843104,1.0,1.0,4.864843395143287,0.6087272358150772,0.5764789105345229,988.286233283073,27.673429176780747
SUB00924,5,121.71080729076716,433.92615136903186,48.7711392569325,4.278886343667084,2.9962461489219847,2.0,1.1734632628162083,4.724288444887571,0.5394604255853486,0.2609060981593955,283.33963044906125,19.96026948472417
SUB00924,6,120.56253321667539,453.04071895014,38.95374576657754,3.8614792614123865,2.8502329443777175,2.0,1.7955065493128868,4.113373497764978,0.639303097761311,0.341082690895,291.3170053507832,11.505798471721139
SUB00924,7,127.09009954599189,517.5608514760847,50.046716083962636,4.764724036605649,2.891251218622264,1.0,1.0,4.343791540660465,0.4603550500275756,0.5757548923122939,451.6863077551534,18.640535656862937
SUB00924,8,134.3761098196758,521.7323979839572,51.15589849779671,7.061545224772994,2.9837985158862876,1.0,1.0,4.54943915853222,0.5001887435228417,0.3358515202788421,346.247896059197,21.53909949246521
SUB00924,9,110.01717269643625,349.72864913321695,42.064350435392235,7.06354188732485,3.953690173399295,1.0,1.0,4.75150348613436,0.4550874370759824,0.5635496437248906,406.9399227539965,15.88752767354189
SUB00924,10,137.79386848126788,299.77795628314885,43.922713068945285,7.471124607884541,2.9383824851490288,2.0,1.4884091572044258,4.7548108340707085,0.25741098742819235,0.4150250110297384,365.95173001736543,19.245083292847212
SUB00924,11,118.9260948277234,454.3005074648771,51.166112012591455,5.995572376935073,2.7173910933813614,2.0,1.4290709245986126,4.487841180549885,0.4542178136353169,0.5249323020519312,765.7954807838966,15.428105907090332
SUB00924,12,132.62176336691533,518.6021969522017,50.06317740864843,8.093339730824855,2.125099007403569,1.0,1.0,4.3144209494748855,0.42850614033291334,0.44019679610057905,283.4026442643753,26.030123692488694
SUB00925,1,0.09828425923818096,15.203018279347514,8.924462666136687,0.1812691633705258,0.026258353778907173,1.0,1.0,1.0,0.159448444966416,0.34779796717801403,1.0,11.77385650684446
SUB00925,2,1.314795596998446,81.64295574778181,18.467236625132387,0.349054156481877,0.39804496987330895,1.0,1.0,1.0,0.25824886634511446,0.3880530263385473,4.868782189746179,17.136988554366326
SUB00925,3,2.3813392697268654,59.365171916611345,14.064843545874746,0.03975069986766955,0.19346724256015918,1.0,1.0,1.0,0.41361230585642506,0.3762936753036338,12.75970377940828,16.472002309251273
SUB00925,4,4.165573012850831,95.01302540735455,23.24415267144488,0.24421191921587532,0.1888036660278829,1.0,1.0,1.0,0.44082738743611527,0.4641447158323495,27.42604090530886,8.90008836562616
SUB00925,5,5.585232295474139,28.416077287241684,10.077351942985523,0.0,0.0010477821129398213,1.0,1.0,1.0,0.348383089280889,0.2893351316548243,27.688099572271646,18.073389987270893
SUB00925,6,4.683356875898236,64.08552653397365,14.866823482698287,0.4136106330751458,0.2024371053529918,1.0,1.0,1.0,0.4883429493073378,0.2918453125758872,9.525371969952207,25.309324032628027
SUB00925,7,4.4718383432443485,65.46211236923693,19.20277732096474,0.0,0.04022880831637998,1.0,1.0,1.0,0.20856058810291342,0.44668714640764934,14.337115060272442,19.38868579883011
SUB00925,8,5.5013869978176375,25.825378584513032,22.814217281398843,0.20217808751603347,0.2905658738861287,1.0,1.0,1.0,0.5090334946613355,0.5310249823322557,17.75766024141129,13.26861323401199
SUB00925,9,6.82217858037531,112.77916081931343,22.16236446620808,0.0,0.12504106267002718,1.0,1.0,1.0,0.3262965005305477,0.35773893639375287,44.85145163720947,18.651496838460567
SUB00925,10,5.961839441112982,82.21899828615307,9.53602171304033,0.24487532045968713,0.454078280333299,1.0,1.0,1.0,0.1518242035315532,0.5038085762614264,31.188069346130284,12.141734745916551
SUB00925,11,6.165519982218861,28.31415959985364,14.26426672676946,0.08394551845929527,0.4963035093004997,1.0,1.0,1.0,0.4689107008896123,0.4199377631368595,38.05083370988706,9.723814466297217
SUB00925,12,8.327122003758934,51.25082679886971,21.712419489551607,0.0,0.14461947183101692,1.0,1.0,1.0,0.21263565580691268,0.3846446384712105,51.26025632179628,21.767003849358456
SUB00926,1,113.59590704514267,167.10690487058028,44.75501091608593,0.9693223240028298,0.7756327062670055,1.0,1.0,3.892996050863341,0.41679424360344175,0.5686049280265788,841.6168507944521,24.114924499927316
SUB00926,2,114.2481488328757,153.66852414056274,17.833601607503876,1.864332890596252,0.7772363945871619,1.0,1.0,3.2870891862335725,0.47450506358782685,0.48687929493417703,751.5888217297165,15.307484569819195
SUB00926,3,109.83607793797528,219.0310686423629,35.15559031579981,0.6036038979301167,0.9312667061760906,1.0,1.0,3.4307025836427334,0.6030832373178325,0.28953896364618303,519.4695545272418,10.11468387700096
SUB00926,4,104.60586134530567,200.31078349982502,41.62471422033935,1.9676513531174882,0.9861687847464237,2.0,1.7121778415444588,3.219661774819275,0.5663518152975034,0.30293277760754156,470.2468383959867,20.10667488608008
SUB00926,5,107.25844752171484,257.59352712237256,35.555374604132965,0.21665034926514404,0.7464797844878698,2.0,1.7974299020701543,3.2706383359144255,0.6163685373047411,0.30847938785018963,485.22050892259114,23.28643057330819
SUB00926,6,96.67434142910045,161.63248605253605,41.23757536459365,1.6908630967535245,0.04685309046561309,1.0,1.0,3.287389047356915,0.5444835737059469,0.34056883939848037,661.1062296487866,11.859294278986935
SUB00926,7,98.78799791340826,272.80583401228205,27.719354304126245,1.4787486125533913,0.5180844862354542,1.0,1.0,3.994967138456138,0.26612543050499105,0.44895235522055577,659.8545499326693,16.86444873303761
SUB00926,8,104.95138102207005,162.2963327496259,33.880276267719964,2.4385820695210656,1.0314805247148593,2.0,1.889222769394121,3.7661774044752634,0.36689771240742575,0.4851377115083855,358.2250119179998,27.64777216425847
SUB00926,9,103.09691377804347,177.97682082585894,31.650707359215453,1.8235161578202221,0.8699135895092589,1.0,1.0,3.979414333373633,0.5463624460534692,0.5498539406974878,417.76423890894546,24.21253542658022
SUB00926,10,90.94518602892997,259.7914364560638,35.768449351051274,1.6282960827563917,0.9968622625765675,2.0,1.7017905015638148,3.4176614291703213,0.565194060488798,0.44808597461574784,432.1828683346961,18.837425953010065
SUB00926,11,107.25731094347194,253.8415232995264,39.4292724693379,2.448241533587768,0.2205384621780242,1.0,1.0,3.354128713391261,0.38262599821899723,0.3210921981170486,794.1988394019852,11.285159175008229
SUB00926,12,117.28518168510013,142.91322734569763,22.926811659190694,2.038351937417498,0.7303662645142777,2.0,1.4771199297168065,3.3084143054502064,0.5510090329594999,0.44546152248980553,255.07614549040312,8.444227967096582
SUB00927,1,41.206077235998805,249.16619917464854,30.586101338990105,14.072042247368817,7.932134900506644,2.0,1.6344802166614425,2.270816329619346,0.19262989742035655,0.453113688670579,222.57660786201603,12.819544878689157
SUB00927,2,36.77594853845211,349.8716996882237,60.762731590993155,12.159342660459346,6.457183828592855,2.0,1.2472409512567095,2.5533934633951803,0.40764679789187497,0.3997273072706569,243.68061565302864,9.985102769384333
SUB00927,3,46.536144585233714,299.91441050350693,58.18902660286021,14.702974362441756,5.077501942305847,2.0,1.124355885582824,2.99692686617058,0.16261225242030766,0.305770439603296,301.7189428687588,27.579195731250906
SUB00927,4,42.79816462942314,335.5542217227715,48.80984612912964,15.867666546116668,7.391517247504297,1.0,1.0,2.7913864353889224,0.34989628541390694,0.3486803576478311,267.5019214964141,16.687418282788173
SUB00927,5,33.8569210769449,248.78416626238143,42.286650448820865,15.736227192377674,7.129075405827244,1.0,1.0,2.370502487905937,0.5429287574771212,0.4416580566937347,106.29877470726124,21.38029284927905
SUB00927,6,43.94024224620433,367.80460793220726,58.94317651584612,10.691204091505924,8.687669962918148,2.0,1.1087388731821897,2.338255309826608,0.3631319017689441,0.481750888181474,114.16127599779345,20.522903553749742
SUB00927,7,37.56251599924568,335.1450221349742,45.93895923658837,12.7551562846231,5.543653242192628,2.0,1.7314547715958222,2.813975800752873,0.4372332203061934,0.465316903667909,248.29286949549999,22.86720086227426
SUB00927,8,33.6609996126968,333.314317560756,53.09305332393124,10.760030474995128,8.719907696639286,2.0,1.5851676924433646,2.286814498131692,0.5333034494277198,0.3355820629139424,152.9189750358898,12.237190253291343
SUB00927,9,42.807625222268584,388.61315934765514,52.01004366762831,14.612268289738005,6.539549157745017,1.0,1.0,2.753343664950027,0.5262139483602489,0.36146748120308947,88.25344654527439,11.32449107759734
SUB00927,10,26.90719545673809,213.87950620713062,59.93216058966712,12.970237898390618,6.491798528995106,2.0,1.0911244297369258,2.13805136505351,0.380360414979217,0.3338998834399429,106.9727031854458,20.280580236513607
SUB00927,11,42.26872362344471,273.8009147397976,54.723868268674636,13.200923953743304,8.229596817985868,1.0,1.0,2.421118628571119,0.33257116885808263,0.5629965648484672,198.69961982325245,16.86115964843416
SUB00927,12,24.173649292356796,287.9576241490296,64.47037890232919,14.177346681255125,6.4405813658739195,1.0,1.0,2.02890415085451,0.3238495995584738,0.3128115407908687,70.50804701513506,21.77271681659919
SUB00928,1,0.0,1475.154133919935,69.59818051790275,0.8289926122203563,0.13626939319884196,1.0,1.0,1.8039813034413061,0.2442287461937082,0.4405105897544911,1.0,9.775201102523376
SUB00928,2,8.983708339551352,1541.8212345549543,56.825971620969725,1.5036478351108291,1.0820796097144951,1.0,1.0,1.2400478615677288,0.23166244333799219,0.3270405610344734,58.88749648938815,11.197792080228037
SUB00928,3,7.086704361969724,1720.277004915962,55.15454483898399,0.524429131330552,0.1488642402283834,1.0,1.0,1.957606779676956,0.29815632472835146,0.5413448700201964,36.6049448732906,21.777742909522665
SUB00928,4,4.791860265848499,1345.3775211834493,79.98908823907698,0.9976620276583221,1.3839877961468023,1.0,1.0,1.6637602798613984,0.5309941268402966,0.3646711392363535,27.624443668102103,22.300813797063764
SUB00928,5,5.845275747409171,1717.83096695235,49.64367417457041,0.15365998508981304,0.03800358854110225,1.0,1.0,1.33399127024837,0.4234926841996405,0.25657173242252723,19.703780035288872,20.77605347691426
SUB00928,6,2.755156445614528,1368.6511011635382,68.99257657895878,1.0672716349098637,0.24689254893207196,1.0,1.0,1.6566630143906265,0.2852928969854157,0.33043853216608526,7.356722752458303,19.100612085823116
SUB00928,7,3.705699839803828,1370.2646300917331,45.9844994149527,0.0,0.7948700275166929,1.0,1.0,1.4410605605261477,0.18576434245288004,0.565753738605508,28.418643997276387,10.278259741183666
SUB00928,8,0.22321090573460545,1290.651411972132,70.35521707464224,1.1978203554080367,0.2778531062029574,1.0,1.0,1.7226005529482094,0.5176154664389093,0.5299567099599489,1.0,26.32615709916891
SUB00928,9,4.0935447553695825,1336.9057860870403,68.22444915803354,0.8617056637531424,0.06749650698261622,1.0,1.0,1.5641887823058913,0.4035347693273761,0.47434334373716713,13.619201366227188,27.744908908229
SUB00928,10,4.608803710058324,1218.7444250158985,42.537327967251265,0.7866631697716757,0.047670516977657895,1.0,1.0,1.5588569080030088,0.31038873658072386,0.5247213573736136,35.51124889848488,20.019692334683928
SUB00928,11,0.0,1389.3856295646046,77.74745499245805,1.6800676047723848,0.11004732935416223,1.0,1.0,1.512463832281591,0.5373056483325329,0.5928947942515164,1.0,18.66080248530469
SUB00928,12,1.3088238869735056,1293.1461837356082,40.72195889291508,0.020731180903492907,0.44647051972166296,1.0,1.0,1.2769777600613916,0.419283812629313,0.470921163021838,10.282640948949789,19.868064987378602
SUB00929,1,60.607831525567036,659.4015663548255,77.43813826077097,2.5221821556325885,3.0641042850165907,5.0,2.6921749658457363,3.331816220628852,0.3057942510393994,0.582672962059436,380.9814932717332,22.44269862374375
SUB00929,2,64.8583510336475,759.5689518989481,77.75202753492779,2.2453531267054494,2.953255887282748,3.0,3.0,3.1426340635458176,0.34982162438904785,0.4057974781257675,354.89596391673143,15.318547078445503
SUB00929,3,58.443797329751604,725.3261545224859,106.52183762937514,3.620812634242507,2.201831812927483,3.0,3.0,3.8807645168705953,0.45513536613073236,0.5257588446316107,176.8573540313631,22.54179511638992
SUB00929,4,72.82296205300882,578.9022502333834,93.49979752202141,5.127271686220539,3.142915510207254,5.0,2.913344967724469,3.8619623287626768,0.5455095082610929,0.5173159584116049,262.29194142391697,16.4720899932383
SUB00929,5,74.61372047456123,664.453550649474,78.96476065385777,4.343149532703768,3.032399555896528,5.0,2.8036230742528714,3.2267555335310307,0.3066022996578307,0.5575393722687985,365.2560693401453,23.494745790676674
SUB00929,6,71.89922388973285,580.9956248207671,112.82903552451876,4.262745284185421,2.057374537897082,3.0,2.687025171342933,3.201319670544531,0.5582196362606379,0.540678903531346,486.68509673034634,16.399668446405887
SUB00929,7,57.173234073165915,619.1606452440567,84.70242694442206,3.679681545516095,1.7800539024349138,4.0,2.5620425473427773,3.8610601504745437,0.47126112373911055,0.35542848627076085,433.51565617763845,27.97579010530202
SUB00929,8,70.06462927024917,448.86097494693433,104.2684408064902,5.1750509972396115,1.7820805896748928,5.0,2.7606278630596854,3.155708419448292,0.32649866243673165,0.5568267363456284,253.6481746435826,23.01610552531566
SUB00929,9,64.21844609405758,752.3799585516563,98.41093540666094,5.707556227959288,2.212542813343479,3.0,2.8885415025698653,3.606424777810375,0.2717210962782337,0.355907473206758,460.8955617646381,20.313621928273985
SUB00929,10,64.7114842505719,659.1936219328852,103.91969857351378,4.2506597871319025,2.9770550549159394,5.0,3.2089776941097927,3.404538378007087,0.319321120574812,0.48461489056330576,512.7732174977524,11.268409363213479
SUB00929,11,65.17619466301477,561.3497542047459,113.81875673955528,4.268635080867604,2.5429087034959728,5.0,3.1817990845904043,3.8413439982640285,0.386395376922697,0.2660298930205397,431.6277333385488,9.960928399718364
SUB00929,12,60.417996576535074,469.72354545997604,70.20700349214322,5.469938785679409,1.5517326829114035,3.0,2.997726700463879,3.760412716212686,0.5505195063701608,0.5434242507621256,136.38042217268816,13.653697990086942
SUB00930,1,8.481718604656407,110.14040070950493,31.35189563197799,1.0996629041736852,0.1345735936315855,2.0,0.9894036383985242,1.0,0.4798538731586014,0.2959947342834241,50.893174882823764,11.236610705383216
SUB00930,2,8.616053717027732,131.2468319050281,34.22610823025073,1.4927230122678505,0.15963314459708455,1.0,0.8089247312045735,1.0,0.22955545495190166,0.5155289874572102,30.579867780128783,16.731396923490117
SUB00930,3,9.83195223465118,79.22875029132798,38.9841140171214,0.0,0.45288546156890264,2.0,0.9552670914735407,1.0,0.2627182475420642,0.47814628641410717,53.02757015378206,17.110259938490394
SUB00930,4,7.873758217110288,99.80961632586124,35.71779037805217,0.33590436886963504,0.0037821086151824668,1.0,0.7458123907222919,1.0,0.41795440996517075,0.4816240001577647,18.739178255858096,15.575530303125664
SUB00930,5,4.436547160338053,61.03007687574813,19.84185654724121,1.6864458404597897,0.5977924519826514,1.0,0.802584032960911,1.0,0.460840963191831,0.4910454404545479,30.561458230560625,25.654118417883915
SUB00930,6,6.477313523171035,176.68941406016688,23.586784344042464,0.33095549488851517,0.7610673379106523,2.0,0.7116800529784433,1.0,0.505576538743645,0.591955173103837,45.71207240986598,19.349515885732178
SUB00930,7,0.7709323192305875,122.3756884477759,34.19147854288275,0.6072190914385946,0.9771099853627295,2.0,0.8787401525412406,1.0,0.25368111685226213,0.567495880404301,5.647029058088097,21.660648642541453
SUB00930,8,6.3094047017965655,126.27529184326457,16.046999888053378,0.2570234610293088,0.7247620155065708,1.0,0.5654410116666815,1.0,0.29205592313205436,0.421492188727607,18.743717424209834,23.708354690878828
SUB00930,9,0.36829374942857296,121.4964060520546,32.009510638060775,0.34997338526161914,0.7209856130259789,1.0,0.6202106994031382,1.0,0.2328377189671449,0.4983954555006114,1.599492157811637,23.981148717249205
SUB00930,10,0.0,160.57928661396275,18.180285564920087,0.0,0.7810679766085389,2.0,0.7268303976284851,1.0,0.5160074115789771,0.3783805260331009,1.0,24.334592975133827
SUB00930,11,0.0,154.72557892283538,28.564522336417724,0.4360657603193717,0.7569253908713074,1.0,0.936123761142549,1.0,0.17235436977917465,0.41383478491078884,1.0,8.74557960456836
SUB00930,12,0.0,75.57864071901315,39.44224402186486,0.0,0.7453138190252916,1.0,0.9235408955995912,1.0,0.3367735181088436,0.36111940451411617,1.0,14.111892476361797
SUB00931,1,133.36739738769322,553.3084814375574,45.87536188241144,4.5095039506502195,3.154260479719754,2.0,1.0946581060600487,4.10061452111229,0.539328431588379,0.4055603821897655,762.6919599741747,9.468045831647412
SUB00931,2,138.993331854232,323.1687378645494,32.35687987306148,2.9433934212535506,3.0186376830267614,2.0,1.8054836127439269,4.082258957046142,0.358486025437763,0.3558508379401434,378.52858349769053,12.62261837087383
SUB00931,3,134.2761265157189,397.47031040680343,47.19765559154662,3.9753251916984635,2.666404613669518,1.0,1.0,4.707273194115465,0.5566585165727438,0.28976075519071187,359.74555249558955,23.86465551765338
SUB00931,4,111.899595898373,526.3623345862176,39.70397190078113,5.155463921434815,3.2987707147442213,1.0,1.0,4.459292216104957,0.37142756948813793,0.26944446496627056,227.25421107896312,10.351468178171633
SUB00931,5,121.03864258594815,437.6042550234871,47.95982800991329,6.99196228110964,3.7000216638591192,2.0,1.8030978562198223,4.303699747224966,0.44393081848699933,0.4615084434152426,794.3531747540616,27.531511463527423
SUB00931,6,129.53902663357925,486.60290251904235,53.952105696059505,7.242715650543753,2.157571272784377,2.0,1.3677199119564882,4.728761463130797,0.41808089119111,0.42932431270277477,415.144001389573,26.002719630067826
SUB00931,7,132.180807542315,339.3368001289339,39.92943784367224,3.6743603886480214,3.156229351546133,2.0,1.2109629278379086,4.606737793201535,0.448681728531225,0.4642278062726271,456.7965653112953,16.67017049614139
SUB00931,8,136.28901335805557,318.41125180153523,49.57439413626834,3.7820792067887403,3.8187730900062142,1.0,1.0,4.800113599774512,0.6051843925379969,0.5829640144682009,488.79969327926557,13.37688403250157
SUB00931,9,132.85693680913388,330.30886185165275,46.430465658004046,5.1637467656629745,2.800185718022595,2.0,1.7341285583743908,4.947452346064738,0.26020826999445984,0.5483093772005534,681.2977704246529,27.396300043134293
SUB00931,10,136.28271589212034,477.93059845647485,52.530596678344025,4.904164034726407,3.0275376888394065,2.0,1.6296139210285372,4.702649018218353,0.6016689166678244,0.3909305724052021,524.7363702595553,17.434213004738883
SUB00931,11,130.5338664121723,551.3647959821598,39.90824464301373,4.809978171676085,2.262011276732027,1.0,1.0,4.905166554536762,0.5826503023542083,0.39741764169636373,1038.9319981839585,10.48147299082177
SUB00931,12,127.42495747167702,363.72369232603614,50.92206336595994,5.284868027957857,2.5128941773191364,1.0,1.0,4.410356495570613,0.3036525478059485,0.5655553708809545,673.3679051283426,19.7574797220474
SUB00932,1,0.9522015088527366,44.20905894286798,5.828570343205697,0.39291719402967584,0.22260107521186046,1.0,1.0,1.0,0.5094234311503437,0.4226526510862538,4.628076395414673,21.49068672971146
SUB00932,2,0.0,26.371636422700146,8.144008809450224,0.2232064554698226,0.1713635160934917,1.0,1.0,1.0,0.22871913919103165,0.5983856354809409,1.0,20.40597117831772
SUB00932,3,0.8240023152152742,26.945828517359708,17.910597165956375,0.0,0.19616285544107392,1.0,1.0,1.0,0.20324267848889818,0.3911671113688684,2.877293042638653,10.372602898713577
SUB00932,4,0.7754248681804103,16.528357744048876,9.868143029183582,0.09402952801275799,0.07299732346380511,1.0,1.0,1.0,0.19241573902108094,0.3775915888849961,3.855781289240497,19.385261034288376
SUB00932,5,0.0,63.912501297053936,18.141983551706392,0.14933054092490006,0.05139866315904118,1.0,1.0,1.0,0.22209532914590302,0.5703388697678209,1.0,23.925365332197533
SUB00932,6,0.0,37.39007765928568,21.477002030016216,0.1201239770872255,0.44008196390949983,1.0,1.0,1.0,0.29241436960821565,0.3525665375641589,1.0,14.488532638899896
SUB00932,7,0.0,61.60728450873943,15.730248061142145,0.0,0.10167821336588595,1.0,1.0,1.0,0.4809069862700798,0.42780087639043013,1.0,24.02008333585883
SUB00932,8,0.0,62.789207079306976,18.642856857501485,0.0,0.4735935350534742,1.0,1.0,1.0,0.37211977465594287,0.315114305634119,1.0,17.972940597176798
SUB00932,9,0.0,70.0235498413714,15.680685337192688,0.0,0.2734942173292068,1.0,1.0,1.0,0.5485635618250019,0.4934090245044682,1.0,13.659067621975506
SUB00932,10,0.0,82.35719593956787,20.452164584079785,0.0,0.47658390082735785,1.0,1.0,1.0,0.2015572871533852,0.3770668708600931,1.0,16.003168440123886
SUB00932,11,0.0,54.4294672992011,8.878581649496294,0.0,0.37420863546118116,1.0,1.0,1.0,0.3871528250770358,0.3149804003604846,1.0,12.64254180452928
SUB00932,12,0.0,99.53863484043987,12.780760270102862,0.0,0.28414912384797075,1.0,1.0,1.0,0.2398069807701519,0.5608771174392052,1.0,8.248126931291603
SUB00933,1,111.84895145108425,223.75374288281475,33.05036342736143,1.8967899430328805,0.8736135801883844,1.0,1.0,3.9900614575063806,0.2567013768424223,0.386687255892893,868.3653461525549,9.185338187769338
SUB00933,2,111.07696492847373,277.79317232806665,18.145963921072692,1.4142046088460125,1.0445761885873919,1.0,1.0,3.4367189093762094,0.33985631412399353,0.26087919146241745,769.2670916400975,11.883611485323017
SUB00933,3,119.56934561224766,245.75671504822498,21.07260914042662,1.1461438646109587,0.03751352096472338,2.0,1.692210683200513,3.34220234781851,0.3835301634672714,0.573271457206751,366.2897237885889,13.3125511020217
SUB00933,4,98.15572462316203,297.05521130987717,16.06008377783659,0.5395748562888423,0.38626937247525206,2.0,1.8614850126479836,3.0267180325871217,0.4031538429333952,0.3222682386894431,434.06093269942556,21.104060478490645
SUB00933,5,107.12242604294445,273.8729007507884,39.97789567178386,0.17290141256924868,0.7666269267853447,2.0,1.349544115888176,3.6893303017178503,0.3191830789687765,0.27136718715170627,543.88491840567,26.087714911542953
SUB00933,6,117.62517259458477,235.72749549265993,18.0202855519206,0.2711734815168979,1.3035969918491517,1.0,1.0,3.7590325798773625,0.41652430800998275,0.4108850378227732,851.0966415491245,20.533865287014567
SUB00933,7,129.97336162450625,166.2757892047811,21.529155079930653,0.02271156656138315,0.5278381305037969,2.0,1.3572897738012912,3.1332115899907693,0.4307269664520069,0.4642716623126255,287.4105039218428,17.29098008809431
SUB00933,8,117.89336771810731,297.37312548081167,27.545380852452496,0.0,0.6213852195229396,1.0,1.0,3.5252300759047808,0.41256982710537726,0.46966314744143445,925.6991137776715,23.145885213289688
SUB00933,9,105.68615842289454,142.20927679546358,40.3768285121722,0.11174879141703681,0.25824418683750966,1.0,1.0,3.965701949701871,0.3868027207907683,0.4527192006468505,814.1937443475542,25.81054536990932
SUB00933,10,129.26443250083707,207.84788211448006,20.402027579361462,0.3754343568442352,0.6181229278562783,1.0,1.0,3.493299039992967,0.5216321389357056,0.3773117885019438,629.6298159362526,22.53111278385856
SUB00933,11,106.70073984782536,226.12669786477917,44.3735115997205,0.4224667364891589,0.8848783939612295,1.0,1.0,3.415383885710051,0.4023307116147684,0.3441069192397126,838.4110393413968,18.507378693963645
SUB00933,12,113.19678156270587,238.63880155539516,22.758898803518683,0.1001088540511762,0.7335680394060498,1.0,1.0,3.744704057176239,0.5710831652678886,0.44724495103752737,373.5698105685421,23.92650947148126
SUB00934,1,46.678196776963375,323.6200751182865,38.45272417124548,14.733813500398893,8.320231027168846,1.0,1.0,2.3715914281430663,0.32696393604670804,0.5763866318374303,138.7900436309427,18.00026075805651
SUB00934,2,42.88222079173163,321.01582720044263,36.96006380580493,15.452642458174484,8.012878153026236,1.0,1.0,2.9427181937990756,0.5008011804903795,0.25273908148616286,273.0300411390457,22.8096886894957
SUB00934,3,39.25991151726884,240.79710816407268,54.96915953159778,13.991108552098714,8.301834427106852,1.0,1.0,2.0448906872443255,0.4135521961507471,0.300919647928625,243.56150625668627,9.955517658633216
SUB00934,4,50.85248994314995,215.4032509644711,61.21568584732064,13.963173066026915,7.835622981827431,2.0,1.0503692880283362,2.3857368141523176,0.370331181377173,0.29446450105694344,170.2388647542218,10.949310012536522
SUB00934,5,38.536125511218664,293.7469879693072,54.940424089354664,9.424574548706785,8.332143128748209,2.0,1.9448708336743592,2.5163646070017105,0.4172731214942129,0.5380714347156605,126.42965639425498,26.436336232923974
SUB00934,6,43.14206999017971,233.44168959082305,54.591090654967346,14.95447347922993,6.3854393778991945,1.0,1.0,2.4288418313260483,0.2181183095212238,0.5015629713381389,308.9841745555548,16.763395268339224
SUB00934,7,36.94002404354059,361.6871605574642,41.39009182727739,15.664377821974984,8.323973841546934,2.0,1.6070375598712436,2.0100579862149273,0.45225424165763983,0.4014786552148815,138.99966453815938,26.085426895556814
SUB00934,8,42.278439844155244,370.99050378178276,60.37254854358272,10.54126559366447,7.546042252541726,2.0,1.8916556797011395,2.3802937296983515,0.1837298416612322,0.26451680263916555,102.7138035751316,21.398975262067744
SUB00934,9,38.0607400404032,211.66540479195444,33.422919605016375,12.589662966597972,5.314027323490301,2.0,1.9869389055443385,2.7802907053055046,0.33718413238515416,0.325757489714704,143.872486634555,10.218569919291344
SUB00934,10,52.589233543699336,306.37068165482754,33.106201512621645,9.759496132735498,5.5317201318789,2.0,1.3831615089776275,2.688574630062647,0.6235162312490953,0.30112936311975347,319.6496356460971,16.40561958698015
SUB00934,11,53.5774247922255,230.29031899539243,40.284302204806565,9.279260801093752,8.801697928460065,1.0,1.0,2.887153103403297,0.2631925233453627,0.5884623063160191,300.9377162741839,12.62321990351047
SUB00934,12,39.952678854856174,256.2336227766079,30.589757850101073,10.302565410457873,6.117130312219002,2.0,1.053603400074706,2.2930469286725654,0.34905370227957855,0.5990907639819112,229.05861155474915,22.66644215015782
SUB00935,1,2.1638197037401867,1757.3478160255033,41.03012570520621,0.1348082330684819,1.4178792255458283,1.0,1.0,1.4671717238021011,0.17776521065806242,0.28914267687304174,7.375240696299971,20.536659268103975
SUB00935,2,10.24781013840276,1457.5828696430162,51.66156527131944,0.4106331103262953,1.2267906624096003,1.0,1.0,1.2132092433015895,0.2638862766972621,0.5273697280115127,79.29224849530725,12.033334204730654
SUB00935,3,4.173205915811715,1386.0842966109444,48.12195165109667,2.372419031760184,1.0009087314858518,1.0,1.0,1.9669523632489607,0.240769929739163,0.48677073898431406,9.460167132533252,27.092261783578216
SUB00935,4,9.25162062758182,1517.3121606468255,53.860188012572465,2.356432319922288,0.4581346509328069,1.0,1.0,1.8576179983180663,0.26124539158279514,0.3568247670477889,26.7097827677638,9.937413873848747
SUB00935,5,3.1528538936186257,1480.7998350438547,75.58471168369914,0.1350521567253444,0.43199662024892405,1.0,1.0,1.8501123929262375,0.504972138899581,0.4801063099354471,21.126210849882824,19.182610425916955
SUB00935,6,6.562324078978844,1290.869154350975,68.22428252689608,2.108863829073456,0.2225845558467925,1.0,1.0,1.7732847467375201,0.4705871002291371,0.5415884157523697,37.71679798238641,11.041880305717601
SUB00935,7,4.03212712542414,1627.0082263836996,75.77771598018617,1.9170251311122568,0.7119736124164087,1.0,1.0,1.3999529533208448,0.49670455738840535,0.31747562681499475,9.248280397769983,19.604750290658508
SUB00935,8,3.7118614116572575,1654.996659467909,52.07637479881646,2.786006084555205,0.11984965149634169,1.0,1.0,1.3908992569670526,0.29987038722763104,0.37753533891596797,23.581192272368607,12.123613652379348
SUB00935,9,2.6881932878575845,1688.9739894429151,71.70154057612879,1.8726935639560738,0.7324946284491428,1.0,1.0,1.5333284614708598,0.3651226577827653,0.4146043022679827,16.07826589020132,24.180208451173364
SUB00935,10,4.466444982681793,1211.9671603415661,61.26347247443542,1.6795720227491424,1.4704074648866614,1.0,1.0,1.160438985738848,0.16862713190184614,0.37922497817678424,15.71662939413339,8.543131714645797
SUB00935,11,2.961661372900589,1387.1641331490293,44.74503827087243,0.5698628738863479,0.7809370133026916,1.0,1.0,1.6440097168475636,0.22902486845429615,0.5813894024120073,23.217658208456776,16.52938742705856
SUB00935,12,6.880592892162376,1495.7155574750652,74.14601840983431,2.571928317488029,0.3737657143497136,1.0,1.0,1.7639018644246454,0.23491166879121544,0.36002700319807485,21.330425965392173,9.49874864395092
SUB00936,1,58.14893095828265,607.1210936576035,96.14168920837105,4.568808819315842,1.7028639643340633,4.0,3.4051858226803646,3.0506887971028678,0.38870220372066866,0.38132856295971673,345.56286163732375,20.207358456487725
SUB00936,2,74.47232710412669,496.67957328056156,81.67720395878688,4.0148036978329245,1.5925013141747104,5.0,3.175284634504524,3.9706505598895663,0.4267622857237716,0.5675320731599669,475.50570823993377,19.143667272906093
SUB00936,3,67.95512061319651,796.993618441887,115.99745096523009,3.1493991494898186,2.380601968253387,4.0,2.888055086159449,3.007148485910081,0.3743841995928656,0.2585109299652315,417.84519704094276,21.30963775602054
SUB00936,4,60.73582106656945,612.831176553887,85.70895100508062,5.013635644940093,3.4839173582320155,4.0,2.6379143205360953,3.8755197767429728,0.5589589005464092,0.563528988456667,302.40411076900483,19.938844659265293
SUB00936,5,56.75000733929329,559.2835023274674,64.78766190853673,2.393430653717075,3.2325229994959077,5.0,3.482668804547253,3.0175555282972493,0.35394083734073367,0.3609390065446701,418.0245600457413,10.302690996227838
SUB00936,6,56.64659196781317,611.2408119105074,85.90789110524886,4.268620054587623,2.929307620324784,3.0,2.606158802860345,3.1717700069523436,0.2864497995326053,0.3087523317286841,400.3576751926668,14.97146202304937
SUB00936,7,69.08875477347114,585.5506688009123,98.98906503461961,4.55258586432499,3.308770518341972,4.0,3.158776764864937,3.9254725828609343,0.27264904174467475,0.3938001306200667,143.01498719854712,10.385009880593287
SUB00936,8,75.89812547808823,522.8563165856965,101.10385194271979,4.331096386963038,1.5116359379005058,4.0,2.960566897482332,3.0973957985069096,0.2654555704921794,0.44066628202447766,399.20160751692725,14.722422230271604
SUB00936,9,77.09861095226843,459.6486461449475,62.90464686669067,2.9151267128209746,2.2210638017711393,3.0,3.0,3.7406581056465633,0.4073986236887347,0.31160495781386316,459.5638016199764,24.111721812316382
SUB00936,10,60.516695438599996,599.3523697960724,89.2336586432514,4.064103208359445,1.5118534621849071,5.0,2.648357016430802,3.6292298506619707,0.37996573835155156,0.3620026583018696,420.05220272445865,16.692105710521965
SUB00936,11,57.11792513237318,655.8603724824563,116.58220253500653,4.351225429645465,2.98243581351355,5.0,3.1094843886539065,3.8619869234637982,0.6333758844016424,0.27957563980697486,200.16380949076066,26.17720687317071
SUB00936,12,75.7148302354517,615.4161670416318,63.63660181911329,4.340283845161195,2.2207983166315,3.0,2.5960720170889884,3.0824188288658076,0.43304233866913244,0.5177293891710144,345.66833856368737,12.830357934332676
SUB00937,1,3.9370726503524174,114.08580730962872,16.244421179354898,0.09420872129390909,0.9376807562926134,2.0,0.6448231655809107,1.0,0.2302796966911343,0.35944045911647404,9.706831147244378,17.505225749193123
SUB00937,2,4.498792299039353,93.41980249786347,15.396879087494902,0.5816276467987548,0.28501996379699424,1.0,0.5867748490744169,1.0,0.5288233253549911,0.3262947278495807,30.851932301612187,13.26435662217544
SUB00937,3,2.765052655871396,123.11242250194483,22.16315192184152,0.9560194756570644,0.692578084758364,1.0,0.835037235964404,1.0,0.3914518029402252,0.40305093887858223,11.065017936251508,15.55417975078445
SUB00937,4,9.185506648466847,181.38901419425832,41.60208620160374,0.21224607482621205,0.3379791866968521,1.0,0.5516178447821034,1.0,0.38531421275064,0.41537910356953456,41.278758715186804,15.316241014212059
SUB00937,5,12.731930813552601,127.57316898584385,38.90808269342187,1.524588795690403,0.588425837526146,2.0,0.5428431981162658,1.0,0.3124951533041853,0.5465278205806057,74.83353923119786,17.162575370560745
SUB00937,6,9.198519431213697,128.9522224512769,31.21243346197899,1.7863870230922587,0.1404225273896349,1.0,0.5412331949155713,1.0,0.5167810684594712,0.2971740718846694,31.31101726788644,27.487077420776167
SUB00937,7,5.021567098866438,150.75664923365585,43.790646486518966,0.6972172110341925,0.5376819996018577,1.0,0.8855337075457346,1.0,0.32256846862243704,0.511680864141273,18.214977709931453,22.628186319170453
SUB00937,8,7.381499207856058,168.69879721735813,34.475719152706276,0.9065466667977409,0.6549865929409713,2.0,0.9410926265746342,1.0,0.36373768402400525,0.34799214303546905,32.424949861289775,24.30851662074229
SUB00937,9,6.969453403737489,171.27315445560336,42.28297740689783,1.5790841388164625,0.981054544620142,2.0,0.7278814782736734,1.0,0.4027174543994705,0.4289031230886352,25.036957112185018,26.876981466050996
SUB00937,10,6.922981460431448,93.69123198575419,16.195721193720694,0.7501510541893245,0.44047635350635117,1.0,0.9463491877498702,1.0,0.32531344504269205,0.4576612462842856,33.18370456812669,18.59157755601241
SUB00937,11,12.471778540784467,137.59586020738445,35.0835304446787,1.6023849444229166,0.35984958798596933,2.0,0.7636914988803243,1.0,0.15046372867022062,0.5626987680597005,39.99216727833941,26.814820234236112
SUB00937,12,8.776607453494357,142.89645304373275,43.99842173392071,0.9283255538942214,0.23306995704828715,1.0,0.8037445244936132,1.0,0.29845816339421105,0.3291766073939265,18.61529513451006,15.869510818723294
SUB00938,1,134.81843216238616,491.58173083760164,41.64186803567675,4.235148448782401,2.7953063804253793,2.0,1.1246163599975163,4.640992220913807,0.35181274383834327,0.29060987585596454,680.6126642100335,9.816447290578736
SUB00938,2,115.40961555448543,534.6985815296703,54.83258092319493,6.585940718340455,2.092895833044773,2.0,1.3181421333340126,4.5422287549495435,0.6376838859300396,0.4414917891375927,429.8061415223924,24.49431480293177
SUB00938,3,126.33949589846405,542.9111765709414,35.82928297330198,3.867063511237406,3.5510002984579216,2.0,1.8312495970834743,4.893111641619858,0.5720351866363408,0.5060771168547653,568.1663438548711,9.614848307715421
SUB00938,4,121.44181669412909,555.7149312774767,37.13784712177684,5.123568896393022,2.8310928564077464,1.0,1.0,4.765436171990923,0.3863331640728245,0.3751605649529465,476.3394837286105,20.96953180773383
SUB00938,5,131.19831104876963,337.8512519960471,35.06171365826823,5.098455114653666,2.8783381145203055,2.0,1.6630724130154586,4.324440997300527,0.6284078989941309,0.2967879648873185,1001.1924517064039,24.72596926528684
SUB00938,6,135.27062418296248,568.6663386450421,34.05432681147224,6.318734314518782,3.549293242565697,1.0,1.0,4.36504461680302,0.6425114022043111,0.3155969284150423,311.1441206514642,20.890777756547756
SUB00938,7,116.80678720624505,429.03963695487835,41.46258018179209,5.894610805458533,2.197400831080958,2.0,1.4950020102567445,4.1383202953549745,0.5809058242545937,0.5838503223889593,695.6399114076421,15.237720992062304
SUB00938,8,139.86577294452582,338.3114982010311,34.1144287163697,5.916834190936852,3.802479330355327,1.0,1.0,4.369369375463365,0.5763362613839838,0.5286409412392391,945.0103623381203,17.065315685768113
SUB00938,9,139.38227831999316,340.594448408418,43.289947275954205,3.882492339189893,2.8879467149154485,1.0,1.0,4.800303508677462,0.5409213443316236,0.5637457824104366,279.22393591313937,9.521275408241765
SUB00938,10,115.76638569917756,388.9937034888172,33.01304200461494,7.0164319944306826,3.8913400106693006,1.0,1.0,4.514072597526916,0.4741798978627244,0.48842490232543756,732.6308845546105,13.45714847257476
SUB00938,11,131.10579714830985,448.793622332514,39.842877905347365,5.172910280437863,3.764091011486756,2.0,1.833089850800401,4.427812080701512,0.3869913990412803,0.3742005530490749,848.0089948040145,23.659966169094965
SUB00938,12,139.12012147385605,414.1164131346888,49.92680194249051,6.503385523305448,3.5151819415208423,2.0,1.7219012454925169,4.826164313247091,0.5376426569860722,0.5704705900976322,767.175390334893,27.163707986779023
SUB00939,1,1.7277249662010612,13.084340836453698,15.880749550752753,0.0,0.4887904263536621,1.0,1.0,1.0,0.4682875946811038,0.5082600001932913,6.523092112152124,22.208295224111744
SUB00939,2,2.626848397288623,59.00803151981439,17.960368625893267,0.3970114776804045,0.1382945287242638,1.0,1.0,1.0,0.5381859226183293,0.38346014280435164,9.51791087035428,22.926073380290546
SUB00939,3,0.8019210751482588,77.53251570732772,20.724154765725448,0.0,0.32266901705595313,1.0,1.0,1.0,0.40188903934379194,0.2653074529466103,2.242566252488219,15.405992410022993
SUB00939,4,0.38302698019422354,60.2613146378029,6.9228344238028345,0.3879485846453292,0.1566138775855615,1.0,1.0,1.0,0.4234210550213211,0.3485243835701125,2.997292926613224,16.51590696159413
SUB00939,5,0.06710988649687522,45.02368053589967,10.239784882852838,0.0,0.37255529698717155,1.0,1.0,1.0,0.40300173107591986,0.3120932749944698,1.0,9.17000376879905
SUB00939,6,2.997932181988948,109.5669891739202,22.39156346584378,0.08861335202796361,0.10488319235726284,1.0,1.0,1.0,0.5144470450388565,0.35017535888131796,21.19725895924994,22.785223674691792
SUB00939,7,0.0,12.36547331034582,12.83058121816441,0.0,0.4493837046786309,1.0,1.0,1.0,0.16986511798491083,0.4222122944735413,1.0,24.73026033983802
SUB00939,8,1.9194180203701752,74.52627617914078,15.973409749830196,0.09476297354584629,0.44810903702365723,1.0,1.0,1.0,0.18544240877407286,0.3139932520151937,14.648541763091961,25.285196953364927
SUB00939,9,1.3433552925689372,4.952855396312412,18.116837493725168,0.0,0.09071138067143042,1.0,1.0,1.0,0.4265193104602073,0.5003125078900159,5.734059648702793,27.42996307400191
SUB00939,10,1.614493910976381,29.1235491544056,20.304189192691133,0.0,0.3659125604707955,1.0,1.0,1.0,0.5394402495454059,0.30361575530750606,10.98333544329002,26.926874458899793
SUB00939,11,0.8766704699902099,77.63273924986007,17.306752632808042,0.0,0.35497639761399624,1.0,1.0,1.0,0.19866117465047148,0.5102846122225888,3.2640045185810824,13.78688937122871
SUB00939,12,1.004357951903932,34.876074354781956,9.280683847378445,0.0034045102208996036,0.31963432578077744,1.0,1.0,1.0,0.47176335196225627,0.4008869912505486,4.400201266012718,20.04928057821765
SUB00940,1,102.48211846705354,219.0515029324085,29.73648016407701,0.3793592768155675,0.031200134906332666,2.0,1.5230788474708281,3.438638460154381,0.589375206669328,0.4240664157249643,700.4191274576501,11.597904417440903
SUB00940,2,119.84855317964659,292.63623947284225,28.92078644940424,1.262206821276413,0.955220792890459,2.0,1.2735954238244422,3.3575576491464725,0.48738303456131715,0.3715428429237259,476.76564482853576,15.669462560564957
SUB00940,3,97.53381248817192,272.23605398895324,16.390917538915435,0.9528016403721395,0.7889283896887394,2.0,1.951367219697941,3.0261334902622865,0.35899823069770376,0.4584286658569786,303.27978575406075,9.820606458138343
SUB00940,4,105.49009027293552,178.002784247887,19.349415997794694,0.8007751632501207,0.5780942160405476,2.0,1.5475149428851305,3.94025117863902,0.5269795541430999,0.3316116871262921,354.03866178793874,13.384286358403092
SUB00940,5,100.47550525642276,253.82275899411363,36.23139377109887,0.43664866435524513,0.5323184213101776,1.0,1.0,3.627617736744491,0.6273717541993894,0.2599322168810848,428.6351240800777,23.266314772489565
SUB00940,6,113.91161957527581,277.2527653704928,32.47617099753995,2.351065965439207,0.9371719077492862,1.0,1.0,3.9800029888310053,0.44134228077659876,0.49544750341549687,773.4131227277793,24.654582819109855
SUB00940,7,107.17359713012343,241.5886907008596,37.734579784182735,2.1064426896091524,0.12778183799470522,2.0,1.2097569207487195,3.2466260630971435,0.42127805396310747,0.36067114736005135,368.5936375964329,12.244567482638892
SUB00940,8,103.65975137471426,258.10078332841175,39.91621827203453,1.0152225651770275,0.2829510468917253,2.0,1.4228305583025813,3.2841201014734307,0.5570753794030139,0.5598702192695688,744.5583858868945,27.567426302930773
SUB00940,9,119.74014475404,330.4676824989783,25.12949790082211,0.8725254194881678,0.7863931852069805,1.0,1.0,3.4166193474197826,0.5148175063347337,0.45585770931776126,263.4025391885131,13.476728854197352
SUB00940,10,111.47279530310344,143.69238569982278,23.676901275454597,2.4627072107490977,1.2387907523251234,1.0,1.0,3.5204828151023464,0.37756361241410963,0.28814756264883984,457.493404426885,23.93542448393366
SUB00940,11,101.46966545519072,132.55739762476657,22.192339813013838,1.464399052096123,1.2167304483560357,1.0,1.0,3.812716607440656,0.3590482019189063,0.5909354909320179,468.7021443804679,20.811435633839718
SUB00940,12,121.60356199318267,162.50910982887896,43.8205120826816,2.282238709616455,0.08914464547119216,1.0,1.0,3.220993856266335,0.2615583472806586,0.5549276451854541,372.6539514175258,14.294231901732907
SUB00941,1,44.824761393927375,335.2573265481007,47.5653023993256,12.86747930876226,5.028738992702648,1.0,1.0,2.101539572356767,0.2905222081478321,0.5527340376307003,275.5858215482658,27.702191484396174
SUB00941,2,43.21490300919526,342.5818990270208,46.5632395490896,14.778507543458382,8.411516955109207,2.0,1.7156524151894343,2.429973567031898,0.3746410753610115,0.49633182044125357,281.02930883230414,10.201036202057736
SUB00941,3,47.60232588707659,354.25150618372015,41.97945448229214,11.828300887962179,8.60337046697887,1.0,1.0,2.6926612996445405,0.4484561954334342,0.26222160206961265,114.94288284975056,16.722743124315286
SUB00941,4,44.585934517615584,205.62597202611053,38.37678441804236,14.22333511103224,7.863973576456755,1.0,1.0,2.118087295456408,0.1759076987304721,0.5296402163935163,232.95949904883997,12.438202553794731
SUB00941,5,38.4121022559213,241.44085271001393,35.595203346419254,15.232153733145106,6.239216910892495,1.0,1.0,2.9898841868016888,0.5451116461842954,0.5973292241877475,225.40363552637376,22.7117620386229
SUB00941,6,43.307615344393525,304.3132226272289,41.42410602652902,11.083598918299204,5.478776837465048,1.0,1.0,2.9139622446633875,0.169080991528853,0.5406580698481488,143.30810675056847,22.90121606596492
SUB00941,7,46.45785158642364,270.6687925533105,43.166210049913374,12.798498788362316,5.782291406212442,2.0,1.361432666009598,2.5554835499441095,0.5370152755062687,0.4237453511580822,169.60895011164516,23.593978421721275
SUB00941,8,42.468284134471865,255.88310515047945,57.16487172303349,15.547898893892876,8.3395158496459,2.0,1.9654022352048583,2.2547697071149817,0.44548263536109045,0.2699671192257182,324.16801197960325,19.098542702056257
SUB00941,9,54.318632326232596,385.91693906405095,54.65369235558481,14.046343879143732,6.873615512409513,1.0,1.0,2.4054537681650245,0.5090418049669375,0.31347348608409237,231.2980982457918,21.434513120572237
SUB00941,10,44.054480237602675,235.36055060498296,32.481323961638104,12.653695826066707,6.007424762961688,1.0,1.0,2.398655567341458,0.22169200269603334,0.2841551973299825,101.38914803646897,20.981598996444703
SUB00941,11,55.350988019878486,345.23434280318406,60.90923038005495,13.129417039768219,8.17048442971237,2.0,1.2169606395875348,2.566236928563644,0.45152944300568354,0.43074014251242587,313.2445467324776,17.480823116040007
SUB00941,12,52.951248166378214,419.81613009639386,38.96913899048828,11.141783891681097,5.554793410703525,2.0,1.0531871070481502,2.590596604443742,0.2849329881306739,0.2689166237673177,111.24163615451664,11.94189275400455
SUB00942,1,0.3775634935530433,1264.267298460521,57.10858429560261,1.3623334089205528,0.010850100615787672,1.0,1.0,1.046438620602408,0.4871006278552211,0.3380515346764112,1.7267203822859711,12.047452944811724
SUB00942,2,8.834082709978862,1655.294946381802,49.46537032926291,0.462068538660824,0.7868610948375925,1.0,1.0,1.5975819973487893,0.47942055950251117,0.4828346655229499,59.812458797447164,21.639951796862082
SUB00942,3,2.721413946198808,1768.5171905990073,50.28468855991122,1.717823266250988,1.4583320613572142,1.0,1.0,1.1542911363690398,0.3050046650599313,0.40446584537734753,8.433588107639519,14.907081810642994
SUB00942,4,8.622072627898094,1771.1800098593974,76.90693338720081,2.8765903752804007,1.46386024769435,1.0,1.0,1.2445185319888044,0.4599474575996848,0.31461174966854305,42.00258842643548,23.210662332353362
SUB00942,5,6.293536323450654,1732.8157396789154,65.78866026095885,3.056801318420038,0.49101780712327314,1.0,1.0,1.7054677899347823,0.4278203016029555,0.41107046198913433,38.25234096315882,13.30090753973692
SUB00942,6,11.224052118093276,1348.4977318818335,48.01256182329867,0.8344337727068837,0.4714408121141239,1.0,1.0,1.984429104470933,0.2093707424626153,0.2515877252856019,40.29764961317774,24.139157141971772
SUB00942,7,11.895732911304677,1457.9490491859267,64.66138260776123,2.9204400239726684,0.5132453319672592,1.0,1.0,1.1040013856002173,0.26675192062130226,0.41593173997535865,53.043320152229974,18.205741363492102
SUB00942,8,8.660471429135885,1371.4053786707982,55.20936372335089,1.4443758530891013,0.5787085364870936,1.0,1.0,1.4677827336722549,0.3505857096428493,0.5943770833141985,24.191191592985216,26.788647540306698
SUB00942,9,13.625334848504455,1759.4925912794452,60.23009603299607,1.052666010090449,1.4094531168763678,1.0,1.0,1.726759177314293,0.16629584119094035,0.2901194363197459,64.55367031683122,19.22425407216008
SUB00942,10,14.741254690371022,1423.594084353667,63.734499974719874,2.254814796821859,0.12976446057721486,1.0,1.0,1.2364715364576013,0.15943421946506908,0.5499273468788508,90.9707704298193,13.638493278035204
SUB00942,11,11.656097519127286,1418.6232838080127,59.485113061069725,0.9980441815708225,0.4506707955091993,1.0,1.0,1.5896540303078717,0.4883909230500797,0.5999013587208439,36.238774060029826,22.587024499052294
SUB00942,12,14.984655878440307,1769.9214871697236,42.264730064852245,0.916148816077831,0.42751070743592895,1.0,1.0,1.5942770927864807,0.4891947907280434,0.3581893379081107,42.47310955153738,17.761875027349
SUB00943,1,67.73034686541152,525.0242044355205,90.44316819925244,2.925277229896368,1.6887739597884728,3.0,3.0,3.439975013280418,0.4831673294290466,0.5169258777087592,473.22897901105864,8.12541315881245
SUB00943,2,53.98196986991063,613.1165826710333,90.89187625530596,4.210672984576567,1.8621979032993317,4.0,3.179223919445197,3.2334688709219943,0.44214365498591646,0.4220264462617623,213.5345194373841,10.089946429653232
SUB00943,3,72.97596458118579,475.2442805026516,81.88538820318531,2.591420779015873,1.6516696534251623,5.0,2.7519962837004823,3.246604792874009,0.42818303187058027,0.3053361168174702,288.8225955464992,15.127758806433055
SUB00943,4,79.79961979537578,790.8255539856086,76.90936081933,3.9950375041070494,3.175434601829056,4.0,2.7281373908351236,3.927819350245449,0.47526786413369426,0.41435470939014907,165.70345976702188,9.279304145769322
SUB00943,5,65.33724265367863,459.21923849057225,77.2216807303459,3.39083080983116,1.7835294278010463,3.0,3.0,3.7487761672306363,0.602003189701648,0.5830059817199016,452.86751411646173,12.457805893823743
SUB00943,6,60.412535851448624,752.0196606481929,105.99813628966088,2.98062719830558,3.219627657836779,3.0,3.0,3.899275294991014,0.5122561244871885,0.3096279569976107,450.86787243757715,16.882134602568915
SUB00943,7,63.84867867229849,774.4482061069997,60.09809658341519,4.654912068940279,3.0653829665921446,4.0,2.685621384484175,3.036916300335168,0.5864228342643314,0.5439504407609985,239.5233272037724,23.923896051994824
SUB00943,8,79.22187692071513,639.2497629588191,63.63242867249259,3.984668444660046,2.8436173114299157,5.0,3.410149958060212,3.213310965268919,0.26339718984448013,0.5965581236657775,226.49594513879262,18.59862698227139
SUB00943,9,56.84513532436433,642.0115102550507,67.73122442574861,2.983199634470823,2.041226481669389,3.0,2.7675407095242415,3.0168671633568906,0.3337453003177947,0.4487335062950719,357.5510108388682,9.993227194283012
SUB00943,10,79.08401406945443,540.1955498506268,117.33966071491285,3.324725767415509,2.972632452532056,5.0,3.3033857677766214,3.8514802558394736,0.3792271080442937,0.32006947872509345,455.34564600653545,19.293555346014728
SUB00943,11,77.65844176333087,639.5772756033457,98.02961759514736,2.3049951757585756,3.1562819577715797,5.0,2.8015427582509282,3.7338755521947102,0.509811171046655,0.27603550042486985,282.25033113392846,21.912772691086253
SUB00943,12,82.21144563633528,719.319987554685,62.76869970579123,4.491149338184336,2.8278807010795326,5.0,2.9051942435679483,3.792732479056379,0.3740126835773835,0.47951300969424887,622.3059205213897,10.99562515658791
SUB00944,1,2.5313051788394647,138.6753221295903,19.172971625238915,1.6141784257373626,0.37977232044648546,1.0,0.6856275742650622,1.0,0.17100480541479524,0.5100966365526971,11.48236647938269,24.947239194319575
SUB00944,2,4.088846656649831,132.32613508559868,35.82986095311262,0.7634594234118832,0.8238883937025046,1.0,0.7325413050240766,1.0,0.46805104711107515,0.25605300415536975,18.131449366080485,27.77312865226334
SUB00944,3,6.900957803871585,151.79276256321745,29.0118175043656,0.05182018679053513,0.6437827584657455,1.0,0.849213347982271,1.0,0.5129012146395764,0.475616899391543,22.297440625916572,19.305848368618435
SUB00944,4,8.75060634984826,49.34662317927511,29.707150223352144,0.8512879969098825,0.6504346312858378,2.0,0.804001737371322,1.0,0.4613304268376138,0.5559699910149356,56.42550760051355,11.07879321204259
SUB00944,5,4.690455152018766,137.41284494623312,40.733796286331206,0.5738967783624946,0.20803409307846832,2.0,0.8819066911007871,1.0,0.47442943199041354,0.3304420379497637,17.888435416872394,12.12158762190568
SUB00944,6,14.277871404938189,123.75096268274692,18.680983960640365,1.108800817265058,0.27126447746929283,2.0,0.5847352255960331,1.0,0.4508173262044517,0.3977981002627814,61.55502573064186,11.517645172581897
SUB00944,7,8.938644887647413,87.27638728331735,36.504331057483085,2.3205401820318112,0.7179876399455097,1.0,0.5264768654105008,1.0,0.3655876703613099,0.353223634296564,43.29266089270762,14.883847002065428
SUB00944,8,14.479101573536182,116.88336874424786,21.50392506867594,0.7865051562568051,0.9427590623020202,1.0,0.9111744865279507,1.0,0.2640419665889814,0.5541156540725718,101.38699816695369,16.096632090095504
SUB00944,9,9.084725155877738,148.84451401899008,37.81033302447261,1.3625644482130883,0.6946203427343782,1.0,0.7917530023766495,1.0,0.3740609008482079,0.2737125096712699,57.912088149126774,9.952733526510034
SUB00944,10,15.15121816648902,73.74206940650288,36.87817206779158,2.2042676480386247,0.03571015683898904,1.0,0.7502260223414174,1.0,0.47996919961086404,0.5541405903582028,114.95482042514246,21.6763165750668
SUB00944,11,6.118688222610607,104.81202087453153,30.732418061149964,1.9861159825903183,0.44468064764771076,2.0,0.590068073538166,1.0,0.18031250239303048,0.44002916888658294,46.7437735062429,16.58029406984464
SUB00944,12,12.665313866918947,120.2913851678889,19.585506449233996,1.0942281963266751,0.0749532776287678,1.0,0.7755202295033317,1.0,0.24118767247654885,0.30503931106486715,39.94829020187005,9.415706371059269
SUB00945,1,122.40343562327881,436.047955713175,45.272373322653536,5.798169817552078,3.082691981568363,2.0,1.9262808447616,4.9621174269042525,0.6199490954858106,0.54387561117626,879.6524826926083,23.831802208478017
SUB00945,2,126.79248735125621,347.99044648071623,40.79191572989156,5.556287153255235,3.847904296776993,2.0,1.5339555624520074,4.5431836483161785,0.30199930983035983,0.4403620677198191,819.2581354937502,19.251749905964022
SUB00945,3,125.98584945225043,323.65590967008563,52.72067485265745,6.7930582248745095,2.8432896771206426,1.0,1.0,4.052584865860477,0.3825237420123532,0.2542210691836543,632.7039803824802,26.244503145673082
SUB00945,4,115.9535639774543,448.2509374319337,48.12495464994307,4.037097596240701,2.2714791154953744,1.0,1.0,4.086714780391915,0.4544685315842302,0.5963062722095387,900.2368820370772,22.01959180981305
SUB00945,5,128.58857098428186,420.2135399621861,37.97927527145745,6.093932486667134,2.324839914819944,2.0,1.7791166222517871,4.371545035983553,0.5336903405764343,0.40315509990738907,710.0701969774451,8.479712037746868
SUB00945,6,125.46726887683798,309.4332711182821,51.99171646756733,6.162711491991124,2.046008862077984,1.0,1.0,4.173070177536715,0.5033959212935419,0.5512003012944117,549.6765316869411,18.149166392010372
SUB00945,7,127.3068716149101,546.0611509506286,41.3512554027718,3.75078510998647,3.0168802196771383,2.0,1.8215602722490982,4.8495745221923166,0.28633494104522605,0.5990692347932505,614.2229774388155,15.770017885176761
SUB00945,8,108.62982554147793,435.8656474387342,30.68768176694389,4.9285229045498395,2.122528001277845,2.0,1.1668287758928861,4.946742369637254,0.4195169692725118,0.5958829461723695,851.8082343739857,24.408947319341763
SUB00945,9,112.72355727027566,325.64294111502966,42.46043880293233,3.4939279630726667,3.6389344029627786,2.0,1.4795554956760708,4.0243873763028395,0.6139388376457217,0.31267206242358736,545.4126610702732,26.7916348047227
SUB00945,10,122.72136772853558,505.42271598914573,31.727909807671715,4.71452204381557,2.2641986359098514,2.0,1.7244279193172936,4.354051018893659,0.5636363353258131,0.29030011740790707,755.860537955242,14.859152299541368
SUB00945,11,115.68821749980769,491.14273103394515,46.745695574956244,3.4574137200554738,3.6448857578341674,2.0,1.679976508102445,4.807403391587432,0.5834240334092256,0.2941033685332354,231.77333522068497,17.419603848348054
SUB00945,12,120.11833881808755,312.1603487198271,51.63851045550689,3.2876448037130634,2.9161460936140595,2.0,1.4462691440424753,4.189436484656007,0.38193745201097495,0.5025259910929463,758.5428017051382,15.113402160380156
SUB00946,1,2.1234505860124235,30.941231144340723,21.37056080810285,0.61329819549747,0.2236542491595539,1.0,1.0,1.0,0.2620381103012951,0.556838348029511,10.959657392525198,23.414577227783287
SUB00946,2,2.057219684517431,44.5420344457888,7.877852581036954,0.6051606998141583,0.22555970020241273,1.0,1.0,1.0,0.4958023255791567,0.5387913275856879,16.352681253242036,20.00217810493128
SUB00946,3,4.309156604309814,13.786286360432019,6.212755370712544,0.25660392886477823,0.2536110576432787,1.0,1.0,1.0,0.533292661147521,0.42214276046393073,30.38939290983656,18.012447092700558
SUB00946,4,2.492582337843759,48.231493420709896,7.816654376348828,0.22317839475121726,0.09411612736296243,1.0,1.0,1.0,0.19544023231439694,0.493812594015292,15.77872154896337,15.840821273314681
SUB00946,5,2.8843308309020816,84.38962901536564,8.16939316123359,0.4428100331145155,0.37491247379903464,1.0,1.0,1.0,0.20088150698925838,0.5834478919407682,16.842686326302704,20.477544458992668
SUB00946,6,5.446673941549152,32.533797086990376,23.909476189225856,0.20500836566007036,0.4925503050960968,1.0,1.0,1.0,0.4356059089206106,0.4265219206777243,21.808624649564567,14.567529861602047
SUB00946,7,4.5546735362630875,24.28169365681222,19.703573275577096,0.13147542064435355,0.2854002466290056,1.0,1.0,1.0,0.44000649120021784,0.5808256908855558,12.213163842068408,10.59733816387393
SUB00946,8,4.9269196502656065,63.378733424189434,10.134476440767699,0.4874295425237262,0.48772244328046266,1.0,1.0,1.0,0.42134992003101024,0.3188458157965107,39.388929439302416,11.522892413863394
SUB00946,9,5.594939119409611,86.72191382767225,8.33027372413476,0.09567785835168467,0.2762590649510856,1.0,1.0,1.0,0.26800081904078493,0.40900876969362765,17.306987261978755,18.237436953734527
SUB00946,10,5.464769746892831,23.474505359364763,21.64044072683342,0.3454250051506791,0.44614711684123953,1.0,1.0,1.0,0.39962966153431234,0.26809077831561035,41.272502880818074,18.59763106146361
SUB00946,11,9.693016248522374,11.736496213554178,9.126096853386203,0.27453429608012436,0.3532111522926304,1.0,1.0,1.0,0.34686682091746035,0.27663250321326,40.73135507097718,16.594980614380148
SUB00946,12,8.090856103730694,43.91040383980048,12.894142456853015,0.07039468763583615,0.4415456581702231,1.0,1.0,1.0,0.3387768147769159,0.3766384272714286,52.14080226096575,18.715195310982423
SUB00947,1,112.50107175798577,332.7662087553182,28.97540949448498,1.5497327446744942,0.332201763970341,2.0,1.432193869290276,3.7191096321681107,0.2626739399240044,0.47815664541253666,645.1875514416771,8.969868895662533
SUB00947,2,114.27080226661447,181.1824784389958,24.90198991772722,1.1907186131538803,0.017991727937562152,2.0,1.4681083032750353,3.1052164067721404,0.6118851793518051,0.4654529397133969,707.3676043659558,12.264928354084606
SUB00947,3,108.05176077190963,262.6109183333329,16.17548824661484,1.0846318028966997,0.9008409100255956,2.0,1.9819135988889922,3.802808979597292,0.5988590581573234,0.2594489332166402,738.2458872290765,21.632289466651514
SUB00947,4,118.62053545752934,260.15544450001306,35.09020547836239,1.2537114915060323,0.9678677075320807,2.0,1.095197551447518,3.4443751296549197,0.49742543206948797,0.5204485389904192,319.9252946520606,14.454128104695512
SUB00947,5,104.09327474250159,227.85002496940962,37.4122872485419,1.0173974160707362,0.8143391354192477,1.0,1.0,3.4240264052046494,0.4213258909529005,0.5413156233191012,611.9687035599459,27.48888522973564
SUB00947,6,107.76845409626232,300.8762197085877,39.40466785991437,0.9908513935885371,0.06773004671467453,1.0,1.0,3.927738564814705,0.5016128733853252,0.4355722806328317,421.0800127985226,18.061228566357176
SUB00947,7,118.59517265011286,282.8826564475376,37.15059070573325,2.0105157253221826,0.021668628396399547,1.0,1.0,3.2480407463206915,0.3182903132617816,0.34672420217261724,608.3610683406728,27.289359656088465
SUB00947,8,114.41319265840656,147.65264618139528,36.60964062792534,2.085560424348506,0.21796717065787452,1.0,1.0,3.9285539130238276,0.32328638965541157,0.29000925330076777,532.8176925918982,12.949581175601125
SUB00947,9,98.25940601286214,152.88703050613088,33.43747655899398,2.2205967256419146,0.49605451617232627,1.0,1.0,3.7941532560227973,0.564890518005817,0.2888009094316039,647.7671486005406,19.294776236428493
SUB00947,10,112.33715372241602,142.30350790474682,24.907879611655666,1.5497778781107714,1.4887405634138262,2.0,1.0090555638338192,3.6269420695259855,0.5176639180488851,0.5792755128864319,493.191647879478,16.29489600735198
SUB00947,11,113.98992714867322,138.57374671888547,33.241783392804734,2.43830177283066,1.1363850125151738,2.0,1.3489170378378752,3.1510476851141154,0.642689950697763,0.5072364089534691,231.9109060226196,20.421968526161706
SUB00947,12,93.61094668661245,229.52180955613437,34.19052754614739,2.8210544360830414,0.7657001126909072,2.0,1.9150972631593277,3.8537056958231024,0.5067156151317889,0.50491352128706,742.7899528877003,20.173622092078887
SUB00948,1,40.799664562904304,220.02609391455448,40.478466927864076,12.998093905063916,5.855667941011613,1.0,1.0,2.709059252687919,0.4783076812586575,0.3067028773590391,221.94156757935014,26.832560415352688
SUB00948,2,31.807283239325876,316.40694066525924,62.348706738097775,10.645194819711344,8.494791691919467,1.0,1.0,2.44711586240053,0.35005822430779976,0.346770968870605,196.7807800792879,17.190134154040255
SUB00948,3,43.910075183892886,326.89924222489304,45.877097645490096,14.185516377443294,8.627933528108894,1.0,1.0,2.741713677720681,0.1872925960486686,0.5881919746843385,205.5471798794467,13.884654295076093
SUB00948,4,43.572905675629826,290.1896667393109,32.073513960698236,12.766343462128363,6.442130866296171,1.0,1.0,2.4852174992664775,0.4989039040745621,0.5917228721948742,287.06456843569765,11.131642631804812
SUB00948,5,50.987078711693606,295.8515128843264,45.05569923922671,13.555724720921743,7.715573832147765,1.0,1.0,2.010109233398693,0.2868425334249679,0.5311748105501961,235.0120378562648,21.5174004239352
SUB00948,6,40.78300263614504,281.1784519475635,42.95212377059203,13.052342786780875,5.047437160098401,2.0,1.121540370921374,2.5671629056856076,0.47522213413381087,0.4620880912308831,123.15781103496106,25.930804994518887
SUB00948,7,35.554731719165815,359.11862687420887,55.50858146026222,14.452637871477688,6.217814140607029,2.0,1.2268087325530672,2.892101111916531,0.49344472355699043,0.45331706089021495,84.58305828005928,24.590312698214724
SUB00948,8,41.42894972696914,396.0156368935534,31.39310521759748,12.375833884743363,6.056748836987987,2.0,1.1646850397556134,2.279096971380064,0.3340405063810653,0.4989412979645602,131.3050205254778,13.807162695766372
SUB00948,9,39.79191307077428,256.12701021093955,36.746322000049204,10.057495269097036,6.263993609275597,2.0,1.2082384353954168,2.828622592508195,0.4659115420066765,0.5570999992881189,93.7157153538642,27.347088776444913
SUB00948,10,41.75320534136126,298.93782175785765,61.81961065202401,9.933883518075813,7.637677500643848,2.0,1.5402731384219126,2.9644904516051653,0.40228815545298047,0.2707815735882034,310.4875492657406,26.648485262986195
SUB00948,11,49.94214998014473,369.75968217146504,36.67668103910051,11.49060176828326,8.709223605647672,1.0,1.0,2.164695756624025,0.5237432840735713,0.5824261924098861,363.9210219973132,10.606492590286392
SUB00948,12,35.21590364116689,312.08880846735457,59.904297822328914,14.879078861580084,6.649872693118508,1.0,1.0,2.451735053412298,0.17789474491327245,0.2655507431898716,110.26788040440692,19.50744022318412
SUB00949,1,2.168926743109452,1653.3166554192899,52.349733852903896,0.910537618685296,1.0135270656873907,1.0,1.0,1.3768335485478835,0.36226229581064806,0.383122372657566,16.952058236438102,14.981465634379099
SUB00949,2,7.957574159486466,1686.8425638315057,68.19016851582543,1.4779530754031789,0.19326842914068287,1.0,1.0,1.9018443234366615,0.28275992124204713,0.2868286131039742,56.542543459549236,12.406580885620375
SUB00949,3,4.915844754368411,1721.7033766397942,58.41140781599556,0.5414802672643424,0.29945168651673826,1.0,1.0,1.1116671024191227,0.34458539826698453,0.35013064861246235,25.51522758893651,19.60792291719191
SUB00949,4,3.0242879620920355,1386.0797763338521,47.33765154851779,0.6212479631446527,1.0450466075719809,1.0,1.0,1.15969111391203,0.5319492196378866,0.3652793546034324,9.819006821825969,14.457519286840958
SUB00949,5,1.3872952402213015,1367.9791308646925,79.58789239199314,1.3331762621657786,0.6492933031545193,1.0,1.0,1.9195616672489153,0.46864578208371277,0.3208966891042143,8.943335165426294,15.803861792674503
SUB00949,6,2.155381833373657,1234.5813882512925,65.18497944619159,3.652466989477719,0.5274099937343872,1.0,1.0,1.126321489642893,0.49067355099981314,0.3669160224542205,6.199930398034073,15.826826803730345
SUB00949,7,2.9499417213392842,1364.8158216529375,54.832091917021216,3.104790952866572,0.31827114449987126,1.0,1.0,1.5307504695624838,0.27194664145244263,0.2645297812584882,19.48215186880637,11.28909029497419
SUB00949,8,5.947957961679597,1735.088909790839,77.53903805077907,3.3242533300362624,0.8150203971395464,1.0,1.0,1.710612083192707,0.23137267242149936,0.45122004487118444,30.835226517268193,26.552770428938626
SUB00949,9,0.0,1427.7422104333186,62.41417600733785,2.2948670771486324,0.0748591406237738,1.0,1.0,1.0934849426263074,0.46413321498684956,0.38824587053658766,1.0,24.304810770666545
SUB00949,10,5.196559371668648,1753.2771141598494,41.228764341945784,2.813410425469831,0.7921031009077536,1.0,1.0,1.5243347439867134,0.2846801689859495,0.27819081587866895,14.516078486091011,17.14663008930307
SUB00949,11,3.09833386559895,1244.1842509005583,57.95862963075001,1.509340460552032,0.7722386151064702,1.0,1.0,1.5607161176412467,0.4458016774482737,0.4247129404980305,7.30618444471523,13.052448223108241
SUB00949,12,0.0,1524.6749097779987,48.941273075085974,3.59637269249661,0.4473313247614413,1.0,1.0,1.9547794533430798,0.468819606864181,0.47468461252093697,1.0,11.955864624740679
SUB00950,1,68.26603073165077,498.11258560831374,86.69657394246597,4.444209310227696,3.2645326020529915,5.0,2.962486951149506,3.3558024211307735,0.3198852655964194,0.3352185159308683,398.99043702552353,11.450493936269183
SUB00950,2,61.41989254733608,611.5746266250026,113.05913330257565,3.5833768795702743,1.7163508691772515,4.0,3.34926876047392,3.9037524007236355,0.4072738372400504,0.540058217556076,226.47396825429735,12.917276483759213
SUB00950,3,61.33600529346546,701.3836382524988,76.40785214968244,3.1598255377791515,3.0985434218087455,5.0,2.9573725245877576,3.685545868915959,0.46684971069274384,0.578757036301781,287.7000721376332,26.00495951233731
SUB00950,4,57.387570058143325,684.5843565858412,87.6417488787592,3.944519186963032,3.2414734604803224,4.0,2.9474771974166867,3.837853829428266,0.37474528029846577,0.33450762832440367,414.70468031932415,8.244828905198784
SUB00950,5,59.6850648272454,530.2046682262813,110.13844747195552,3.494874705413094,1.8709211095503306,5.0,2.7300393510759093,3.1069686314526077,0.2676700325602618,0.5838704689459491,336.66075898753314,12.367154362403117
SUB00950,6,71.59948741926259,508.81925243193194,87.89427998621515,2.8675584583010614,1.8209616762074812,3.0,3.0,3.8790600420477572,0.4682911449401459,0.3858089609818962,527.8552483949011,20.658208397289524
SUB00950,7,60.597455204633626,656.4209090310873,93.1871635323038,2.900347206414664,3.249447173354916,4.0,3.2837555548878323,3.613069284873634,0.5851753111682033,0.5013457221219189,173.18062421693608,19.611099725390034
SUB00950,8,73.18595947667518,718.3216203452764,109.51457271864938,2.708394051996826,2.2549446860319704,4.0,2.671403213116175,3.2849904239224,0.4147207352522294,0.5565884851767973,337.1203266293704,19.53816636829898
SUB00950,9,52.244667737270184,463.27399924552793,103.39810467578107,4.632060406378084,1.8664275364612652,5.0,3.0546569756904134,3.6184775850473443,0.36456130499279016,0.5734900276853669,256.65135319476406,25.575085906758886
SUB00950,10,59.3079904517582,538.8742617937024,79.52171494256099,4.705859761288392,1.9158632047173125,4.0,2.6183039368369325,3.680310761584837,0.4947544504810385,0.4768428345988287,158.59583454270592,26.27452338854578
SUB00950,11,78.3974391925605,797.3064661666194,103.15716219385737,3.758136973746492,2.451071505111207,3.0,3.0,3.153927802099482,0.5540109000745278,0.5355967364255689,290.4256440432937,10.913698667339373
SUB00950,12,54.67005052036638,541.7809516779026,82.3876057300686,2.5259506052971137,2.1138217115165197,5.0,2.734983825772313,3.055431386239456,0.6057268008719744,0.5094118034562096,126.34840868311636,25.290059467209584
SUB00951,1,9.872607403330232,111.16214398014613,22.184509991500185,1.3267571438095387,0.43234718766659586,1.0,0.6094388585489869,1.0,0.15010914459764962,0.3464480726601419,56.636282950088194,21.802209320360642
SUB00951,2,11.902778458404397,109.25042501437497,26.758674373619343,1.4000891204098536,0.862412653859855,1.0,0.7292509357793256,1.0,0.19838930063851096,0.3738854384538912,59.64249267071048,13.707561513126238
SUB00951,3,9.985697034563058,93.05666753573487,19.2789471444476,1.5848235761858178,0.5506755312586885,2.0,0.8917323805423356,1.0,0.5123332649727518,0.3712601430143617,43.67122742523143,18.51446757530348
SUB00951,4,9.128761926435988,116.7752766486402,33.744720910911326,1.4375373007043801,0.6562578078609278,1.0,0.6124290001081241,1.0,0.545523650411565,0.37887863355929957,48.95000337959091,19.04502574777722
SUB00951,5,11.826017533190678,85.59863432950185,28.420349353327403,1.2646026550651615,0.4328315198743128,1.0,0.8974232315346118,1.0,0.340273798692329,0.596499990842607,28.950140991223307,13.293312793141318
SUB00951,6,10.01578970043198,70.73903133473766,21.745644136298814,1.924051057986273,0.11488168746185934,1.0,0.6300320226803253,1.0,0.291244700813619,0.33001756076232713,20.452147942154348,14.225984360324839
SUB00951,7,11.67542748686554,80.6636545513473,26.327795353003456,1.5518429186427476,0.9898856623721468,1.0,0.9385353574769856,1.0,0.2276698469085261,0.47279017916240007,38.10996586644799,15.123241896761911
SUB00951,8,3.344766354475939,58.02947496026012,20.43563296042247,0.7402616067616441,0.280422088467595,2.0,0.9411703713521258,1.0,0.5145414398079579,0.590823381198645,12.198173081144864,19.557584758278423
SUB00951,9,7.293349472973651,108.57981109140961,32.84139437570284,0.9636099638567612,0.5632060674000762,1.0,0.9311543990121836,1.0,0.5120902385869656,0.3330085889805411,41.824868507857715,10.187698390422572
SUB00951,10,4.082355233196679,103.92985132558294,40.60025974193296,1.8929050380413972,0.7652666228729057,1.0,0.695711017385412,1.0,0.1975655037832452,0.26446380891174776,28.31256738339958,17.972029733852565
SUB00951,11,7.312994961727927,45.1805626348355,17.058064587676135,0.9016636451410299,0.23515679496137265,2.0,0.6211095397831173,1.0,0.2723904689798528,0.49993662511084974,52.76104223619456,12.41982410181869
SUB00951,12,6.3290504203465705,100.12162592376183,30.36569337532446,0.8082719402349957,0.6607062472337524,2.0,0.6035211132152091,1.0,0.23651660329934013,0.30127120445922695,35.385853843190105,21.980499234816172
SUB00952,1,123.31471064140129,421.9653077568223,49.49983062623686,6.122428986189548,2.766064196391234,2.0,1.0781979347287751,4.281359219427278,0.5253485707045656,0.5074975310507404,279.311139280303,9.742686986013195
SUB00952,2,126.06280558431033,344.28510189316756,39.64867259571921,3.686612566841155,3.552398329799468,2.0,1.718247581038984,4.152264776489886,0.29353189084500064,0.46002643705472657,848.3743732051813,16.512242016295346
SUB00952,3,117.18674070294509,513.2571690458825,38.46082327287894,5.193546666350169,3.710678841739429,1.0,1.0,4.19244139625785,0.5968297714772813,0.4365461051354268,492.0376568898399,25.350512029135203
SUB00952,4,110.11152015084664,345.6145546840635,33.54507964884364,5.901162308085958,3.025901113499577,1.0,1.0,4.7871734425621355,0.5665113043934543,0.5117021992764075,563.2192756683795,25.708299216264255
SUB00952,5,119.16954196696179,415.2407760362245,51.428839849607435,5.7446752842133755,3.3316289132226196,2.0,1.7628527971804986,4.530962995241128,0.44325487608582526,0.327355347461682,607.695999412757,24.324691172664924
SUB00952,6,125.01594064960643,362.4069764096888,45.99111125035928,3.378674674411321,2.3012851518301702,2.0,1.284770802718855,4.764371928101477,0.30883963437329165,0.49374904201081293,917.0906696353723,25.645104910663175
SUB00952,7,109.58498327662826,400.2871284611514,53.25277404465449,2.705136203041958,2.472752144994624,2.0,1.1970897224193018,4.0771528002175454,0.50932160514051,0.28736931210010075,234.2899308103394,24.58245973405743
SUB00952,8,110.70151089327797,373.81957642657875,51.2529975207767,3.250922893548334,2.438623343108621,2.0,1.631819671015525,4.778560248663974,0.40774430362638026,0.49056828829990684,816.5915227590654,10.197119110190132
SUB00952,9,122.9056295974872,537.4321764786472,33.447378319715064,2.398627625691477,2.645911017263243,2.0,1.4409762045193009,4.473902195889075,0.3148690024190127,0.3437519200168865,342.7319087607167,25.84088352519258
SUB00952,10,113.3227987018494,541.5635038977647,47.72126953886432,2.6286859139252177,3.970622777167213,1.0,1.0,4.144871481243642,0.6085542333541407,0.3196061333461973,772.1998907787345,27.152037223331014
SUB00952,11,119.01172253870874,469.9577555450795,45.906999961666685,2.940677008494577,3.7194258215318676,1.0,1.0,4.822984992015433,0.4273853193351509,0.5545599898893802,285.18181084711244,25.244253374146375
SUB00952,12,108.12685689242174,399.8561012374332,33.38997958292301,3.8491808857208247,3.0989727238708746,2.0,1.4446444194995998,4.9334658898236565,0.5339291890607701,0.2646681474423577,430.63299728826473,16.201785581650007
SUB00953,1,1.7112841849381368,66.42602165621368,16.83028653313317,0.0,0.2876388677335434,1.0,1.0,1.0,0.2793283467499554,0.44392226363976084,6.036051646767337,8.03351031601646
SUB00953,2,1.665178479404,20.90163498630491,11.845941806438358,0.09508042115281762,0.006037440292870622,1.0,1.0,1.0,0.2354377288604351,0.5155301631457635,10.7642396020809,17.78224808586578
SUB00953,3,2.3600379836785343,32.74791774970542,8.944139729109374,0.11061750429679967,0.21761959684548404,1.0,1.0,1.0,0.28352179960508556,0.30694937733979294,8.661999835907638,9.037763492393776
SUB00953,4,2.6256149760304135,55.34438945117713,16.99376717698101,0.3642396426638004,0.1349636041559258,1.0,1.0,1.0,0.5205937905716863,0.5189942078152706,11.027883252522521,14.840824003502968
SUB00953,5,4.717507011791398,46.980416324714724,24.492012661251547,0.0,0.12314937807606008,1.0,1.0,1.0,0.21776045285024326,0.3424884150774402,21.72210521249222,24.114713493775255
SUB00953,6,4.969962710347637,49.42285826501235,15.611821235868547,0.0,0.09030941410640919,1.0,1.0,1.0,0.438332437814818,0.48644844833387146,22.873272409764468,22.24404913053089
SUB00953,7,4.105077619575862,51.620066174802176,6.004846200091507,0.0,0.2927184751760299,1.0,1.0,1.0,0.24578733632196875,0.40006722836952624,27.785997915085574,14.007095492859108
SUB00953,8,4.4744953399855,74.31177440975063,20.437303191429272,0.0,0.0797102666393883,1.0,1.0,1.0,0.4921717801309837,0.3330823576962201,20.24576844305431,14.720217789870272
SUB00953,9,5.237750879864303,29.38086153497524,15.0272743128998,0.0,0.23768539136506878,1.0,1.0,1.0,0.29388406421342467,0.3002699492616203,11.544474170012498,15.28128967002437
SUB00953,10,5.297330059873572,48.318730484024016,23.40377293114178,0.0,0.3576540635617388,1.0,1.0,1.0,0.2727542893352117,0.5930794705698734,31.886077047100397,19.95234396662709
SUB00953,11,3.1364008388201325,6.628437444231244,19.332771532858764,0.0,0.010580034604847743,1.0,1.0,1.0,0.5336488165505163,0.579361782852746,21.59787083223445,16.805325294944605
SUB00953,12,7.239476176993805,8.654696872354112,10.819297871546434,0.0,0.006896423110160421,1.0,1.0,1.0,0.16937139445969454,0.2941687935208979,37.520881842145094,17.37052961424669
SUB00954,1,107.8207712569202,264.86848306349395,40.204569319844694,0.8542352796828379,0.844772793927957,1.0,1.0,3.5534835537923786,0.30815038212868734,0.5363732591459467,409.82242391981646,8.317960647490054
SUB00954,2,98.38771959524789,298.71319170377313,20.482134839401866,1.479442446244082,0.5388449195359855,1.0,1.0,3.9169719170783677,0.533683332912519,0.2831482093339851,301.2575147413077,24.574717128374616
SUB00954,3,101.55419072287772,177.36462813646165,41.0490559999331,1.3440853858164432,1.2719819506113093,2.0,1.545460324505306,3.7897555820081954,0.2975884540625585,0.5578265824896309,641.3672151258199,20.354759946100643
SUB00954,4,103.35735194383311,170.62635586162833,20.717412656240658,0.02594029155091715,1.1875868267217717,1.0,1.0,3.472616299068746,0.3065190156733131,0.47881758323124424,501.71682950270633,12.495010152041168
SUB00954,5,98.08608738720507,268.06004352687063,30.16926063223006,1.7841239359434888,0.03856637802897578,2.0,1.3824012719394665,3.950893182518797,0.5580307689509569,0.4338782427712139,699.860289506117,22.86337888062568
SUB00954,6,107.23457976308764,155.845314109438,42.90560789695696,0.5209523420449303,1.0299850288572436,2.0,1.4257476292792899,3.291545026820347,0.314911278552199,0.5718045446090931,377.88650051462554,17.590114434995257
SUB00954,7,117.27519192325258,127.91315165400883,22.364995530355404,1.1522221180194392,0.19478157538628382,1.0,1.0,3.015327140499282,0.28891872759638193,0.32997783528879143,368.2690245422344,26.12656400627793
SUB00954,8,124.31037834307178,301.33899521595254,37.26919303945997,1.6215185562694998,0.6547286185805661,1.0,1.0,3.1804029101615487,0.47129337267006133,0.3283001238593927,914.5833815680045,15.270953759613949
SUB00954,9,110.32898612421545,204.87623862813675,36.21692954678349,1.2793409834183096,1.380934963548842,1.0,1.0,3.9140410263564203,0.5061030241978913,0.5866599282194516,245.12091166278296,13.56398105446738
SUB00954,10,108.51492728576734,231.15464484439573,37.73835538235388,0.0,1.099848075518664,1.0,1.0,3.5253658645658206,0.6158469008155038,0.38670653532037735,359.273502271721,11.961685751386456
SUB00954,11,107.33596925686334,135.937649828085,43.401855465503616,1.2164946214517747,0.4796012716757805,2.0,1.373245373727491,3.934676772710955,0.43553930111328265,0.3187651557152793,386.82685866873254,17.830150672287765
SUB00954,12,125.5997867406867,208.0317070116326,42.4289436558435,1.5070822164032691,1.3608581463607314,2.0,1.3779897842978175,3.091024739354797,0.4234996365822593,0.4160065991036483,333.05866638206237,24.54053033251885
SUB00955,1,47.2204154635661,373.52431644474063,49.66423187905578,15.652080245019107,5.80138977262859,2.0,1.0309889004091985,2.900036039050655,0.24321288832308197,0.2738756881213893,313.18673832119276,12.129155400744775
SUB00955,2,40.023874401080306,289.5686028465228,44.999445101592144,12.213675416755791,6.475987771315673,1.0,1.0,2.1022490456317358,0.4634988249398365,0.27952573320786256,232.80215865426553,22.129072505995193
SUB00955,3,49.40324241324742,205.24305739103227,40.317348310146045,11.986535770723453,7.18280678808959,1.0,1.0,2.052240842800463,0.1962297940154488,0.30842455587198836,332.69870506628183,20.263588235762775
SUB00955,4,34.1882477536736,268.2457592482632,35.53157735789624,12.318397952721403,7.287535585032948,1.0,1.0,2.3528541435631185,0.3957516737574055,0.3116536390554747,195.52083982379128,26.04322021639559
SUB00955,5,44.64768996207952,278.9715444583595,40.43538902364735,14.465993882481554,8.24083588900876,1.0,1.0,2.3586309248188932,0.4595424906308869,0.3737831715943082,212.47595003649877,17.213256396928898
SUB00955,6,28.172355657171778,359.7345802593113,42.27780698777107,13.578565065662158,7.921639008816311,1.0,1.0,2.9853112511325426,0.4220699276916663,0.3144760477347468,129.1126195868014,15.00177552126675
SUB00955,7,29.782419995746864,233.99490351204497,39.684944638951904,12.185007596525299,6.034003037086286,2.0,1.1210984663291548,2.07629744410985,0.44140549906964266,0.559085400129887,112.50714818677196,24.260323252548016
SUB00955,8,39.131641662709676,373.7747769580603,56.33729939983504,13.209222664180148,6.337941506840959,1.0,1.0,2.979678746196156,0.46185685727042436,0.3649750524824422,214.37580677835317,8.531722253509614
SUB00955,9,39.95084158388479,392.4222259966497,60.48348608012763,11.146963468892235,8.40757847259406,1.0,1.0,2.1255693046732187,0.3335413209170638,0.2860464531972201,187.81335621115645,22.731060957479926
SUB00955,10,38.35229213515199,279.70582377055905,36.65230528847027,12.485764364744476,6.667575500165024,2.0,1.116875092867033,2.1045696560441662,0.39708581688396094,0.5108560858006084,114.08077806723496,19.025613553426794
SUB00955,11,46.45162916280951,307.4385476096522,56.53739589575744,10.532447439054883,8.665990577391195,1.0,1.0,2.0288340753391343,0.46696921634075117,0.3234179705661665,147.97956029122983,13.728086827778187
SUB00955,12,36.16976832436535,205.99161994459706,58.28719939615033,12.848245157761376,6.361854518819811,1.0,1.0,2.1469500554229954,0.5229446798436056,0.5444667893236013,89.75763933393904,9.784746789176314
SUB00956,1,9.526779309405029,1399.3737884395891,46.306389021834306,0.08993589947892923,1.2884254400248336,1.0,1.0,1.6231167442322922,0.346265586436567,0.2512346436285344,21.89632463378072,13.070343959508019
SUB00956,2,1.7282737625947004,1304.4164412974094,55.35607055724899,1.7991276654493027,1.0654705921617458,1.0,1.0,1.1259203580187758,0.16836317312920782,0.25414896654521185,8.59745882730185,27.81039605863321
SUB00956,3,2.594541048275179,1460.1018457285963,77.00410523399196,0.15600483536818985,0.9799333797296526,1.0,1.0,1.8888134850620049,0.2108568434678296,0.514723231199935,12.208139807131076,13.824422644931262
SUB00956,4,5.25314563443167,1627.116681431304,48.257240241106985,0.2903591749447503,1.3009961842186826,1.0,1.0,1.6674100256166688,0.3819965102701991,0.5264124933947851,26.58976799055414,25.330793102576546
SUB00956,5,5.585976249096657,1603.0929108291684,61.04114047739149,0.07970273929251614,1.169577569586839,1.0,1.0,1.0922439196922458,0.43688506005612937,0.26951844764463834,42.467193193785604,18.448258258246952
SUB00956,6,6.2110284988711495,1650.7569461705798,79.24179369592494,0.3836629182232883,0.3323402717024507,1.0,1.0,1.3952776042733528,0.4190798299960843,0.531303405490464,15.035116281412904,22.604691793400224
SUB00956,7,6.172916932473987,1412.2693027504588,79.2422333339772,1.2897108390127512,0.6686088279286346,1.0,1.0,1.1263312045184954,0.17192179726888682,0.487018474816464,23.564959281333078,22.284617778316058
SUB00956,8,2.185942089352851,1748.1697662109925,77.64133404900078,0.5741542989269991,1.4674747014800162,1.0,1.0,1.5108278228938874,0.5447370904033972,0.4620801276082676,5.5170345516083215,27.78580076674891
SUB00956,9,3.479305727679513,1751.2944435803802,69.28647195613098,1.9600161380231647,0.6967899215493115,1.0,1.0,1.3664115137641852,0.5161990895924838,0.33131235099593037,8.793203609641278,20.655857580486025
SUB00956,10,0.0,1763.6365234361806,43.87385545624974,2.2317796398527117,1.4644226572744312,1.0,1.0,1.7672903805126146,0.4898712759977517,0.5185070260535126,1.0,12.791643443564196
SUB00956,11,0.0,1537.6304325425933,44.44198643136526,0.34303271100673993,0.8181054957463603,1.0,1.0,1.873920735053329,0.2131814651339924,0.5315623569349535,1.0,18.0993670465033
SUB00956,12,0.0,1371.5522761481564,65.40986454011885,0.0,0.28033377570315576,1.0,1.0,1.1152369667846558,0.2956365851388885,0.4923480772943568,1.0,18.759529740595955
SUB00957,1,79.81723332975105,517.4955905673731,90.50199213079514,2.800517642563929,2.038866327596048,4.0,2.5768805320215193,3.2950552059049647,0.4105989517271329,0.5371382228179737,188.77253820465793,22.493688151351
SUB00957,2,53.13930312268035,725.4055329890311,92.22347487927792,3.3581134748395423,3.2331268468016745,5.0,2.8375031176568095,3.6002454917812465,0.5934894938830992,0.3943050746436315,206.76033717511388,13.362838564003855
SUB00957,3,74.06555833293817,755.6194434071622,106.37958990535364,3.6821216627019258,2.0553179418559546,4.0,3.0007501630548408,3.004997975839788,0.3386715302698977,0.547734238278683,173.5598264179581,18.86952950789512
SUB00957,4,53.7225047581985,595.9793259454311,72.10221707524349,4.342685496931121,2.233410312662816,4.0,2.513640784371033,3.009529859992361,0.34850730869318824,0.277440040486891,108.85068555417116,22.56901721721959
SUB00957,5,62.120073064672134,565.087830609587,63.51670086857201,3.3364875330247448,3.017104667543487,4.0,2.5512069869589764,3.9486553871442998,0.586782018096879,0.4594714864706584,344.350782306726,10.804460673405696
SUB00957,6,76.98779050740687,465.14007916601594,95.36822104149172,3.298854136250501,1.654462484273294,3.0,3.0,3.5024512198207804,0.2674073767988395,0.2615253447466197,401.6748012278098,9.704202552015078
SUB00957,7,69.71086113669281,509.57709681595617,75.89733934499023,2.136409187802838,2.7918352888982074,3.0,2.705223812962765,3.658784911421425,0.4194262678799421,0.5608272063171861,176.44036042957575,15.932977105871108
SUB00957,8,60.63585024997126,575.6197023358433,72.11182212980256,3.567998753216293,1.8515834463748884,5.0,3.2917554299922642,3.9079886547864757,0.43778162540648535,0.4532699369414164,201.0318461982113,20.700463648340694
SUB00957,9,74.35735696823441,503.50743441627446,93.45935544701865,3.712502995175208,2.2124519711604074,5.0,2.8039793490029794,3.937822170140115,0.4381367129786492,0.2963770664351759,214.75958208777342,22.254054206526426
SUB00957,10,43.78276021964927,560.9949214883649,112.98355707625524,1.6417491316155501,1.6467130738441373,3.0,2.748923430752856,3.3463520111189067,0.37568121920650255,0.5165618539588257,332.0472890037921,26.162077298903363
SUB00957,11,65.97552248798104,703.1242334470563,61.4727358097151,3.0776362627446803,2.744538203094474,3.0,3.0,3.576603543649863,0.40339125853439306,0.5188561820258121,220.29295877044862,12.54860925187676
SUB00957,12,69.232213826745,776.6686722103082,97.89401613603019,4.108719674616507,2.3740136252698045,5.0,2.5596846396376582,3.215446511543481,0.2845476193478599,0.5845215864059656,443.1034107956575,18.392392837952855
SUB00958,1,7.568767748793398,79.13889736415067,21.75827781564996,0.16526459451842931,0.31038664318494047,2.0,0.6967590650905914,1.0,0.28540505259264987,0.3329373447326204,38.78372426604081,23.648066463469895
SUB00958,2,1.3536323740214053,96.32544461128927,31.13618309691181,2.0026064631420364,0.7279766207758489,1.0,0.7508383434770862,1.0,0.48209605231839214,0.524580492492049,8.968191546367496,8.744952838392036
SUB00958,3,6.183897891382961,126.77754358096816,36.39066818044686,2.0373403658839,0.5433763461125389,2.0,0.9011073255267488,1.0,0.3640720369504369,0.2857027906238249,32.94157250014399,11.076210419090714
SUB00958,4,7.17524177076549,114.42150855753158,44.38640545337083,1.0454540376248245,0.9025706963771826,2.0,0.9513577309608456,1.0,0.3385065423416423,0.36495202946693384,14.824933845918281,17.031967350025674
SUB00958,5,7.9012830564093095,69.37133567239083,33.292086424087564,1.4704515211798463,0.49560077712122796,2.0,0.9619285525530169,1.0,0.36909168541686144,0.5723002082826101,42.60198799553246,9.1910547648875
SUB00958,6,11.398204255493079,156.34452693991238,36.94158061779936,2.117104657798898,0.9826266198575854,1.0,0.6612298316916596,1.0,0.49081864363014793,0.347642745720751,71.26757776132396,8.866248600780853
SUB00958,7,7.432717118014435,132.97738405893847,37.874057470047475,1.7168973943530252,0.3684163994030525,1.0,0.8573886334870514,1.0,0.24310085954742652,0.4607997699127603,50.03951827848008,22.985297414717078
SUB00958,8,3.4429728502611225,178.93823213143725,26.36036409622188,1.1449604510522724,0.2818446061638896,1.0,0.5494812486512195,1.0,0.4861600619936941,0.44418388898737426,27.372476802112917,26.15491364932615
SUB00958,9,14.02512031816769,101.82110848387362,25.308906377701497,2.80231508820932,0.40796679033222183,2.0,0.7980080596702589,1.0,0.5251651570398653,0.5768597278877754,99.2551715020898,14.2923254163256
SUB00958,10,12.430599409561708,100.88760962801898,22.619036253225342,2.541485274231094,0.21123555479203637,1.0,0.5518818907033297,1.0,0.5323175228727941,0.2726970580610111,70.7751874336518,8.14717677404839
SUB00958,11,10.681811299328556,119.84040167904915,31.56421687601885,1.6875689961932654,0.22479466570090767,1.0,0.6926794636992539,1.0,0.3763210597095784,0.2512043423927807,81.06256675493252,27.90101492826512
SUB00958,12,10.400713851534597,128.68874379720043,17.531992370210187,2.897859608045504,0.20637948643225068,2.0,0.5556559192001131,1.0,0.4510165166906267,0.5916639084582442,52.07604237679159,8.271795588274804
SUB00959,1,110.71477127088862,472.64301817699743,32.17091391268093,6.821543368246629,2.0540043659495852,1.0,1.0,4.090623907242336,0.4373938058578576,0.5277690165924578,854.5162003069619,27.819875060439067
SUB00959,2,116.31039594543451,439.65603036968224,33.98903603222361,4.053695679975152,3.1332557435222625,1.0,1.0,4.294291963558935,0.6493951888391882,0.2763635628316357,917.2746210111394,17.08193996600624
SUB00959,3,118.84626939298374,459.2731526691588,54.87769519332281,6.1489008522062605,3.7643150217449604,1.0,1.0,4.32222545406995,0.31004647859306755,0.5981899415211136,736.9684587980221,25.020552684472598
SUB00959,4,128.76242950459155,530.6197138948144,39.05680081032426,5.5407851161070445,2.4860123949610307,1.0,1.0,4.595502720210587,0.2666250079389842,0.5821360333756183,276.75910762929186,17.363699378394926
SUB00959,5,111.84552558214219,353.0421016010673,52.182346003648334,2.9314093757449577,2.1927925408981994,1.0,1.0,4.27445787561296,0.5918355615778564,0.417503753076627,389.2604724977234,14.51049209402224
SUB00959,6,126.87486051183,316.75858754651955,32.37350664953151,6.268299115560731,3.279863987092823,1.0,1.0,4.578365663821575,0.5296848104190354,0.5241061198358505,682.4167781064854,22.94463004515348
SUB00959,7,111.55730880305167,336.2278805567024,43.761514631391464,2.916673286076899,2.2596327440125235,1.0,1.0,4.154711620563624,0.6475704876432863,0.4463161656199729,462.6803856211942,27.349131022553536
SUB00959,8,120.56135262111019,518.6147819357307,44.37613651502501,5.48286347881124,2.8983000246294424,1.0,1.0,4.266113808314867,0.27292618627059007,0.425103282520117,667.0372738142557,27.354254468821498
SUB00959,9,123.45177334360318,336.9970626639849,39.37124606845107,3.6506443007659812,3.3454046526181753,2.0,1.6525862167039826,4.775913020509357,0.5170764387447343,0.40584600971993123,976.0839631906147,9.494820054352076
SUB00959,10,108.00327266699536,471.042407073459,34.826780318011906,6.324550748037664,3.3542095180487475,1.0,1.0,4.897474947571743,0.49307318504419917,0.29995913930698415,736.2885924099255,11.957076966485323
SUB00959,11,131.1844793003398,330.25587679779915,36.43578010111243,3.5958568802459854,2.845635212725952,2.0,1.6810553116344054,4.700124006460421,0.5434745627751726,0.28889397030305897,1033.9228046925678,9.554686816337803
SUB00959,12,120.25100073139,283.0062737229786,47.52285894971164,3.443326689005943,3.2564721805105954,1.0,1.0,4.85516829347991,0.4446475197366405,0.5914751941813775,689.6380637280215,11.226839440778637
SUB00960,1,1.2739456601119263,0.0,12.223032723439594,0.22140935938929868,0.36227527032462703,1.0,1.0,1.0,0.491152029384887,0.37243019671737987,9.125430470615122,26.52342968797559
SUB00960,2,2.157218588778228,56.309427232753194,16.208287217860143,0.5168161353964901,0.4317190952275963,1.0,1.0,1.0,0.1855918834517884,0.5007726156209549,13.797168448064847,13.668027489303743
SUB00960,3,0.0,56.255905932389005,6.518900557883526,0.0,0.16018216703504984,1.0,1.0,1.0,0.3711531862033832,0.4505351332376928,1.0,24.303558437956674
SUB00960,4,0.8229574765101404,31.715942058805744,7.74631679309377,0.26861925037897,0.24183711875325759,1.0,1.0,1.0,0.5138097621559544,0.25420893792686905,3.3136375483721414,12.929837918060585
SUB00960,5,0.0,57.68348435840011,7.383735987330297,0.27825052567078823,0.29915204927007427,1.0,1.0,1.0,0.325086266199743,0.277979236650313,1.0,11.287825927050989
SUB00960,6,0.0,87.4610372161198,16.47099629537371,0.31079999251331714,0.3248814888107307,1.0,1.0,1.0,0.2235872398843653,0.3673433356801737,1.0,25.138173496462944
SUB00960,7,0.0,27.473879557850623,11.881797209215154,0.2155534258283806,0.10721752975669996,1.0,1.0,1.0,0.283911076233082,0.3626583705419838,1.0,13.792705603661055
SUB00960,8,0.0,64.46422944092986,9.417483845533486,0.5823016944588533,0.048330200955223945,1.0,1.0,1.0,0.24931494307832333,0.3671014460655639,1.0,22.29806111809698
SUB00960,9,0.0,39.79165223636464,7.376534827581702,0.4735673105501846,0.46596131658764306,1.0,1.0,1.0,0.263145276279153,0.4273250524262544,1.0,19.54074187930404
SUB00960,10,0.0,10.940241111273695,6.756034242949767,0.7517126952038482,0.28977689073953017,1.0,1.0,1.0,0.5044077648965809,0.39626701982105933,1.0,19.56074996279318
SUB00960,11,0.0,57.64209512182621,6.994269927863732,0.46588183875392275,0.10985676646562037,1.0,1.0,1.0,0.48351062562027036,0.34198057885422795,1.0,21.033191775835583
SUB00960,12,0.0,49.57134600037378,5.1007455159446025,0.4272185470545942,0.4709633047326056,1.0,1.0,1.0,0.4695649501019915,0.2810945688918904,1.0,21.181112247975992
SUB00961,1,116.36554870724007,229.3177584480416,20.84284392234515,0.0,0.4222909551688151,1.0,1.0,3.174831320835683,0.4383547964431509,0.5685850375788943,555.5035732069186,27.797959137579102
SUB00961,2,113.72258550045777,256.2781987867347,17.468943812601182,1.0749872870476422,0.6069943789010983,1.0,1.0,3.0176684332137906,0.32412734862816217,0.2885810539778801,354.28546008457056,11.196844071095999
SUB00961,3,109.81209760999437,168.0570995333194,20.202895941065385,0.7352682642501819,1.2411820578427284,2.0,1.8595300967136088,3.974514907713222,0.3105101502773201,0.4662549143277609,260.64153102084117,12.657395455360017
SUB00961,4,110.89365376944589,154.7361549600969,25.2828788631951,1.5846289946143477,0.6959783787038991,1.0,1.0,3.1745834448073165,0.4334935175872494,0.4667221267815247,491.9777575178313,10.634084479780942
SUB00961,5,124.67681052677824,189.06477408578795,20.812420805820743,0.18957351077448148,0.43304169288666555,1.0,1.0,3.634175577694889,0.5820385250638871,0.32220939765100043,637.7310226218628,19.07387229341343
SUB00961,6,103.39251523650269,169.4989943376806,32.45987149045158,0.7660319049636605,1.1776654216775846,1.0,1.0,3.8949683258192636,0.4119187027695407,0.26138191164671953,218.42863288800592,19.044191859991365
SUB00961,7,125.22895944036804,208.71569287704108,36.93975742704324,0.9753627477762734,0.3418840075334233,1.0,1.0,3.1288844853670694,0.2521645918704082,0.3459438552886933,637.6219805191721,21.764321298090586
SUB00961,8,123.27608696424471,319.07424347584504,34.6963439973845,1.8539355554547503,0.8985646094282641,1.0,1.0,3.350078664746365,0.5501135813331903,0.25704271078620533,678.5946499459967,17.557439069647696
SUB00961,9,125.56912652146121,233.86710759578702,17.641253677778025,2.046204494546703,1.1978202099792683,1.0,1.0,3.0646024589439333,0.4196148031599478,0.2874784374339554,872.8534089775031,12.901174993617142
SUB00961,10,119.50761513540809,308.2727280803912,42.74562463544006,0.9917940373714056,1.4682739943880638,2.0,1.4767165083359228,3.815690757935843,0.36767866252174997,0.41955191618760024,880.4435648107302,9.08108882934259
SUB00961,11,118.32083488077608,222.08877898166372,41.59813359671306,1.794497279640754,1.071167655879889,2.0,1.9719127798155305,3.29933650931842,0.2584549143523089,0.4296798102819157,855.7827832641434,14.015199601099022
SUB00961,12,104.99489507193505,252.18667610987927,30.197763818439405,1.6027724038491278,0.3345957853764198,1.0,1.0,3.9826650694373207,0.6470955676919234,0.4794468848993676,789.1477132265992,26.460324519795527
SUB00962,1,34.213853826922865,325.96023114240165,55.13421813180379,13.184075722519985,7.710776764681616,2.0,1.8174507289907498,2.966767662373729,0.3261463602272724,0.5510932509441768,242.67999450148753,18.61938171717828
SUB00962,2,37.09776651269643,226.6720280648338,54.665264010454806,14.671110140149485,6.939683158169219,2.0,1.6101335409184823,2.107157158640959,0.3539922908277793,0.29442907686106456,200.9899926527492,19.31715595150466
SUB00962,3,41.06177146486815,342.0378874463892,30.03645689334218,9.923990798503045,5.327456415758019,2.0,1.4801090429774,2.492521302797409,0.5383387457146057,0.4573122722866315,277.24778691315817,10.311572243045676
SUB00962,4,33.47015296969608,244.36786523292412,60.24574778523614,11.290616698609155,5.505003987914485,1.0,1.0,2.3629279627259026,0.15919282460354203,0.40090871108104653,105.79359655104126,11.46037759582359
SUB00962,5,44.686328875200545,273.4620402292777,37.00822608011838,15.174510719707083,6.5694947330719895,1.0,1.0,2.879846781387262,0.2503719878702859,0.43349971889517486,246.1122771753337,14.200030007672574
SUB00962,6,45.76044238104729,295.4683395768628,47.1525340007432,11.536838444124822,6.5192182518463415,2.0,1.4212301644881182,2.173495845387108,0.3959429225140678,0.30143817927374716,161.74803102082004,11.423298810720372
SUB00962,7,47.57516279340155,225.96363132790523,37.404229578110446,10.038601170424398,5.357095946926151,1.0,1.0,2.6943336424763755,0.24249217234787604,0.31516121916181045,316.03230843048027,27.556578967834604
SUB00962,8,40.85565823348283,252.1656109982829,64.02126357231252,10.663828304820687,7.592118402614451,2.0,1.9892683153516475,2.0329081346354023,0.2818351949617338,0.5404432554182281,160.33664120875756,12.669963094597495
SUB00962,9,38.72822114299474,352.7370680641307,60.44020158856204,10.041638177572251,6.348611516944443,1.0,1.0,2.855241475798109,0.3137348005295365,0.36741130415082607,141.1154933186611,21.95973326450295
SUB00962,10,45.12847166418893,276.6015581056553,35.153754206012515,9.870084985019473,8.081107138864105,2.0,1.3235322973908683,2.6326968150810557,0.16564972242672113,0.3161179956570068,296.3659061553082,17.15750269616197
SUB00962,11,39.08814552479117,265.2762507873932,30.321342855537264,13.602198558097209,5.848773386305829,1.0,1.0,2.3556676415646485,0.271660922425244,0.2988134137403214,165.79062144113843,18.80293947991722
SUB00962,12,37.830511763856464,363.2007594851612,36.711248965943206,10.35406193530542,8.6592955658693,1.0,1.0,2.228890429349493,0.5375654778102329,0.4967987589907963,109.55422551419754,20.81294138895923
SUB00963,1,1.0325472204472006,1223.5665227694194,56.96700198189025,0.7004918096052121,0.47549689044083726,1.0,1.0,1.6611811324261865,0.3385046210499456,0.29100932702018634,4.680691251583941,18.15232370618076
SUB00963,2,3.761474056834393,1379.195351483951,44.37162302380165,0.2432631905451747,0.11603362599824707,1.0,1.0,1.4446225848178593,0.29342410283893383,0.36713679747390293,20.540333959065137,19.962546035307994
SUB00963,3,10.96418776989115,1527.6226780337988,78.89297044320602,2.8126772846833092,0.17916870175194832,1.0,1.0,1.0980999999306094,0.3689876707835654,0.40601366791120236,58.145789539254395,15.657921961326084
SUB00963,4,4.902640609088951,1208.8335496996697,48.567408360603885,2.2579221484258296,0.5232422178455327,1.0,1.0,1.9246774988208095,0.24105219072314416,0.34452255895255024,13.404169966496921,15.635680981975419
SUB00963,5,10.566305578962197,1313.9656796950087,58.32699443594502,0.7408444223774052,0.6757604069243225,1.0,1.0,1.7671140937336145,0.3492460866158725,0.5564616230661923,45.54052700043086,17.848181399842744
SUB00963,6,5.110721902133248,1733.9081716845446,59.491626002450815,2.512417312643449,0.656644439683258,1.0,1.0,1.2666808481369567,0.4066080417598711,0.4988247499417793,17.59977643486628,15.203403359024287
SUB00963,7,7.737048215049108,1334.918292370101,69.7888910962956,1.8351155256540777,1.3217985333645081,1.0,1.0,1.182921045376128,0.5099489451736066,0.5823940629210481,34.26327330569174,17.502524822072804
SUB00963,8,7.573608582943231,1356.3933136566711,49.97675818031456,1.8002382669904342,1.003020125328351,1.0,1.0,1.5334062603874392,0.4342918281656568,0.36395898900341817,36.00887490212596,20.24042343806774
SUB00963,9,9.913776515331515,1785.2154912013093,71.1679248509188,3.8949058302903268,0.7313989722777872,1.0,1.0,1.94247855604962,0.2498029390743266,0.27562391819192084,55.21901686023703,24.88368027955596
SUB00963,10,10.503930057641371,1301.9772074654786,45.932838417053304,3.906175091161547,0.3983214832849761,1.0,1.0,1.6322116957550308,0.239685024972558,0.381080964033246,49.44370689523667,13.65777504893264
SUB00963,11,6.766331025205261,1587.4248100390037,76.90669472455377,4.1157574716734,0.6783681131214983,1.0,1.0,1.2769894249427993,0.16244102167598928,0.37105889420133736,39.16917283824846,22.174035585763054
SUB00963,12,6.868828466295051,1537.3482387033473,46.76248504795531,1.851275519514437,1.3429781186412661,1.0,1.0,1.522342136922162,0.4457880082641291,0.3994761379323856,52.49264037374554,21.5634250417238
SUB00964,1,65.9263523337855,774.3067389147897,87.12715880125694,4.827621752345503,3.3140155020433046,3.0,2.7588506447287395,3.093028795963063,0.25744636067999016,0.5156275506243491,496.2367794091373,14.784667364961036
SUB00964,2,53.49416430182143,601.7802431084938,111.76165749154761,3.066605272735011,1.8296213632719402,5.0,2.70800371638025,3.1630350460272565,0.6371390766242512,0.4448587226749753,220.22557273681153,15.337244236058629
SUB00964,3,78.19024982145459,636.8780092872481,86.00873155497524,5.376021025187186,2.291043974592207,3.0,3.0,3.177346879479366,0.6407120789198091,0.3402137332159059,200.0075203587735,12.929020598886433
SUB00964,4,72.40983839609247,619.9185913952502,119.89336890362367,4.89872312451647,1.7363497330648827,5.0,3.3396131276267935,3.653049164564735,0.5337477203978442,0.3023782508966791,394.12981622464577,18.000178248939314
SUB00964,5,56.27445910803789,700.913656321116,103.11012119330928,2.8652048079187984,2.3253124431401324,3.0,2.774252280338456,3.2351895946436806,0.393110259381219,0.32040189995709,266.6060334596161,25.06202311253077
SUB00964,6,56.75903293915193,754.8001916152094,117.34973286343927,3.924314330102476,1.9121848724635195,4.0,2.7115078313288667,3.6318605670551936,0.37931086220028043,0.44884025923657866,373.31242008539095,24.560089803574186
SUB00964,7,67.00335438311193,515.2406228057771,116.32617032052492,5.280595537001782,2.9928594524180503,5.0,3.125309375915654,3.8333725703954435,0.6415678879867579,0.35820530743457374,360.19126878724256,17.928305865364223
SUB00964,8,55.47359302109019,668.1889000389116,63.311750950362025,5.490073050396502,2.427474842356313,5.0,2.5868727332783004,3.6981195407199143,0.3347651785875997,0.5638354075057603,182.86251855770485,18.540347976570917
SUB00964,9,68.43387131319435,532.0315017749906,82.36458227255616,3.635716511365117,2.3917198870447027,4.0,3.363397345377699,3.186851409193966,0.498211352442562,0.44306440966604765,466.0787051854085,9.256373682899966
SUB00964,10,63.02936327543761,557.6762302667944,113.14494387985641,5.717787478713217,1.650808488099856,3.0,2.813862009324001,3.024482788396359,0.4163242032687111,0.5718873959712116,141.5676252038825,16.231346904835945
SUB00964,11,63.007293664690614,785.492832886538,100.1964499517708,3.393417740857842,3.3220202203620848,5.0,3.484374523514928,3.1952376384413985,0.27535160543270654,0.37883213708091235,394.7669399637442,23.718831956347852
SUB00964,12,74.51268242459038,799.1425455070668,75.20192733580447,3.277607251502055,1.863821348882994,3.0,3.0,3.0471190601135967,0.4166709074240479,0.547706938616348,551.533926628307,19.251659713833348
SUB00965,1,2.4727100933023487,118.85950866326317,44.7969578447392,1.10934136234175,0.01683332974209506,2.0,0.9201530010323988,1.0,0.31482578807912254,0.3567166112965663,14.091505762618691,27.97429925520872
SUB00965,2,8.56144473183966,117.77999258445095,34.716679455049615,1.0929989858200935,0.6521203547666334,1.0,0.8375443077402223,1.0,0.42911963941894804,0.5146484832693912,46.112516472960095,22.7660276971948
SUB00965,3,7.69914583205736,140.89074874855243,22.379346393441377,1.2077991700315531,0.8910340420763468,2.0,0.6040335253309739,1.0,0.34832545534269876,0.3904694341830556,20.18496867299525,13.176625639272224
SUB00965,4,8.139697986658275,158.83721980391158,15.346968728466193,0.342299030379033,0.8756623828022295,1.0,0.6021505410023078,1.0,0.34316809660913195,0.4704557328146645,18.795960680960256,17.607352932153706
SUB00965,5,9.263784826088148,142.08811576330177,37.556486700216425,1.8434952587744442,0.1206489091631675,2.0,0.5896705662151078,1.0,0.3581711285579311,0.3963672379905707,30.049144820767307,27.745860109047978
SUB00965,6,8.306845899810863,166.49519787402303,20.687224435725582,1.6551396476057865,0.16779212336784233,2.0,0.5335383122492333,1.0,0.4164453466577952,0.43133337130237404,42.39001248427017,14.556427751616514
SUB00965,7,7.901789228739348,175.29339896750125,16.056781008924947,0.7508562392850151,0.9763251999800516,1.0,0.9976759229751873,1.0,0.4629675954748128,0.3791575519769935,57.60308592447913,18.23156889973888
SUB00965,8,7.045448751107022,114.8752175603953,23.63329488214233,1.1339937960399888,0.3334859355101065,2.0,0.8335489613731314,1.0,0.19234845959868907,0.5931439888175707,43.74509233596179,10.40415476367459
SUB00965,9,7.670239906700226,156.17172925662533,15.672090824722195,0.7491926127349124,0.6189891729242274,1.0,0.9306315023412626,1.0,0.18615837121768358,0.48258317834280207,30.218037489421974,24.59644136847912
SUB00965,10,6.003978768856925,152.87757054346153,44.236671783016945,0.6093557070532479,0.042909726889233224,2.0,0.8052472262412225,1.0,0.5442274344292063,0.4733606807980305,25.11530073170943,15.488801187504713
SUB00965,11,7.7724780354327105,171.5969955271323,28.608115277436774,0.4033161486508553,0.32863981738522463,2.0,0.8579119398298187,1.0,0.20945614134014204,0.4205831112764382,19.001885917952567,19.21409707006739
SUB00965,12,9.06222014837137,117.06663664722439,23.829394997926556,0.3489895991587427,0.6227789761239794,1.0,0.9334227246078335,1.0,0.3456727476809708,0.5765762178492371,62.647253241228434,18.311639718224185
SUB00966,1,111.45263587927715,482.8378714106363,31.8436556427135,6.787613221054252,2.171395848637013,2.0,1.172185250258081,4.474723729172746,0.449391945951645,0.3092323281345115,280.0968910336706,21.248936222650507
SUB00966,2,122.497059833751,542.2285801796777,34.77374175811706,3.8716593687017316,3.286413606300254,1.0,1.0,4.447677774726117,0.40887756487964866,0.33825438782823897,604.3658506196276,21.97403436906245
SUB00966,3,129.20841462926046,427.5875910212249,40.45615300596425,6.927098351406393,3.2970641689693396,2.0,1.4554601731946761,4.779542994862144,0.28673058737601936,0.5723827315771154,712.7662902319339,8.773233683502742
SUB00966,4,110.83758160141397,340.83133889760046,31.112460669492123,6.310622416319846,2.2041624871992083,2.0,1.4700820138461523,4.727204299583786,0.3849304813531438,0.55859144090907,679.149822461563,18.756759495224138
SUB00966,5,119.65747261001933,396.77053141778663,47.45106856638438,5.488141951690262,2.2721773017084512,2.0,1.6821182274328346,4.6997066288757585,0.4486009373371529,0.36100211485750244,408.38326056366566,15.511106397368454
SUB00966,6,115.64387857569022,515.6886227819675,38.7866990364249,5.18767511553386,3.009088983535081,1.0,1.0,4.332899587103906,0.47646428980954847,0.38646973083366,800.5648176195206,12.495157982880105
SUB00966,7,125.91694160703865,299.5720127635841,36.17217870262031,7.776457638696687,2.8803222137810067,2.0,1.840339764340558,4.135299285459261,0.31687538972561713,0.27483156047254953,407.2608175262386,20.837376675548743
SUB00966,8,116.36003571743969,300.8771663871952,37.822390084806486,7.418412294804338,3.6388185531238344,1.0,1.0,4.549208311937529,0.6088114249285965,0.5715641608284769,846.9730634799722,22.318165999607782
SUB00966,9,127.84754542780922,297.1000930805568,40.210537492814495,5.603425214898763,3.311516771911633,1.0,1.0,4.546191892093167,0.584368167146023,0.5823517874488159,762.5488874989555,13.817886711768224
SUB00966,10,131.63648541851273,362.79611990762317,41.33485927610451,5.691237146478128,3.1604621608418695,2.0,1.2029391165358556,4.609878290731477,0.5437957287460039,0.4640753634732524,576.3229606845331,21.82418036845413
SUB00966,11,138.48108469408234,491.38796249342926,47.62246152956335,7.689884731862621,3.71402220489549,1.0,1.0,4.193825009788865,0.6116149055775558,0.5881905419610072,834.673902361425,10.044146593313258
SUB00966,12,121.98327941122908,501.6974178848446,36.20635344739888,6.9691993833554395,3.222984408137135,2.0,1.2117290480109053,4.1538747045765625,0.37590211825881914,0.26460279203617537,377.661207922136,27.33948542572058
SUB00967,1,1.9810463486021075,66.9346137258223,15.304885075597085,0.0,0.49421717036281465,1.0,1.0,1.0,0.1647721572699672,0.4063574116216077,8.303135218223316,23.610403124871596
SUB00967,2,0.0,6.480867106441881,12.826819751860965,0.20894636995212348,0.24236713970613633,1.0,1.0,1.0,0.46689729091979937,0.27476164453219276,1.0,27.21072629736357
SUB00967,3,0.0,11.361259196275327,20.979109496049418,0.1199081665425478,0.06677846410643923,1.0,1.0,1.0,0.1939781266641226,0.29025028180845885,1.0,21.682340048030394
SUB00967,4,0.30266618342258145,50.96317285756849,17.514386553231162,0.12754182105099976,0.336213382609717,1.0,1.0,1.0,0.28676609158558014,0.4849758520258323,1.0,18.688723220893113
SUB00967,5,0.0,46.949565237856255,23.772797628486128,0.33495229510081387,0.3785951668171627,1.0,1.0,1.0,0.5225692945710233,0.3323429850880858,1.0,23.267709958792842
SUB00967,6,0.0,116.23427716616598,18.731531082195172,0.0,0.24315712825251995,1.0,1.0,1.0,0.26053225175580674,0.2998239362930866,1.0,26.290711232181806
SUB00967,7,0.0,25.622645085702537,15.150686271993873,0.017731551391017397,0.3456468404989265,1.0,1.0,1.0,0.481384184849886,0.5883771229063166,1.0,12.921136497039253
SUB00967,8,0.0,49.84121372021161,10.229756038666004,0.1915107153682103,0.29387722625416435,1.0,1.0,1.0,0.3394615445568532,0.37065090319080773,1.0,10.862975768496149
SUB00967,9,0.0,55.06439608173092,24.881839696825832,0.14186080123573275,0.26477660171932105,1.0,1.0,1.0,0.5066995710110285,0.5839338577585556,1.0,20.109240528955517
SUB00967,10,0.0,80.59758184258015,23.608432043138443,0.2510077305576468,0.4607516398698488,1.0,1.0,1.0,0.36819752296210384,0.5394215206972045,1.0,25.84293304745026
SUB00967,11,0.0,91.7672070558275,18.050422995827972,0.29718126059632766,0.0001837018201333307,1.0,1.0,1.0,0.4618542615662321,0.49136378120519114,1.0,24.53891011102628
SUB00967,12,0.0,42.29879068018583,21.78089669054996,0.0,0.4880062164499194,1.0,1.0,1.0,0.23540796939469683,0.26010086045233977,1.0,9.483752289484366
SUB00968,1,124.28732513571808,255.48274782201474,44.6111892812228,0.5447772522967199,0.3458992017439468,1.0,1.0,3.4876248025149694,0.30282919562178834,0.5450336599845893,437.16207021335566,23.680278459114597
SUB00968,2,96.47316735306325,306.74934457638096,28.174480085016416,1.3059595902040488,0.944675233177122,2.0,1.3137217518902182,3.7847491706348566,0.3112194828471394,0.2823254265512808,349.4695035516165,22.08198083118975
SUB00968,3,115.8225836485632,191.20213354364446,32.51938763950044,0.25602984550987645,1.4008083758098908,1.0,1.0,3.4931004497712346,0.4518654683678265,0.49628912041188256,911.8111816408547,18.8661910011039
SUB00968,4,110.7004150655974,248.02544927009558,43.47971204661586,0.4969219021921355,1.294441032565171,2.0,1.1281594710715357,3.566571158033132,0.6252135729370959,0.4157039182275817,668.2569791973673,11.490640376222807
SUB00968,5,94.95920900436741,180.06670777575448,15.282195096047339,0.9842698741754972,0.9277017625918467,1.0,1.0,3.017512820172202,0.37949004158807176,0.30090103065322815,612.4425484902043,17.961777650187116
SUB00968,6,99.1929795263717,230.47114932646605,22.865491670066795,2.1021765504536956,0.22731543044360047,1.0,1.0,3.337422742488326,0.442459676021594,0.28748818751587757,240.52301582984728,16.117008652014324
SUB00968,7,93.86668545230967,138.10681443908433,25.460785793590443,0.07067663886885994,0.3528376705411777,2.0,1.7723300535884454,3.140379042515229,0.5007871969545025,0.588599691721839,540.3545035200918,18.714228023585992
SUB00968,8,105.85779088976919,227.51092067955932,34.78314194102667,0.68913301517886,1.0797078739519153,1.0,1.0,3.259561503544348,0.2725557380832573,0.43958466940885554,307.36704797033076,9.275329744890088
SUB00968,9,120.20152529963053,236.31430710761953,26.082724596106655,0.8951304661356927,0.3876752006618116,1.0,1.0,3.8156873756528222,0.28143415572301134,0.5765702284827804,284.5327490092294,16.865394885167746
SUB00968,10,91.87236907639911,220.5264826765126,42.96323807435168,0.4245871902365928,0.9366553962327675,2.0,1.8436198282810787,3.208996130322147,0.385335392484888,0.4327369733925226,350.15159573931135,8.006398037505889
SUB00968,11,98.18677880463576,241.29820557187415,15.899980723451387,2.153789755127056,0.05934673525349049,1.0,1.0,3.2779649757022673,0.5136532836626415,0.4157516341823802,744.8110683214634,12.623682758856027
SUB00968,12,108.1927527382206,282.8086981718089,41.873514016126094,0.43097067602131467,1.0498315003240006,1.0,1.0,3.918305212089167,0.4206677297434398,0.5965969458366693,523.5647153317927,10.124540599990112
SUB00969,1,31.628906037486825,355.8058860033311,31.412012655368848,11.591175493558097,6.473971121608191,1.0,1.0,2.2800229649294046,0.5453553840018162,0.5653387414473117,109.14428953372537,14.573043858154612
SUB00969,2,40.135841696141256,265.06163495492285,53.92569394475112,14.260114748728927,5.893261185331919,1.0,1.0,2.088282640686712,0.31942838229213133,0.2585686992801371,304.1313523080272,20.88513997686533
SUB00969,3,46.01509706373201,325.1018782661099,61.13457948772091,13.86726196269194,8.442808591671977,2.0,1.5505981300536065,2.2601125340122334,0.16322899439601207,0.42707253690230174,341.2396232161474,11.808561130040605
SUB00969,4,42.704683311546226,243.88025936328754,64.31804372999021,9.831255858799087,8.024394382383116,2.0,1.3362653730154659,2.4453041433028093,0.27246265729991925,0.29405128671060643,320.7886009059894,24.34193185023588
SUB00969,5,44.67432046166742,355.74596832998606,61.93311341626596,12.058315280818292,5.527637154626743,2.0,1.024249227734212,2.0975213728023987,0.39464361854961827,0.35049098614478175,126.6158560166517,12.720517908592615
SUB00969,6,33.97892631685696,249.20663568946827,32.005353289074804,14.381110171578545,6.055377121687261,2.0,1.467831724519131,2.7890916564414505,0.47736300709628,0.3650877920451362,100.0840508882688,20.869549575993965
SUB00969,7,51.48569386036031,400.44643526331896,60.62461284543049,12.398579296209972,6.746581060209623,2.0,1.4015518712355322,2.5699779557949123,0.5247051084518707,0.5867626946161613,192.58477099408466,25.902318943365124
SUB00969,8,53.00699820571242,326.4268522886232,55.77132240460682,14.525118335046612,7.9027288357986185,1.0,1.0,2.336778319464778,0.6116121812119357,0.45688553265525167,310.22716781640884,15.79655394305813
SUB00969,9,41.03707291233336,250.3889212105346,64.79889345978398,10.423780595381361,8.307595160282546,1.0,1.0,2.889110427790057,0.2883011862866719,0.31988243396744803,238.81246936427343,10.239651580036854
SUB00969,10,50.725610649829555,331.2659922500316,53.18375662216515,12.420316632687339,7.528753885513115,1.0,1.0,2.670615589551964,0.4476860996654872,0.3225477177191491,354.8348918841814,15.847898399747448
SUB00969,11,43.72954525509686,336.44321705991706,51.65944101639144,14.034696983152829,5.824065650444382,1.0,1.0,2.778577012630045,0.41053932642647706,0.3823471846112226,282.8112453068894,11.982047991509104
SUB00969,12,37.78101364968548,367.9766382171956,35.785249039216126,10.291691677541984,8.710017289018198,2.0,1.969033352868209,2.2317945095847342,0.18103091705945876,0.43859397320762705,94.56532107910986,16.168600054775485
SUB00970,1,9.270525578632741,1433.2667658822738,48.68229385896839,1.396187175445657,1.4310877552669719,1.0,1.0,1.6273454677739299,0.21135317539972567,0.42901724190339896,35.14446822243674,11.355032121724197
SUB00970,2,7.038014805054369,1670.1706664730655,72.38139934819114,1.3373049780611233,0.9778649108736042,1.0,1.0,1.9180944879988935,0.440298143727723,0.44193722479181174,25.309796413574773,18.37789973902992
SUB00970,3,0.6619034972790655,1588.7541387179313,44.192574623074144,0.9868273432628791,1.4263327617198023,1.0,1.0,1.4540211016560916,0.505975291506898,0.289539361551775,2.603928572164775,13.682971092573785
SUB00970,4,2.9466421147264876,1236.020901613677,53.55219816537675,0.0,1.3115664429779095,1.0,1.0,1.8338339339150176,0.4763421259642473,0.3181759660022814,12.973305236148713,22.237335087059407
SUB00970,5,5.850967212775823,1633.5729952445647,73.73159302047384,2.016407162954266,1.3811983075736485,1.0,1.0,1.9509668371753808,0.2399721093705079,0.4285757516935148,21.26829016295324,16.720406141145325
SUB00970,6,0.0,1762.1064386081414,53.125666428513036,0.0,0.7900915820206497,1.0,1.0,1.2573597019430327,0.27890205445352645,0.2961832844410536,1.0,9.030853772225173
SUB00970,7,5.302093094054262,1220.8526796491005,57.86694092611634,0.0,0.5596404108215929,1.0,1.0,1.5203547904278691,0.3720449346611332,0.38451321561275253,32.01188001240257,9.881413476792012
SUB00970,8,4.994093391166874,1543.3803401204693,51.287422176002806,0.7350204880618798,0.9104869670335289,1.0,1.0,1.4379515808111587,0.3960185035052073,0.5614544830487367,26.25343731805257,22.82664409144692
SUB00970,9,6.906497308623879,1436.9718733966736,45.0722722996758,1.7117268269793886,0.7617144368435906,1.0,1.0,1.4894080699895778,0.4527173417620888,0.5350454991822031,49.286790439452545,13.301917983460037
SUB00970,10,2.217416733417597,1677.5290412030818,49.322512503996236,0.4897261668391284,0.05445172362947165,1.0,1.0,1.6501708452116899,0.40857900992501683,0.4506297765121948,16.845665706076918,13.68755435866954
SUB00970,11,2.0002045317451493,1465.6045049812071,42.49332781606441,0.0,0.6848099502338418,1.0,1.0,1.039176207556571,0.20665717527718286,0.5315682318814818,6.625278184420573,9.855409602399817
SUB00970,12,6.2345624770628465,1567.2236844220622,75.95321094548103,1.2801865516386908,0.7459542786821483,1.0,1.0,1.9559959594982308,0.1664254299648064,0.3122436917961975,29.192748157002228,19.146468398338396
SUB00971,1,70.64912562500587,767.9516935774127,65.01130479291879,2.5802909784428536,1.9889519518836711,3.0,3.0,3.7313322073012722,0.5702628986832147,0.33829484951126293,483.89270914817087,9.280334278890109
SUB00971,2,80.94938233473218,588.7198565228009,93.98911175598124,4.188941708364261,2.339345212931013,4.0,3.447658727584529,3.944245148787295,0.5834847771001598,0.2649173884575638,511.3166509329305,26.06832606770112
SUB00971,3,63.65782492798328,679.7356339057773,97.64108489903879,3.0797828138730203,1.6247791154654632,4.0,2.6012163497400147,3.9610722270226515,0.42701647690351163,0.26157050612433064,144.86883563901483,10.652268677778748
SUB00971,4,57.712322251131695,504.50354105099206,84.79271587862189,4.26484380966375,1.6958872505262856,5.0,3.0873554685487417,3.213123961991895,0.2813735913731626,0.551150342115136,132.86525793908075,9.752385524546987
SUB00971,5,70.17471577230872,684.2849877236397,89.13577214740398,5.055272124620866,1.9978133991939075,4.0,2.5760403375781826,3.561233976806254,0.61009169698999,0.4487166506521445,448.6025065016907,20.186865417961343
SUB00971,6,59.95743988325583,647.3373312412851,101.75729684278852,3.421438917915563,3.0857663217678164,3.0,2.5560418417767514,3.8660313066256284,0.5295367812425859,0.3907214136860494,152.21833676969678,22.385709469981016
SUB00971,7,56.813745512296116,704.81972738823,62.06135868397382,4.342796362722991,2.855232850236873,3.0,2.691942170960585,3.0998588285191886,0.34409227116478514,0.5716784016304247,428.44903556722556,25.973435341653442
SUB00971,8,79.06410086134635,510.38964981338916,75.70409280077894,3.8916215725996866,2.9356691570281663,5.0,3.168441932455426,3.530002327609111,0.5833210652017033,0.5247734778219183,607.5689998069096,20.949938864419032
SUB00971,9,61.466749552434635,779.208694646791,96.52117033388728,5.13104658469617,1.833889703324133,4.0,2.6755399514821763,3.272560398861107,0.3680545395262117,0.49162576584031936,195.3505144437955,15.348546870576973
SUB00971,10,81.63364535064332,504.1214567713846,64.89328338987221,4.171282150500797,1.848554456464,5.0,3.4673897018861237,3.043722015150462,0.5473264708301911,0.4810231583452797,280.4332645248424,8.898754626843806
SUB00971,11,77.23043836203607,492.7917438178676,115.82711327997559,2.702359397338816,2.043038508260977,5.0,3.1739520355680173,3.7867097149537137,0.46467063244262086,0.5814953543496777,455.6551801184631,24.313592234490148
SUB00971,12,83.96622469541155,827.3902216683381,79.06635652794004,3.8326210961919167,2.5536241343417645,3.0,3.0,3.6227017397835803,0.47524889464032527,0.5834567668492963,508.40704917855464,19.40039335584767
SUB00972,1,6.141080446316818,70.18784825934691,19.05887914503651,0.20340520784240032,0.23196489078867166,2.0,0.5417089956695896,1.0,0.37467663746577984,0.39885943861865125,46.11600031524639,27.907176443700273
SUB00972,2,4.716911946288021,113.75134792043401,26.11439769834627,0.6541644500053475,0.748770258767791,1.0,0.9433055338108147,1.0,0.33665057699292067,0.5915944928417014,33.40083339106821,15.455040811261018
SUB00972,3,6.709922661043955,120.4494737418767,27.914868972718963,0.0,0.09885173603992192,2.0,0.5910839170911398,1.0,0.3137455534115471,0.3815394335004812,20.68909540808534,12.05019270192151
SUB00972,4,2.3841247634513243,126.64763701435997,26.69341184471476,0.14355346991670737,0.755825920922799,1.0,0.5039546520086344,1.0,0.36102895676813385,0.5884742077442899,6.174507607064587,16.281199282687908
SUB00972,5,4.531485907012302,100.43869434724934,20.93307151666322,1.0160710667675619,0.4657896546787349,1.0,0.7287357182688797,1.0,0.18200874999169878,0.39320717282341877,22.77807019237275,16.844384382897527
SUB00972,6,6.263323349092466,169.02640114316046,37.93640878760036,0.7520910058392196,0.8210844921650582,1.0,0.8608269162041537,1.0,0.4243423212719093,0.5038885760240774,37.87162912668674,13.187836416464686
SUB00972,7,6.700776896396282,120.99667323379254,21.92910359887678,0.12435812690009862,0.041328042667363785,1.0,0.6728044426216655,1.0,0.5262933008471459,0.5293407572432095,45.45803129362283,8.159890646956883
SUB00972,8,6.447486076672075,93.94888902006797,21.64913848201459,1.0273284059679435,0.7664511661515009,1.0,0.8831428100239311,1.0,0.39563958557938445,0.2958388936634424,33.7507898413318,22.40610524237062
SUB00972,9,9.454100943350886,137.31533549990885,15.669288364209564,0.19569312668603067,0.04880066099781166,2.0,0.883486415241427,1.0,0.24250446425893704,0.5923391104934589,48.30895898530044,9.23748181842868
SUB00972,10,10.574708814359694,110.948641830911,29.727726574939506,0.0,0.5832021514756973,2.0,0.7655182217340295,1.0,0.27582853645203104,0.46367212447687545,52.13629898791819,21.84350019373732
SUB00972,11,3.2203362781727525,99.43306075291926,33.1110577185367,0.24108800992222146,0.7497662285315699,1.0,0.6883713365942733,1.0,0.2095543740241707,0.3695302947081185,9.204602158602947,14.080734124779301
SUB00972,12,10.389808385676918,85.39839574966268,41.950835822176515,0.7693660464146772,0.6371210664064905,2.0,0.6191352116056736,1.0,0.45044567639987565,0.37148174167189096,37.128932371522886,21.10869867648915
SUB00973,1,130.41619104081101,471.5605516369542,31.6136602019551,5.49402128573607,2.4876363585018297,2.0,1.0006976556647842,4.651750441066005,0.6307800328468789,0.2526677974532587,429.0141327537049,18.429415150172893
SUB00973,2,140.2136454890766,457.52095564343136,32.52793667220373,6.863103104326347,2.393471624962068,1.0,1.0,4.912494984025189,0.4190545069897167,0.2583372640878209,948.2355873957356,22.536894107800116
SUB00973,3,122.32425698042428,489.82111241953976,37.67978933565468,6.236293496653776,3.2405741197664364,2.0,1.029782374667978,4.443931518116723,0.28768594746130055,0.2763359178242304,785.7592449314776,13.299470100995196
SUB00973,4,132.63008976793324,479.31482922743334,32.39289261854104,5.776423374101328,2.778722048568497,1.0,1.0,4.824159746163601,0.29336531805756083,0.4478503764581018,271.3980386975637,16.486709746932746
SUB00973,5,128.876751297688,528.90462983105,50.6714969111972,6.791303142763832,3.981583769685953,2.0,1.482112900933143,4.558235180840951,0.6070221846462389,0.5836245239136805,361.84665947694793,10.326851197222348
SUB00973,6,135.73264030730678,329.94069287789836,34.767049703046325,4.1336040787501585,2.3106811386457675,2.0,1.711759326866179,4.158916478060649,0.6359314966456432,0.39075120469778113,390.74153462165134,20.764000404664284
SUB00973,7,114.86754054172776,458.66191972176796,30.79951338552899,5.521636747982453,2.908349559094001,1.0,1.0,4.26102041395183,0.5516325449666596,0.4813672641451931,335.58154887950707,15.939968430933328
SUB00973,8,130.56618571341386,516.2824893214157,36.95565497444429,5.262632536350718,3.6841652806733935,1.0,1.0,4.950382175181367,0.34338891931464366,0.48385828603397624,573.3008110307445,24.538548040270168
SUB00973,9,140.72535243864604,451.34832694297717,40.24040447244601,5.5243344614817005,3.0186387010061306,2.0,1.6842954427033794,4.601198962320788,0.3576621850878914,0.3518780514365192,614.9841989333667,20.49785753184727
SUB00973,10,129.3385273190407,521.168626719568,52.91812469256048,4.092071798375136,3.731766124348581,2.0,1.4038962218745041,4.163813603115695,0.3586503773135009,0.48210616616079494,476.12249676553324,27.479001338049937
SUB00973,11,128.54339668707317,350.45282923316927,33.848590373829985,4.412522445134174,2.0239739763173827,1.0,1.0,4.605055384668843,0.5713948623078227,0.2938682146620534,497.0315717352758,16.822051284082153
SUB00973,12,140.7358680767385,385.70818174996657,49.5325517596971,8.048503295046999,3.0644204363622736,1.0,1.0,4.295462399946287,0.3451910019732176,0.3560164624624098,527.4886245555927,13.202127761003666
SUB00974,1,1.3854329755462234,51.782304655175025,15.397002617532362,0.0,0.21800102370704466,1.0,1.0,1.0,0.536175632535659,0.32135535223533873,5.441989856255128,22.873683653396323
SUB00974,2,0.29410890573466286,0.0,10.96502926565375,0.14311148415366337,0.38621236679501775,1.0,1.0,1.0,0.20807993660580962,0.3299956026576566,1.00500929804002,22.45082447652528
SUB00974,3,1.1412443495001583,57.3141884467128,5.899722338474847,0.38168394554874036,0.050354964413661274,1.0,1.0,1.0,0.26418642476761656,0.41096669545910336,2.481109063709372,21.95383802802197
SUB00974,4,0.8075690365031891,39.43777936857045,22.081753374370194,0.025910582785163817,0.03346855433085594,1.0,1.0,1.0,0.2627734471436777,0.2542408697768962,5.111198224120006,25.135737919633698
SUB00974,5,2.3941576079018123,23.45711383425445,6.551855792932681,0.17273960280831185,0.2881627709020014,1.0,1.0,1.0,0.3018945433428098,0.27528695826943433,7.864314914491141,20.277553907826174
SUB00974,6,3.3141192484988684,54.77882529758378,18.84526585180481,0.3792962418600947,0.1603570605298063,1.0,1.0,1.0,0.5384424625861676,0.507948105413029,17.797131596679836,23.255474417488863
SUB00974,7,2.406445020705113,47.519631256308685,6.7917982316481895,0.2855510739449151,0.02749680696254647,1.0,1.0,1.0,0.20360570504773817,0.5700664768943571,8.920689061340061,25.04802010097399
SUB00974,8,0.3659841495322335,8.263474340983123,18.080718757966558,0.079953699336106,0.49432552791397416,1.0,1.0,1.0,0.5398335798993109,0.3592557756062684,1.0,23.542734978755483
SUB00974,9,2.23744903562342,35.6296863868252,7.625624294111029,0.1647362390714984,0.017758981436445553,1.0,1.0,1.0,0.5194912920967895,0.5101254092092955,12.300492087641041,15.440031110371411
SUB00974,10,2.3980345795460845,13.670452935199066,19.588251769631107,0.03565248110763536,0.442579468900663,1.0,1.0,1.0,0.2491224604122965,0.4647810278992497,18.73738269821159,15.951513941739206
SUB00974,11,2.155639495964604,58.45207434484958,5.649737613446321,0.07808000571032642,0.26504012074066713,1.0,1.0,1.0,0.29167038087029507,0.48640520379192764,14.003593470946251,18.704339890787868
SUB00974,12,3.5176814006359045,14.234350033603732,10.67475247814654,0.22309410634106638,0.21802271751036234,1.0,1.0,1.0,0.5493323357496255,0.39127406915380614,27.27267265646433,18.25352021456076
SUB00975,1,108.70581258054979,293.4662677195466,20.20306344007397,1.8807739435507025,0.3463961728759047,1.0,1.0,3.9157089746435685,0.47369553476706194,0.49718788639070477,590.6119966405679,17.974650336420204
SUB00975,2,115.21403981906721,221.95292602054522,40.830668253406536,1.5877141957098277,0.7040674130377276,1.0,1.0,3.6508063835463167,0.47223294276182304,0.48344846888609605,657.5784366728435,16.234524053894273
SUB00975,3,117.01327589624036,308.29407528746805,24.434570807502134,1.4480907040205935,0.7857924623759625,1.0,1.0,3.4486921542438367,0.2864260128489011,0.4556095845729999,889.1406780030967,18.042754908775024
SUB00975,4,110.39704890009357,257.0933523794167,29.734470170894994,0.8014253549400727,1.0418695186545657,2.0,1.2961711150229327,3.143963300799414,0.3271537020081571,0.41108466720614534,652.8413530949992,24.842562657771907
SUB00975,5,109.49740230728374,219.15907682765408,15.984973011512842,1.1194721833098036,0.6554355162297136,1.0,1.0,3.5934787335028218,0.5629519711638105,0.3034199004012827,536.8262386446569,26.532622609076558
SUB00975,6,111.78884762058975,283.02044717121953,30.492861825780576,0.5859745989432523,0.5089799591214752,2.0,1.2036763046638468,3.464016851403534,0.5532985877364083,0.5757328723667609,866.1506523361282,18.89016140010325
SUB00975,7,122.58327699593498,164.34263940675183,44.54642576393569,0.20065679545088866,0.9944988000774577,1.0,1.0,3.475600740180265,0.6015210227955483,0.2710003629470623,406.21716237783335,18.54307332712988
SUB00975,8,99.64282600524147,181.3409285637714,33.612548625021226,0.6399210023103058,0.35185305767172903,2.0,1.5490355495867698,3.745022346899445,0.49909100865642864,0.5485695806562942,522.8696503736073,8.368907377457706
SUB00975,9,113.05765607549546,238.20138367441857,42.714229253297496,1.0465123002191916,1.4506480203623335,1.0,1.0,3.1174935416675154,0.596747507190786,0.5951335295632586,877.7356036287214,13.74687278416231
SUB00975,10,113.07796760613759,182.27382239131714,41.8857855690278,0.0,1.0246568761380879,2.0,1.873267500477018,3.487818102066579,0.29121140465587425,0.5276920944878356,887.7165523003503,21.127461564014688
SUB00975,11,122.25171062653867,103.85023835346605,18.923583357919714,0.9942787052537789,0.25301164660608383,1.0,1.0,3.9659032379862427,0.4319563355142494,0.5587513633593032,962.4321367595574,19.928463203912848
SUB00975,12,123.9835596957189,191.75920391943734,26.881299221394137,0.5538807669748006,0.7239469871767493,2.0,1.8304707824510442,3.7286424076792057,0.39992062754816393,0.4941400219143819,702.3770275549826,19.30843218363473
SUB00976,1,37.654603250751684,294.2794739430176,52.481892960056044,10.392103891046387,6.85652149076272,1.0,1.0,2.6248894425219347,0.2253779994655134,0.4800086801478366,291.25745194717996,24.13198130955585
SUB00976,2,41.60824961791358,282.88782091779115,54.203166144386614,15.376836005886727,5.420765556459372,2.0,1.1506510047926164,2.9229829051087073,0.30298060925302106,0.5677273792434642,229.95862895906916,8.902535071626346
SUB00976,3,35.54995707076155,272.5691949726644,39.45433696006015,15.779593583650325,6.200166411772008,1.0,1.0,2.9791711165121235,0.4905944750452037,0.35515952655860983,77.50855570615762,9.386057367575885
SUB00976,4,29.939573007504823,239.3377776650676,64.48524842450794,13.695359005848587,5.9336507848299895,2.0,1.9804705053537166,2.695164894005114,0.3841138357622761,0.39183712746015426,146.77019154178066,27.148143548548763
SUB00976,5,37.502158382349805,293.4904619539423,41.39970921522615,10.904331219295672,6.052982104029756,2.0,1.4473677739144248,2.2937999950680252,0.37395394528697046,0.2939104080757358,137.15324156054615,16.985535053183508
SUB00976,6,28.628939035376455,365.18964891157117,40.89229971439127,9.843882999989253,8.422322077019436,1.0,1.0,2.4340422049105053,0.35840336434792563,0.3517213579834078,130.59783341121602,13.590182768550491
SUB00976,7,26.837144553850216,308.14001265389726,48.18953572355275,12.962368976005958,7.818229794300709,1.0,1.0,2.1921863352218276,0.390477281001018,0.5285611623397545,95.7495498634255,16.341694363324603
SUB00976,8,28.703124546829205,309.73724988580966,49.30982348964328,9.439322125052952,6.782535013004821,2.0,1.042577491516489,2.3782307478953357,0.1752093664750749,0.402690658560918,61.64541756344407,25.15533156527998
SUB00976,9,26.452071055357727,332.1042942032498,57.44866200615361,11.380887183726527,5.104236596614528,2.0,1.9350096600402513,2.6474377148934525,0.20154878258461065,0.38866523614866827,181.30356735603473,16.586776460487435
SUB00976,10,34.883930052521286,291.9703201415997,36.990482536213605,12.143272306274781,7.317143325242412,1.0,1.0,2.7293093300433737,0.47621388977776147,0.5845010177146758,144.41929081629885,10.572510115308377
SUB00976,11,32.05175162011653,394.111238714517,42.69348742788897,11.655498321466718,8.474302715259675,2.0,1.2916337315231954,2.1039155096074422,0.23900403470241707,0.5304275832170864,218.78824000595316,14.881408550190065
SUB00976,12,24.746348393270825,291.87674934493435,42.150922962741205,14.18040445764833,6.844349432449336,1.0,1.0,2.6608854885006146,0.5249353729976365,0.41491605279569005,135.8794439753366,11.832715812046798
SUB00977,1,2.0870763445248377,1729.7151713254893,60.14369669621456,2.465607386699575,1.1348909637484121,1.0,1.0,1.641936564442844,0.39757950863068087,0.4524785552147961,11.383169837173744,9.47796838983114
SUB00977,2,3.2212844944143173,1261.991329920434,59.87505101598461,1.3136325604052992,0.6374759387744867,1.0,1.0,1.8894987752498027,0.22675945461174146,0.5022470936995422,21.358682694187454,12.43949683702282
SUB00977,3,5.753930337102595,1759.19708598985,50.49270432217316,2.5678080855992436,1.3561165469168324,1.0,1.0,1.1669462200795118,0.1906499873364355,0.5881605942843584,15.02411272698359,18.538986555910363
SUB00977,4,6.942743096532004,1397.611498133282,45.30195483016466,1.9433029523032452,0.6999978659141525,1.0,1.0,1.718067251151109,0.5284866952677515,0.5946507104440032,47.754429963121005,10.472299027860194
SUB00977,5,7.529848698348028,1621.9788459470392,72.92468895755377,2.6655762074965836,1.478245301537176,1.0,1.0,1.9851888084770446,0.4977233232716606,0.3118325765987154,22.90497121137528,12.551855431810933
SUB00977,6,6.216381653321195,1252.9807140309397,74.69619661404585,2.3974949589169188,0.6611869235345653,1.0,1.0,1.1472642288985264,0.2772603889489599,0.551254462674333,37.12047601994513,13.438624030657069
SUB00977,7,0.03511495845190482,1427.4860043220408,50.19806189791929,2.781857053764682,1.4239948951952124,1.0,1.0,1.120414141144869,0.31982696044253955,0.3464031097371043,1.0,21.971977237912835
SUB00977,8,0.8373191787794072,1608.4754983508847,67.5482683919611,1.5210778257981004,0.6905911378938712,1.0,1.0,1.895143679549583,0.19807091215328115,0.35871240211113226,3.014312781300549,15.95979496447736
SUB00977,9,8.75602001546325,1555.889014459379,78.25041314244552,2.1602314392085185,0.4431878371343054,1.0,1.0,1.3541553572567213,0.5074138184980383,0.38237502601452383,59.131751778563206,11.452093393989482
SUB00977,10,0.8762665345402314,1777.9489370473837,78.19069617930379,1.4852416626615674,0.5268986145492168,1.0,1.0,1.3927075677360832,0.1852072010686061,0.48509079692417517,3.186840817551475,18.64520619012442
SUB00977,11,5.337884556780958,1470.395084717703,61.6410483352786,2.6625893415408295,0.41887808269658017,1.0,1.0,1.4471642752503011,0.5110656066417404,0.34086051379783167,33.89805397121643,24.264600044604588
SUB00977,12,7.218630728041465,1540.196808814107,65.35488374701643,1.4805504770961566,0.22957490064307368,1.0,1.0,1.2044945955959943,0.2095961427903788,0.5904815206493367,53.609651832638384,26.003172604471715
SUB00978,1,50.123565580727806,483.106859679885,78.83770279709685,2.4918993796367617,3.2085308177231955,4.0,2.856929808730053,3.21337252172635,0.2915192272974334,0.5844617570029291,293.8151490909239,8.766003336007802
SUB00978,2,51.34003790868813,597.2813316661898,116.38193281598647,2.860635346277394,1.6836151728445563,3.0,3.0,3.145118493533951,0.3335019299300484,0.2644212557972085,317.5990395927349,27.717893025917686
SUB00978,3,54.135643098875626,631.1038493686777,99.12983515981576,3.7510768000303045,1.779301764765493,5.0,3.3142169751236343,3.8430080023471085,0.5347218636227403,0.5216867995882821,253.47650559896073,12.486534710227714
SUB00978,4,69.71698386331246,474.188710921667,97.888623844272,4.411955071196036,2.8162013862165836,5.0,2.576619144486398,3.3282924838343027,0.5922714846934966,0.5435930062156773,493.4292738969425,21.0963416139895
SUB00978,5,65.93901095720365,626.236871883968,75.09239943502595,4.591385122212927,3.005949252678458,4.0,2.568863604744545,3.0740867889045975,0.4493989433704231,0.40728858308153965,342.37076226809944,17.765429630193832
SUB00978,6,71.98551630277883,727.7278308758351,92.49153581314323,3.394538352627833,2.52494206571596,4.0,2.7141585045214622,3.825037445779145,0.5912881340784628,0.42692987126508597,222.45438729005494,23.57262108961159
SUB00978,7,64.42143752989385,571.3741801886384,67.18914577133856,2.7923111490581793,2.977820822341476,4.0,3.2384396487147717,3.5302249574220133,0.4897347133496711,0.4006638463133673,306.1537211015202,18.367299165760222
SUB00978,8,46.68922998591613,589.270673256979,64.34702580326712,4.480290097263253,3.3646281732107273,4.0,2.615482842066991,3.7450281142844624,0.29141606841043377,0.42088922626383685,207.96675337301502,8.993536044596192
SUB00978,9,66.60881063277048,681.9526468286587,101.81185967628963,2.7909443627385597,3.073712305452177,5.0,2.9012409145843954,3.9884704382818623,0.33641838456635675,0.5001365470341532,467.05089128925056,26.89568657694824
SUB00978,10,73.13358172765915,804.5800895477188,115.85815481754585,2.925842705780815,2.368631510497411,5.0,3.196623633487373,3.78678488662093,0.6292052339216765,0.39289774141516076,545.4922913344146,14.686741253142142
SUB00978,11,67.80902438484208,694.6300311775896,61.85838129948536,3.8505725612492605,2.7556479267729155,3.0,3.0,3.969962671217119,0.41771147797381103,0.543314166770726,497.57956189961783,21.5374717796795
SUB00978,12,45.67532482223508,775.8454428761464,64.02799513867282,2.014528869726319,2.409724899250822,5.0,2.8074359097552017,3.6167951025650273,0.32701339945940056,0.4112296647982605,321.9352134425573,22.807170909131294
SUB00979,1,4.468062531166194,188.62404251003315,41.49955671686551,0.34622409848674524,0.5043924909390899,2.0,0.9844168386896497,1.0,0.4689565912762339,0.4724331944447421,23.018935042699137,14.990678245079806
SUB00979,2,9.663611541344846,97.2475156145933,31.76787825709926,1.102142309629071,0.48807560999481503,1.0,0.7981475097331082,1.0,0.5106250742796778,0.41878498183353824,24.316590096566276,11.536663105122821
SUB00979,3,7.381145394204319,152.0420199804596,17.986599559640545,0.7342985046223326,0.6583114760780128,2.0,0.5620966090527684,1.0,0.20182857240351465,0.38163276256756445,31.912362992629745,23.802594655336968
SUB00979,4,5.842720772293468,91.93704714010364,35.85776532125642,0.9615368315125541,0.8973285102917504,2.0,0.8804911938616491,1.0,0.289463940923046,0.46390255969105154,29.900669989829353,27.385394891166296
SUB00979,5,5.674154013709641,89.76718195444434,25.956648535050515,1.0919948781339137,0.6647180761807011,2.0,0.8357361839952683,1.0,0.4400857300959481,0.4325454819047641,37.16395325110449,15.10426425546923
SUB00979,6,7.226381020998533,103.92489636913268,25.852772700093176,1.4546692002014199,0.22843876634433358,2.0,0.5392678054702034,1.0,0.29331951879433016,0.39083720368995206,34.25747676318597,26.077743381808368
SUB00979,7,11.210898128247392,153.74574228630848,15.24176057351652,0.3671392992332293,0.3911172732112228,2.0,0.6158529751087443,1.0,0.381284007854681,0.2584114940788612,23.807339629231873,11.080969215250963
SUB00979,8,5.5030478780803485,139.10676141254353,39.936437078230924,0.0,0.21596466584971552,1.0,0.8813935243899649,1.0,0.229261127621184,0.36633277289429655,15.565800967888872,10.73071509938558
SUB00979,9,8.040230012605852,154.98351115579393,17.411539914330113,0.27293476064221966,0.3350237352405925,2.0,0.5974466507451267,1.0,0.17051193169636608,0.33010686792108623,17.884608839480443,10.855699059252895
SUB00979,10,13.746381756376463,95.87445459781385,32.675112499733984,0.8720792776221605,0.7987501100078134,2.0,0.5505459855373704,1.0,0.344493303035571,0.3491638143050151,105.9089634898898,12.498418728560376
SUB00979,11,4.995649838357102,42.303760967267635,28.963783035769918,1.424769151060813,0.8000341450510252,1.0,0.6347859233156887,1.0,0.37652503819514993,0.4881705273583962,15.33048477073835,19.31486014513222
SUB00979,12,9.306583998858226,132.3771755177993,21.06953057544903,1.6670844175251065,0.07784560724084721,2.0,0.6546650792503441,1.0,0.43093951484628423,0.49336384004265377,42.906511278008246,16.34913450925357
SUB00980,1,120.61254279795556,395.6631870322086,39.19766702682345,4.083797348786539,2.2609646795973006,2.0,1.592975473495147,4.130282426762658,0.48218668738323667,0.5292097114435674,770.0407886648302,27.75613472712676
SUB00980,2,130.55050619512306,513.7481860251415,46.52052464418958,7.153127898648522,3.1697205328160374,2.0,1.6535728983678968,4.597401514597602,0.2511130671659492,0.3897044924212621,757.1314074633974,19.53888697670157
SUB00980,3,126.81839670656055,451.72972602985834,35.92328631546759,6.645870012376438,2.1304907133786246,2.0,1.391280965797975,4.92156176860034,0.3070180672885696,0.3486950213318827,565.311176218015,11.882235358830568
SUB00980,4,116.78455645781209,414.861932910707,35.10941561446399,6.949707956856576,3.561669110739123,2.0,1.4494635852098547,4.750740639869276,0.48189823930721587,0.5343807770301625,881.3694232792271,23.345211746876465
SUB00980,5,131.28157191749187,493.4911082254918,49.96535988974175,6.030292467146794,2.843500620792338,1.0,1.0,4.886496653127788,0.6230807424950506,0.4293707757893856,537.354724656782,23.58122975249111
SUB00980,6,111.88225616264934,496.2938104930572,32.94675580625476,5.622001988098532,2.739575844181529,1.0,1.0,4.946049829240953,0.31024320261849014,0.2525785145219712,668.9865808073383,22.704013048665537
SUB00980,7,128.36193621302988,529.6086632661702,50.5938853705344,6.956106392915126,3.928004883902,1.0,1.0,4.298255168565429,0.3310552012064748,0.4643778253613078,906.1154137032446,15.976731109403353
SUB00980,8,108.86761687576494,508.92695799080957,35.280721595463746,5.2741760208805095,3.948136333280282,2.0,1.2114449637469629,4.04142195238476,0.37803463048614605,0.5446838724236056,613.8577181392445,25.671909387920483
SUB00980,9,136.07931031791756,304.7630470941096,50.00275426837683,7.441672808674012,2.829611740356852,1.0,1.0,4.133696227639948,0.32563802017640864,0.32270619527376293,881.1674117191062,21.291816729370005
SUB00980,10,128.3500207507972,514.4991704679231,39.07505497886388,6.15187305621948,3.876771344978619,1.0,1.0,4.016304379889714,0.2983982404869655,0.3713825591261517,539.0691907472975,10.79702637169203
SUB00980,11,111.26836142731737,414.4619747481936,30.680093999050086,5.229433750963479,3.925871845593255,2.0,1.2610277992332706,4.7125412891196685,0.3179186120900682,0.31884119825512347,562.9435933830415,16.407570972011833
SUB00980,12,128.7936473528118,508.4041802444212,46.84280767733992,6.629662397061218,2.7795962139695716,1.0,1.0,4.092620182737613,0.404593452009236,0.3318435138134218,327.42678280536296,18.471822134280057
SUB00981,1,1.0030124354130894,85.04652399093028,17.62704504766683,0.15812431596182697,0.40177718203940554,1.0,1.0,1.0,0.4841673336918154,0.3199229007466484,6.6573103577951445,21.45272958301532
SUB00981,2,1.3686457312929423,51.8543841303626,6.329793008457609,0.3614464591966564,0.024653070894736506,1.0,1.0,1.0,0.20038141428882916,0.4903142088795415,4.684446885885493,17.225831992026635
SUB00981,3,3.4579247807754916,40.18386677945925,8.19182549127776,0.05191945383391086,0.1941690751073566,1.0,1.0,1.0,0.2935222838766138,0.4338786121587005,19.68425953029117,15.209587952591699
SUB00981,4,2.3511719879589306,59.270457369551714,16.86431983942759,0.6486249906749213,0.13862604185246408,1.0,1.0,1.0,0.40835175706518156,0.5606562304947732,4.839584519223087,11.49947851760515
SUB00981,5,2.9830673341304696,57.22453211133316,6.682525064260454,0.2578570903923484,0.1380359393428624,1.0,1.0,1.0,0.2782248179906519,0.39907827775824334,10.799138034840306,12.326987954724364
SUB00981,6,1.6286451142929619,60.5639577921968,10.52764327003139,0.9553633876028884,0.11740877676556438,1.0,1.0,1.0,0.17865544741168046,0.2667482638167409,5.247359637784171,9.85374317065499
SUB00981,7,1.736808749644307,63.055366744737285,8.548299820461608,0.6486030319201419,0.36408086690203534,1.0,1.0,1.0,0.16226233628311681,0.32251737661561924,10.486276360958197,13.082671100007358
SUB00981,8,2.2169681090290627,55.59046434130293,14.79990156792538,0.7408222174228565,0.060289070111209264,1.0,1.0,1.0,0.15902918638413563,0.45868284250985736,8.061272473909163,23.801915543525404
SUB00981,9,3.333138016752013,76.92015166055035,19.353776350056304,0.6053246287988169,0.24080469509629,1.0,1.0,1.0,0.46023827509345383,0.5964486202356297,16.652192621202367,9.064350950217019
SUB00981,10,4.446114982994592,83.65118856637609,10.21726561287882,0.8539969073090045,0.33104225612786775,1.0,1.0,1.0,0.27879127382054386,0.44834510042007447,11.913099697278765,15.53820374521178
SUB00981,11,1.5993207411725254,65.06457640374683,14.583780173418031,1.0003650233484387,0.14407226565345044,1.0,1.0,1.0,0.2689517472283346,0.33246026979107374,7.462433166697613,16.849687136328033
SUB00981,12,3.8644391359905907,68.70171772619159,23.05495790751286,1.3444036241155617,0.1545872673066095,1.0,1.0,1.0,0.3420454160614601,0.33573861760676105,10.691316660180606,12.176339532862308
SUB00982,1,101.4302224562573,200.86497344240712,19.04740513695286,1.771452785149467,0.3068416086364505,2.0,1.6083656659120171,3.081364773601656,0.3728382239742367,0.513267564221328,656.3021579761208,11.19576154018707
SUB00982,2,114.84621879631642,213.46120722919204,38.33140252955318,0.8717370156685834,0.6972541221473386,1.0,1.0,3.2313141666904714,0.5986740558125305,0.5276359774918288,761.5440714410083,25.438998457950515
SUB00982,3,107.69589813976265,207.8871388807899,43.85769051504349,0.4504946531773774,1.3059343045969878,1.0,1.0,3.8223870766264154,0.36851889860353637,0.5040804057042741,567.2345078605642,9.113796537683262
SUB00982,4,122.80752749265646,260.7778278181457,25.519815753938285,0.9391813209631739,1.1518600502954328,2.0,1.2224884548854478,3.9712215310239576,0.5639702139504229,0.4818902713887468,660.723844262274,21.194003674902294
SUB00982,5,125.48705656957141,177.34679164033227,21.457500025373104,1.5934144788284734,0.8713167755286186,1.0,1.0,3.0195529510319874,0.29055471644330266,0.3263587365970051,388.2990648119507,16.77888651997101
SUB00982,6,126.60301106441997,223.1139572237298,36.21003338171592,1.685342609349277,1.2890492123495834,2.0,1.089007652554824,3.7129759816410006,0.35796764026580086,0.5008174294634671,528.9026386190923,27.076303096225775
SUB00982,7,115.46757994244197,303.6314604391112,29.992717618726623,2.07264917347834,0.24659199901125978,2.0,1.1369920421183068,3.3062382826822008,0.34925623682464024,0.4413627923905182,390.5659911617527,21.124497849393258
SUB00982,8,112.94332974133224,255.103191803277,43.664832847396404,1.3975001636415914,0.159646310589456,2.0,1.3362161153610397,3.7505397948428403,0.3565402770554351,0.4189457730276198,782.7495387712474,9.633187820714658
SUB00982,9,115.06879808589557,150.1670672853457,32.456538262945784,0.7023782222084278,0.6533357104793249,2.0,1.3902999668052802,3.8630455131697206,0.3308160322015531,0.4475250119772054,854.933095319524,22.80176792015311
SUB00982,10,114.06771178713747,240.93886036296666,18.304110838468745,1.0523298740200722,0.17140395679640913,1.0,1.0,3.8543130762080313,0.6446519523884152,0.5579812224631746,365.37123539586804,24.982350682001886
SUB00982,11,119.7528450427034,293.9621687838913,21.132681209036818,1.148602575566781,0.22127377054088726,2.0,1.1360594731487101,3.5687752435966904,0.38795807102512536,0.3164555380813213,492.99805562148043,10.865735032322537
SUB00982,12,120.49264078285863,328.2012218811563,30.18225421562022,0.5624705312330887,1.3242606096236322,2.0,1.3249132756313176,3.95239612973632,0.5097154952941333,0.37781142818576663,520.7799168145499,23.193525700596503
SUB00983,1,37.523906425025366,342.43498084986703,51.680292772197205,13.829373330181827,7.7390797747365525,1.0,1.0,2.9957370452210754,0.37168218824385113,0.28561982555380294,287.92826258158385,16.25758467026516
SUB00983,2,34.22256918155629,347.3353253926982,64.83212297834999,13.298960264725983,8.887445083810606,2.0,1.638921343665904,2.336083322348019,0.4043668850237311,0.4716091013495165,217.61043470981932,10.968705167691102
SUB00983,3,39.126740756910166,302.3092610461223,58.39893308676616,15.448362839149107,5.49510257940195,2.0,1.5243663789142814,2.533133248399742,0.3327529958710161,0.48259890292965635,242.63436850845696,20.428177869464694
SUB00983,4,35.34717166890989,316.091861048192,38.866797359915545,12.039937059620739,7.465897395750068,2.0,1.6471118782286414,2.333461369436133,0.3853481671260882,0.5559483484623547,227.89958534952493,10.13380897842994
SUB00983,5,39.54847182440642,246.13895678916532,62.156064101683285,12.429753740521154,5.228796340464766,2.0,1.8723625075665535,2.1580688514969406,0.40139386151185585,0.3660351887067971,270.2369199799889,20.50887085553605
SUB00983,6,37.576836716770934,213.1580903108627,48.188682584107184,10.291952072395356,8.360139308890997,1.0,1.0,2.507752619076962,0.16140731845416179,0.34940095657978437,105.73870413222566,19.37890384168415
SUB00983,7,39.459191390025026,328.56070842388897,63.496412087278394,9.168891405648807,6.783132208078092,1.0,1.0,2.436504234880007,0.2516167562425111,0.3828289510454736,280.38182941058733,14.921714768113345
SUB00983,8,46.10660726710823,262.90864684461746,43.87193276894706,13.12807501245982,7.63663910790149,2.0,1.8989436709744516,2.3381735319193795,0.21024856208778853,0.3643162790254776,225.98070315199908,21.12082922823395
SUB00983,9,35.14123508940374,253.30722911300657,51.02852077651044,12.84317583378867,5.539154318572825,2.0,1.2366514164371631,2.752099823707526,0.5456971109599916,0.35884663845694315,212.07873541662528,19.460236075287888
SUB00983,10,33.04020645531958,301.91313458485473,36.60821718811585,12.95608377606918,5.315508441968268,2.0,1.512860042673463,2.651593447442628,0.46718952109507594,0.27461265893422554,183.71047931967416,26.314315133726925
SUB00983,11,29.262667365257855,371.8171070943147,30.259416468221037,10.395323879584144,8.724778272638343,2.0,1.2757110027532923,2.2995523986424278,0.42932624935111763,0.4393389297622763,158.63983544491037,10.386948794817883
SUB00983,12,45.729517900481625,242.92753779133974,50.735084783908476,12.895910533840759,7.758705811856023,2.0,1.9715318578848322,2.1732998713250793,0.2729442940575773,0.38279980901672417,327.714548355739,21.95401968327206
SUB00984,1,2.5928862786703286,1649.6914494123982,42.1655477842104,0.0,0.8007417139308726,1.0,1.0,1.0278587454626942,0.4416368719962991,0.5386154972608297,6.947018130357007,8.006731758486092
SUB00984,2,6.942738901124681,1763.7157160179208,59.35145801672192,2.884090362218899,0.31330853692276683,1.0,1.0,1.3130501006833926,0.4131909210287359,0.33444829318562425,28.589740333054532,22.830566505384862
SUB00984,3,5.353839929619213,1471.0406306863063,71.321401556878,2.648821392084387,0.2389733894223281,1.0,1.0,1.0556203629432992,0.4577698856550737,0.3900790332998829,33.671123305503045,8.314157520306598
SUB00984,4,0.478766078814687,1765.4611288286433,55.5637085022783,2.3412004048590322,1.1443243625425226,1.0,1.0,1.462880059950742,0.4051744490818119,0.4110301638967526,1.0341252734411277,10.029784521082663
SUB00984,5,4.275724588589396,1354.3936073885345,53.481110290992646,1.3039259113784,0.6202817210566209,1.0,1.0,1.307378755288404,0.2542616929906278,0.3934055463177867,28.21862465276902,8.984415285246651
SUB00984,6,3.9658127660957776,1237.2594367805539,70.65407970654269,1.3634634736536104,0.20282821944307078,1.0,1.0,1.7729987150345747,0.2690572600354176,0.3689321050759287,27.0317261547495,14.668162361910746
SUB00984,7,0.9288661735073909,1361.2750890181408,53.47307484900978,1.3437181644659844,0.03454689625328139,1.0,1.0,1.8600956016481933,0.49604003282737397,0.27463633906012247,2.923470361913985,13.758981517549538
SUB00984,8,1.0844354776823213,1657.5699261116772,51.624232816854935,2.999532534019904,0.12108197422981715,1.0,1.0,1.8068965237886003,0.3066173979851785,0.5349102918391901,4.495610702034256,11.06011100340374
SUB00984,9,0.0,1304.1331071038428,76.06685956626148,2.7205901912685153,0.2371681063414685,1.0,1.0,1.6696965166019861,0.4777288769197672,0.5618691170636656,1.0,21.570751187716297
SUB00984,10,1.3974395971463602,1781.9658783599023,50.40575021868337,0.7438813565004693,0.29836102522100344,1.0,1.0,1.8303616525452058,0.5407071393192535,0.3516460728031422,3.6693075544442126,11.076219429273475
SUB00984,11,0.0,1407.3789023438517,46.605467031279176,1.060924445900522,0.8068312119853184,1.0,1.0,1.9592551832967757,0.1513418878327936,0.25506133978589657,1.0,18.252051151346304
SUB00984,12,0.0,1269.7341804934365,74.11799631537508,0.4037498167299559,0.4248656594879973,1.0,1.0,1.6955497991764577,0.15603016353664584,0.35026137645520944,1.0,10.537085251569733
SUB00985,1,74.4919132925564,661.6849134162883,82.56061591461557,2.792095795174894,3.323062089542229,3.0,2.6229058696182808,3.148766106468386,0.5131865639690032,0.501826730325516,384.8895491927493,26.49132401276561
SUB00985,2,64.38589547053004,608.8173640967218,110.95006407802288,2.6344967560646064,1.5223192174355433,3.0,3.0,3.9923140590519917,0.4781464149182788,0.45974266520708384,141.95601924603704,14.602632279688764
SUB00985,3,64.14697229169391,706.9948449137745,83.22283015979194,4.290469935383078,2.324714308426227,5.0,3.3314864157260313,3.858697744451493,0.2763233037412529,0.40540642262923826,424.8127850368684,22.618780360849616
SUB00985,4,51.63995235119658,686.8843922985799,74.5609156497143,4.034794092108703,1.6958703991083393,3.0,3.0,3.5901985329614483,0.4586049520971498,0.5017294497732705,256.0753550447347,15.300078642465515
SUB00985,5,81.45417503727992,708.3985261655935,80.48799388792193,2.0366573758505515,2.1257897498848193,4.0,2.517991068334091,3.3055366047712544,0.3756225870951506,0.5174705774555224,433.73232905551674,12.315840187711629
SUB00985,6,75.23820488115553,749.1078970988253,108.82600969060158,2.7512152510234236,3.07683601956202,3.0,2.739117392576814,3.5370438446809174,0.6264171894549642,0.3969986357170149,313.58426454733296,13.005567236541982
SUB00985,7,75.16978198975796,641.7565955878123,103.7696120955531,2.920213359349742,2.9672347220856,4.0,3.2851703586330565,3.4344036091256593,0.3838573477971534,0.45787731686387667,187.86184417187278,26.750848078660024
SUB00985,8,64.72676203506379,507.7798885078524,64.00978261861813,4.195964954122039,2.872783744780503,5.0,2.6656624154310875,3.868779770470896,0.3740992120975629,0.518929209179841,177.89578587507634,24.23708301161916
SUB00985,9,56.151731551472025,613.6595483417613,113.80425454280584,1.687284750282406,3.141897359667918,3.0,3.0,3.896467449405133,0.4456567362416921,0.47086579793718286,256.7022383351716,18.83764054843172
SUB00985,10,57.67146961784197,600.2646644385765,112.00173956168341,3.952540615988262,2.9700057671113713,5.0,3.459098955749632,3.0581139430442223,0.430778812061388,0.31087797016296925,297.6926081930199,27.956142485721607
SUB00985,11,80.1944241304847,599.2128835960999,87.68010714213867,1.6285555103054912,3.084058192254973,5.0,3.1695898074790843,3.176775975765352,0.6124780674465558,0.30159887934743684,414.1622805037836,26.29967808465073
SUB00985,12,80.27990775233157,482.72541443525057,89.27100188260907,2.6820006408560295,2.3777444999057575,3.0,3.0,3.132031265996151,0.2905510636854792,0.28038228030821183,520.5367033012069,27.449579416898562
SUB00986,1,1.762667092757718,89.01435946599415,33.941423679931845,0.8032906994100928,0.40583757599109904,1.0,0.7323887805155075,1.0,0.19293311615228576,0.4757639732197504,11.004525500728983,19.784549335894237
SUB00986,2,7.913409548987087,157.41132794327126,15.688224712505685,0.15779486365708464,0.7841944363636187,1.0,0.6656584479540957,1.0,0.442184535783979,0.49833710856378766,59.632931345863184,26.910962649809115
SUB00986,3,5.534305155986533,78.17246267825715,40.37501082595486,0.4944233478625842,0.27740707224530803,2.0,0.6039777910400087,1.0,0.18758209466319076,0.5616759662754148,22.800985257425985,16.384106253882322
SUB00986,4,12.384632878425121,159.2840480798206,19.04819460943741,0.2139878569696311,0.24079310692145295,2.0,0.6355793866863816,1.0,0.3090236485965857,0.5925672108412121,74.88876547592228,16.49295691294693
SUB00986,5,8.509959383076616,137.0346017908046,17.501280840660066,2.016079291266134,0.8160945765562626,1.0,0.8858575995058762,1.0,0.40577410474900055,0.2787215979803773,62.789407219723685,18.034420796235516
SUB00986,6,6.064493468332785,75.3020997938966,25.398758825892322,1.104926249636483,0.24408265458271616,2.0,0.8667887306134401,1.0,0.1801164848954993,0.425181317741922,15.274497991716071,27.3982970629837
SUB00986,7,6.978315310352367,111.42549198933992,38.14829822921779,0.43045007491242776,0.3445117212137361,1.0,0.795561086914278,1.0,0.28868243344010786,0.47346196135480234,27.005064504690555,12.710205006223996
SUB00986,8,5.459854538510366,140.24726576779275,36.54959171950679,1.4160887062514511,0.6264431901930723,2.0,0.5472886273894466,1.0,0.39270098893839234,0.3479826250700975,41.06913163303408,13.106596939709041
SUB00986,9,8.074572548795736,141.31595414752746,21.80397747866656,1.4221925222858136,0.8144856833670264,2.0,0.5953053836512965,1.0,0.20612552277393864,0.49663260077149624,20.713999797457053,16.40609907625313
SUB00986,10,5.80498227927565,97.2309040192164,40.54385685851907,0.3601825832600838,0.7301644260600294,2.0,0.9877519483537289,1.0,0.22983497345686038,0.32144989152961256,40.34726896131673,27.283381747584738
SUB00986,11,5.124621293122301,42.13043320635766,19.43027069344424,0.029726474273903576,0.7850134088409666,1.0,0.6621187162940506,1.0,0.5318144358064875,0.415607166605809,26.932038923698816,9.258948707335485
SUB00986,12,8.315070586803964,66.10661861522468,43.83302834096145,0.7552132470055799,0.6065923949804489,1.0,0.5690841547339336,1.0,0.4642951893726942,0.5651314452577867,22.44110516980548,20.321404796468187
SUB00987,1,122.5063353152845,381.7548090319774,54.46475581052498,6.951578795133215,3.0347520707870994,1.0,1.0,4.269992529316624,0.3020284475703592,0.38443966237201105,442.90344535627594,10.494194911448773
SUB00987,2,137.16742606422198,510.4318127624022,30.594953005334645,3.1823061857702264,2.476334060375482,1.0,1.0,4.935378790280587,0.6081653460038174,0.44683985203368526,398.18381482126165,26.01475578739566
SUB00987,3,117.17535759236875,367.86586638923916,40.45065924979985,3.9416931231965116,2.8194551729626953,2.0,1.816014786006181,4.835975885620897,0.380565354003211,0.5441445753887593,362.04621062694173,23.01280936141076
SUB00987,4,117.3877335410929,466.8288748019821,33.88742628784273,6.990551749815799,3.1877485728391153,1.0,1.0,4.413316014702656,0.5250877723613189,0.31889692847781187,748.9599375542978,11.182379395313188
SUB00987,5,137.5380495105731,426.91201582263085,49.04011722155465,5.362140697124126,3.044179775847834,1.0,1.0,4.2360357730218805,0.29064639773868606,0.5321717319213844,354.9335469988641,11.338515816223318
SUB00987,6,110.16814928666025,506.0095236379291,36.06747476590456,4.153215249798959,3.4311889427517546,1.0,1.0,4.282781436338306,0.6198086122120817,0.30115938511037516,616.7755507451311,13.164474338859923
SUB00987,7,108.74080993758008,378.3672635355608,31.62732737800364,7.693865888814653,3.801011746056572,1.0,1.0,4.936693383726862,0.4412678861701701,0.5454493397010622,679.7122060817701,22.008870832808
SUB00987,8,113.03042521885034,349.76475085999414,54.06958397384235,7.09950376123078,2.386779958729536,1.0,1.0,4.881886689729007,0.4035659479881668,0.514415455946603,279.7223732749572,13.437550353840376
SUB00987,9,119.00710753009969,485.61068332230985,41.06527645720794,6.307538670224942,2.3351302910643366,1.0,1.0,4.842670803153036,0.5848343175541805,0.44766264032192715,256.4256792288675,8.723707238812603
SUB00987,10,123.34953024307752,416.2329922034912,43.973199345725774,4.692486806267404,2.0919092222461697,2.0,1.6648224730229302,4.875219812762581,0.6061527789258817,0.46608791023933804,261.6553136065372,23.26522430643641
SUB00987,11,133.73315766746163,456.62582240034084,46.498225830774174,7.33183132293178,3.210651952732963,1.0,1.0,4.614243260337482,0.4605081129413173,0.30851199056534917,1068.621405781044,27.40979755969147
SUB00987,12,127.60542720196239,300.0092818668519,47.99529644486577,7.0362917024126395,2.3947777433610726,2.0,1.4186074808967395,4.258578885836546,0.4706697037295354,0.5981406249252612,637.1680594323706,27.641904463522437
SUB00988,1,1.928306088437261,41.397597055641135,15.0614006423097,0.2355522464443995,0.23036121711329383,1.0,1.0,1.0,0.16823478431657035,0.5549637570980044,14.659276426166617,9.514369600772959
SUB00988,2,1.938979406737004,34.132983834277695,24.537153535497907,0.0,0.4832772962883137,1.0,1.0,1.0,0.5094747343480072,0.33730532404441077,9.448406571927341,9.396623495349942
SUB00988,3,1.0169934343591387,66.02240866896604,14.108417814195537,0.11929697952659421,0.089948422214986,1.0,1.0,1.0,0.4913058586726474,0.4461443009606424,5.517407748489589,18.743695159105684
SUB00988,4,0.0,20.450014203972447,24.91751467820137,0.0,0.2882068052405375,1.0,1.0,1.0,0.38666076245749137,0.3802838785705005,1.0,10.791360500865022
SUB00988,5,0.0,25.97397989093752,13.273736680470451,0.0,0.05670041659886765,1.0,1.0,1.0,0.34016058083540623,0.5253876791126229,1.0,19.317075699008356
SUB00988,6,0.0,80.22848018536534,8.091798164331095,0.0,0.40817125466666626,1.0,1.0,1.0,0.37435116017230574,0.3917648347795567,1.0,19.26631602058302
SUB00988,7,0.0,79.32010061747029,14.38459722433047,0.0,0.22909667506718268,1.0,1.0,1.0,0.45926733447767853,0.30929295714119226,1.0,15.265722314271773
SUB00988,8,0.0,22.85294060564567,11.829221989879517,0.0,0.08343833140830642,1.0,1.0,1.0,0.34409293744892533,0.27274401082793565,1.0,25.09918773975476
SUB00988,9,0.0,70.12420735908768,8.7660895621652,0.0,0.051389868237587455,1.0,1.0,1.0,0.18590409080210019,0.2565574869663401,1.0,21.39149395144635
SUB00988,10,0.0,34.54372433635244,21.617808509086004,0.0,0.4062397063749055,1.0,1.0,1.0,0.5078373051075629,0.5544315423021076,1.0,21.45974416182441
SUB00988,11,0.0,72.5437970417236,5.447264380735614,0.0,0.2356638981219179,1.0,1.0,1.0,0.3761036113767272,0.39317218147785404,1.0,24.062628535230374
SUB00988,12,0.0,91.4276116500898,17.594399731326178,0.0,0.19634362766329144,1.0,1.0,1.0,0.32232267079548416,0.3348351905960075,1.0,27.82979776756605
SUB00989,1,100.72007487724551,183.4195787535071,37.344447163368116,1.607374878647976,1.2391353751417062,1.0,1.0,3.1445360837618543,0.4429276642753285,0.3253704625665259,631.7854495414865,10.976843160851406
SUB00989,2,113.84699604421075,206.08813403744404,20.880330519956207,1.3769159600444951,1.2708706150369342,2.0,1.9869255895322435,3.3666926381638587,0.5956727649959339,0.33699599778788486,577.1766938210869,20.482934720277694
SUB00989,3,108.54537714129708,278.9722249360841,24.759604337996542,0.30754294708274577,0.8582186139189939,2.0,1.6250532131160398,3.0757749831199113,0.2538712753411012,0.5245440435458872,481.36020134692285,13.427773756921175
SUB00989,4,95.76632629616164,215.60804031991552,42.3658697624667,0.43962704992549684,0.7593808555514223,2.0,1.7351894342275491,3.368746914947927,0.3369207519927147,0.38405711431802214,344.8172660865539,8.647934610684606
SUB00989,5,102.46948271000373,268.11086819732617,28.205983462378256,1.4705339463628044,1.39923753967747,2.0,1.4659846345976668,3.6864115628676375,0.4886984545911621,0.5411913527198706,341.3684133799151,15.635325250465657
SUB00989,6,122.62826461237866,229.40489551202992,17.868186608216046,0.41319967152935433,0.9483545050380675,2.0,1.5540859913232046,3.926842531381958,0.3066781514679985,0.3561928159836447,735.0426828818601,19.874455370754262
SUB00989,7,95.17121458712062,179.19906964539922,37.67881173220979,0.4208457414387261,0.3587396660484998,2.0,1.7448976714323834,3.9284166826476583,0.5519221072012742,0.31099214697990035,415.32575621995505,24.047364498885564
SUB00989,8,102.8356645515185,293.95851094856243,44.490446104969436,1.2951234867520782,0.8168196404938468,2.0,1.6532233646984988,3.8046096771694593,0.3441012624222639,0.45677714560458704,769.979134318231,9.049948210824585
SUB00989,9,104.6526296122093,207.8302903647346,15.074598493595682,1.7349864611425612,1.121249254326786,2.0,1.5362691136602964,3.592301220243959,0.5688853310759555,0.4555208710030292,244.1598560921213,18.374122077884056
SUB00989,10,119.99463675952477,286.92363531558215,19.297583767812284,0.8810377310331527,0.7011738958972904,1.0,1.0,3.5439188069845065,0.4778585224400438,0.3658491980835181,660.3097794760862,21.70746042669328
SUB00989,11,116.5425773671017,219.19727721788485,18.19772005652713,1.8259809620819287,1.0839757491442592,2.0,1.3232408957812754,3.0639415284819487,0.39932647772037855,0.5260970546915262,291.77813396630927,19.9028229291564
SUB00989,12,97.64835907515729,247.23683566319735,28.74797157326502,0.918630471661113,0.00941537925478697,1.0,1.0,3.4240166543689248,0.570880329688451,0.300295211642327,741.1616965850103,15.34481358267387
SUB00990,1,43.09427769148877,238.86958872445254,57.226587433242145,13.434666415718318,5.576074648365473,2.0,1.6724262290665604,2.5349116304777315,0.4100697215324439,0.2549678919998399,273.93113389810037,24.97820056223503
SUB00990,2,43.01820932453836,306.0577504874885,55.361641307983994,11.175931184946917,8.427974848926231,2.0,1.7648013700546765,2.1570631241215223,0.3299698415785055,0.48983044725794,178.15889853122667,22.256102874811845
SUB00990,3,34.6936438568851,349.05166925260096,44.38132560800476,14.397053633867777,7.1873483333579,1.0,1.0,2.043790266460273,0.3924501862346865,0.5003333867041587,164.78443317777703,9.723858662396545
SUB00990,4,44.24076520640291,282.10739951632456,52.43313342221525,12.677977331858804,6.388219495893736,1.0,1.0,2.5340559068753077,0.17448470260021973,0.5289086734446784,119.75301690716819,19.53916552496164
SUB00990,5,48.832699945482894,274.83389252342033,37.817564508369955,13.101797886599158,6.5278793140237905,1.0,1.0,2.6668812714935557,0.22890153611966246,0.44302198756986655,354.66360328081186,14.565206362309585
SUB00990,6,38.23823576835869,207.3841801326732,32.52530023796293,11.616453361922838,6.942707137292583,2.0,1.7703482992356538,2.784423028743671,0.43924438848069103,0.40057993945047676,270.84555831427167,27.78268407856728
SUB00990,7,48.72892805669346,303.38126762957006,56.833539556417946,10.370824913513102,6.138359122187946,1.0,1.0,2.5571635725660093,0.20051290983838777,0.44267043785899696,306.47219122147385,19.539876761680638
SUB00990,8,42.186414636052156,255.24104350294732,46.13549416724167,14.472375440596739,5.667152684540682,2.0,1.8006319319117776,2.4067145987694216,0.39476358754259167,0.5487251644916633,236.217080057347,22.685554194059073
SUB00990,9,46.02315148106325,226.23764442597937,36.49655492899615,11.09244502150765,8.861445130645341,2.0,1.8775610436139878,2.775362358722938,0.23868775053492222,0.2876597904303122,245.20294273591298,13.082248768559124
SUB00990,10,37.46100771388007,316.5997230258805,54.97026485049764,15.25737434695153,7.694171227618698,2.0,1.0878106692716893,2.913880534618865,0.23102345628535925,0.36253882149930916,152.83969751915382,9.643161434377411
SUB00990,11,38.421961643448256,227.16810167489282,38.20061933510172,14.562307858419139,6.4910935552282485,1.0,1.0,2.7892621672057194,0.457435817632559,0.26502930383484835,267.37002049982095,20.861721438045084
SUB00990,12,54.48085054174095,373.30217964637137,37.62450691657503,11.811055813608796,8.287060887584687,1.0,1.0,2.1091480918040113,0.4062537098746499,0.5518798898558464,419.6300613771371,12.275700637132033
SUB00991,1,2.8504719118617743,1694.8494549440254,51.10314427582787,1.306740606185764,1.2003787239367067,1.0,1.0,1.2709845459206601,0.2877778600323369,0.4239810795652612,16.051906781082486,11.357011633297374
SUB00991,2,6.571302822510999,1304.7600654378411,75.17528111856922,2.9190642068984114,1.2216326121154673,1.0,1.0,1.919220870955174,0.3981458064465462,0.560865370456853,39.948439578022686,17.65034969021759
SUB00991,3,9.362067834204437,1814.0142653988223,45.482027117916964,0.5962835680955124,0.843356246421577,1.0,1.0,1.842119846774648,0.15143296253028238,0.36908777747023935,21.110891976960183,21.91943253618924
SUB00991,4,7.658573100142888,1788.253055122562,42.37087158599734,1.660733433458107,1.217985109021856,1.0,1.0,1.0916916304669688,0.2770877096513714,0.3611872867767767,54.60636526198569,15.80228604912011
SUB00991,5,0.0,1312.1617673469896,72.06271636145806,1.6929768793185005,1.4899424783336974,1.0,1.0,1.1410635999525467,0.26729928450924845,0.37468132292846285,1.0,10.043699122396333
SUB00991,6,4.191714194995157,1393.3300090074392,71.26511828554897,0.8968688702250369,0.5310117600969113,1.0,1.0,1.9813243503030682,0.20579859698082462,0.2627069634473725,19.160434139933095,16.92608196107981
SUB00991,7,7.213549845340751,1580.2758071350468,47.81080390992961,2.644056569565588,1.0440557575815106,1.0,1.0,1.7252508037933594,0.21403370341560907,0.5985054286978382,25.954410367934784,25.131695598798892
SUB00991,8,1.0577982834653894,1624.946908520767,67.3414922909844,2.1967961782016534,1.1645978122115501,1.0,1.0,1.1287417899169205,0.15614836535152699,0.5958461750719363,4.1699584520265764,11.657288863068956
SUB00991,9,2.1303025502101036,1609.3101990637178,63.90894242373854,2.0931338490610325,0.7516541752553121,1.0,1.0,1.8503031962439023,0.4309627195508503,0.2981820963137113,5.775538713589544,18.7529704377436
SUB00991,10,0.0,1446.9998342203705,48.54879568575165,0.0,0.5738703919268039,1.0,1.0,1.6276992807896153,0.4622499523370621,0.3355133692748543,1.0,22.790453594301475
SUB00991,11,0.0,1247.2220328590479,61.490569501751,2.2532494866987447,0.17196553014372357,1.0,1.0,1.2907616242355031,0.5357798870132228,0.3570195821835863,1.0,21.31473295722592
SUB00991,12,0.0,1493.8634252790296,67.95073220125556,0.22881370861765793,0.9337280641667587,1.0,1.0,1.7898315395875746,0.547613904551533,0.5981252502041281,1.0,24.662933362217544
SUB00992,1,62.63447116876304,665.9693465655834,94.95956715050168,2.8210391435335778,2.9980833740047244,5.0,3.260274110406729,3.4167797948039182,0.5447057221434369,0.28769698123843923,359.2960043519472,26.45065666646788
SUB00992,2,54.41849696099348,574.3965196694035,83.87179422026638,3.0833630377149137,3.0456721196736884,3.0,3.0,3.0202095637598942,0.6075277073314548,0.2863538295750756,429.6085592403477,27.22393790225304
SUB00992,3,79.22334523920635,733.8104269673918,80.64334002165617,3.4323522762154632,2.403923287710561,3.0,3.0,3.163893097452787,0.27705692970699114,0.4417569687952271,197.6856017935372,21.70984074619494
SUB00992,4,51.4439277834401,660.3721541647561,117.55668232564814,2.5725308065488406,1.602518917983042,5.0,2.77270500114153,3.884828922600656,0.32876672494136694,0.4191141495140095,341.24975175524514,19.178839336875185
SUB00992,5,70.3487175282654,721.7727674090787,84.77923595578704,3.348546113591194,1.9731728552553578,3.0,3.0,3.505736753817676,0.41554942409124396,0.31760768648482146,158.20441341647918,20.810342732996972
SUB00992,6,50.64744906181645,680.4233268919464,96.44406438670788,4.7255736078234465,3.229736125520547,4.0,3.362594869021591,3.986548752633236,0.380474601568059,0.2508814338337871,380.9658626250069,27.094967506444785
SUB00992,7,73.70289828944689,798.0892138644475,119.89048845456097,2.933671622409782,2.852180194664494,3.0,2.5886770414287925,3.1329880865509825,0.6241771977042918,0.40969953875009846,149.46441062361092,11.46496150047379
SUB00992,8,69.24281928718707,495.96633710695977,76.55810940506092,3.8480893101710545,2.514748364080387,4.0,2.5715706277270436,3.2338844576650443,0.37359890655091066,0.5076605455343477,243.77427481279096,8.736784821502594
SUB00992,9,66.5596806511003,575.5013702070937,99.98079746810481,3.7643654771964745,3.1807682942305338,4.0,3.354462145524875,3.049595366558539,0.28984110464807067,0.35649191670818764,428.1794540312626,12.182703764520877
SUB00992,10,64.19127162493889,754.3938918237561,86.28647490280389,4.890756601660442,2.8314934040423214,4.0,3.0539252879136014,3.986927407414131,0.6401173249875255,0.505670780489769,368.81310268487624,8.111516838956277
SUB00992,11,52.85250763285038,819.1546502022222,117.56489648030418,2.5924573761782796,3.429496221589668,5.0,2.6049469954107174,3.21891404590249,0.4152186882644544,0.5950103650944885,216.61386266126405,27.737519469527665
SUB00992,12,77.54764179651907,494.64454345619714,72.04233107512333,4.294449700964581,3.0218951775973766,4.0,3.1348276225806897,3.550666796818848,0.3708024796061171,0.39492715398162676,285.43664944335137,14.911230229768154
SUB00993,1,7.090531565304709,107.5539161852517,17.037561618569516,1.7298265284654597,0.23375179001626956,2.0,0.7958834799278299,1.0,0.39577561822076024,0.40033171979288207,26.425460365057106,27.59053853743583
SUB00993,2,6.1826560666185335,108.8561125511894,44.96523144915268,0.6959697129235421,0.6503594852078999,1.0,0.5758993791911691,1.0,0.5187341996878082,0.35158696554264424,14.619870131411172,19.999890113518923
SUB00993,3,9.176822446038363,68.36167447873876,15.176665211648876,0.7366119688754259,0.29948416360122354,2.0,0.9277039741088471,1.0,0.18222615213253746,0.3136198354382763,40.84844925700107,22.08099827829322
SUB00993,4,9.983462173042806,134.4843684959601,27.680688165622165,1.434269964979547,0.652905878567008,1.0,0.5996480860999551,1.0,0.19334490254036735,0.55059498701067,32.850881094594406,9.005283237245585
SUB00993,5,6.283767315107411,130.2910670570011,44.42626491727555,1.5605834848529379,0.9202502917588217,2.0,0.7251279246928928,1.0,0.46149301937083,0.46759108437563346,29.576127513511224,25.406433763038287
SUB00993,6,12.537334849452984,108.45548765814185,18.77245077918261,0.6110337239820924,0.8029366648941777,1.0,0.5120996509493113,1.0,0.37884810835755134,0.3847337709473001,46.54757666514993,12.04119892156709
SUB00993,7,8.036254115868953,115.4658149771849,27.424251157036323,0.0,0.059316967707849555,1.0,0.8824928191887658,1.0,0.2422506923636257,0.49274438764250506,47.14744753840224,17.754258728979234
SUB00993,8,7.0163048777756405,79.87492450588432,17.145209266026058,0.7511022993075636,0.37023912719162033,2.0,0.6484093872122199,1.0,0.5408997520959133,0.45139616131222093,52.66157408518759,15.859165028515221
SUB00993,9,11.909860338578937,142.64780747209278,42.47651705684348,0.20648635410819416,0.1424050961953497,1.0,0.788477866286859,1.0,0.4849978900291382,0.30389232109490427,53.41091371173065,12.126701890569208
SUB00993,10,7.368299275304827,115.72043347217954,27.29908865352562,0.0,0.7935588229503102,1.0,0.6003205106777048,1.0,0.5316647628320033,0.37644685648223775,27.068596899615724,14.607418219912319
SUB00993,11,7.924320767653224,90.60714651505491,41.18771428898536,0.0,0.9441618543398529,1.0,0.6815141392817939,1.0,0.47714312392755176,0.439518145091906,59.875406225828726,12.33061018769244
SUB00993,12,6.696764880564089,154.06872368219476,20.859242605608923,0.4274387939881985,0.07233858826921413,2.0,0.6869387836345868,1.0,0.42988240894116325,0.3345674505716406,36.82530436304318,15.576603131674787
SUB00994,1,123.02325099254563,414.3719769774433,45.42115270553411,6.138421019044734,2.6541916953265376,1.0,1.0,4.22291315686692,0.6195053151660677,0.46188467137009226,619.5446227276954,22.56306435028428
SUB00994,2,113.4069295465746,421.7993242755353,44.59629345604476,3.33212850254829,3.7207393850814516,1.0,1.0,4.009341040283735,0.5441799783684144,0.29333107158411237,659.3368731576014,24.559443015042717
SUB00994,3,114.36935090807373,299.1148756087523,31.68032076713278,4.74637375248921,3.8724172256151883,1.0,1.0,4.307220483870737,0.3115156441133103,0.4084612535273954,819.8441387036033,12.912874770101652
SUB00994,4,112.95166197185868,495.89960267497514,40.879818165176175,4.8472951022508175,3.3087278196147265,1.0,1.0,4.9991944842746525,0.4539515784096435,0.40999852556087857,799.1154088274482,17.38324255204483
SUB00994,5,122.87449668872539,412.58272738590523,42.90797387181531,5.653641996866216,3.762452927241706,2.0,1.0517633658774919,4.872395363209869,0.6402155904162085,0.410422574388827,350.2259607984705,17.23071064589596
SUB00994,6,128.89434351868653,486.1022623460203,52.66824761235405,4.944736409177177,2.0756721985045976,2.0,1.6375876185910003,4.3030141064910685,0.47741353369458694,0.5025339896769363,532.8052436935202,17.517994921871566
SUB00994,7,134.12729699016182,481.4093768345475,39.970174451076204,5.665337601018023,2.596484368725024,2.0,1.4249316536408807,4.872025668122944,0.3467383478706182,0.5585146166411912,887.5011621331656,12.175324952656021
SUB00994,8,136.56080909314142,404.0237291386637,48.059340146040135,4.998068475985509,2.412358522718755,2.0,1.393723137195814,4.873962799655905,0.36562360267207705,0.3300000683996298,632.1718864443814,8.769891019049563
SUB00994,9,117.06709731022573,399.8077335586235,48.333116507628084,6.120971079006662,3.7961769590721905,1.0,1.0,4.088841094816052,0.6193416216209765,0.4989514771107616,902.6218428206125,8.865272096254952
SUB00994,10,124.2304699414013,330.698030640233,36.27323042987125,2.8769056145136185,3.42272654621624,1.0,1.0,4.567373256132176,0.3081630389038451,0.3548063282424897,968.7916357542555,12.540459864286937
SUB00994,11,115.05870866498012,328.9974154310722,37.9436955946229,2.5766283164103045,3.614140254782673,1.0,1.0,4.123951532623756,0.4636603933163904,0.47336926455390527,504.07091688741633,13.350981922077299
SUB00994,12,135.81386961505171,455.9120278224815,47.59395189043643,4.77108728059479,3.480074588547005,2.0,1.1426800715084915,4.537085199268646,0.5057099296522524,0.5621240620260985,739.197663393269,14.017999872887064
SUB00995,1,2.5016149177471787,64.55702263705396,19.45836333959754,0.314862641936698,0.15273865817291166,1.0,1.0,1.0,0.2852951126400622,0.5265833755758673,17.20602296136292,13.779869164940639
SUB00995,2,0.007823295661666174,50.1313741644154,14.401466093855298,0.43991463301219524,0.2082402271681319,1.0,1.0,1.0,0.180087851757445,0.28268966770246357,1.0,24.215008430381708
SUB00995,3,4.461878510258645,62.8242480604532,22.51952914323041,0.0,0.4566494724771554,1.0,1.0,1.0,0.18219927304921124,0.33434259423415036,15.461476319508588,25.144469290220407
SUB00995,4,2.0077102893251793,53.65922096908556,5.8815292755696795,0.22925571199398043,0.481042135807466,1.0,1.0,1.0,0.1964082116672928,0.26590783948579094,15.58332888764074,21.26068429034015
SUB00995,5,2.5437004148340483,64.30300680241203,14.72795562389962,0.3109561268153732,0.40012027057430033,1.0,1.0,1.0,0.2614656141843225,0.37864320031167864,19.86062491206419,18.373683098381886
SUB00995,6,2.796316566981308,17.21876945096485,15.815946247063337,0.0,0.4931441782053041,1.0,1.0,1.0,0.23818676304992964,0.3087228332856552,7.445498277847325,19.50113401797661
SUB00995,7,3.0832201429310926,19.41950603876758,16.2361449168386,0.0,0.2444336564803276,1.0,1.0,1.0,0.4073297178988168,0.27731614033041746,11.771467801299298,14.962108741754545
SUB00995,8,0.6173379150154822,45.96292571508488,8.74535287950517,0.0,0.13942017372977328,1.0,1.0,1.0,0.33965003688614714,0.5004172331777657,4.252702991066365,21.091361436537028
SUB00995,9,1.2916826411728792,80.7980265904418,7.804319577226768,0.0,0.3061958769133763,1.0,1.0,1.0,0.2893873612485213,0.25074503420860716,7.439042716992962,14.721737065439534
SUB00995,10,2.494138495982155,63.147828435119216,12.093967112344268,0.0,0.03841147556497926,1.0,1.0,1.0,0.48199295801219666,0.28432996614026584,6.73946819139301,19.311746466582534
SUB00995,11,2.5530335290854174,15.683066450030154,20.272944742677975,0.0,0.4453876367210336,1.0,1.0,1.0,0.30388293660628607,0.47908620549752556,18.977323534498822,22.255683243253717
SUB00995,12,1.1271743351455663,33.60259510144713,16.564855070053035,0.0,0.1810969165452242,1.0,1.0,1.0,0.5349569139879513,0.32597283273681266,8.193508470442351,26.073386863050786
SUB00996,1,113.02903489607347,292.8319501284857,43.44673866424101,1.0881699775505898,0.2876537925436769,2.0,1.2996897496897837,3.257138281553731,0.25040333323867625,0.4434584196450627,352.39430970365834,24.43454426547347
SUB00996,2,98.93282011673585,193.6482468594815,18.420981504819075,0.43996003980370385,1.3249746515186298,2.0,1.4000480216071431,3.962894316751726,0.44997522762183495,0.51400881443853,327.63908374984095,26.90667173668808
SUB00996,3,126.71633409791725,247.39451914585283,22.54011605109195,0.7508265433851994,1.366948659079039,1.0,1.0,3.032518271104956,0.5229121659277479,0.5452722017381499,348.66072985317754,23.123136730690753
SUB00996,4,116.313929564552,231.8827945963223,25.64466003649375,0.3952090676792255,0.27455906770290595,1.0,1.0,3.4989822362469143,0.27326746719612816,0.40487888754625084,316.01273708776154,26.23371951544955
SUB00996,5,115.31408207871512,186.36581709921302,25.530122393327492,1.0376900083294671,1.240900401709148,1.0,1.0,3.785066217863501,0.38720395159539855,0.3183010219112853,550.9682487415189,26.133308014822582
SUB00996,6,99.93151234444711,195.29696480728086,15.425229363141613,0.4017287860760676,0.30501988169333005,1.0,1.0,3.172506320869555,0.3402352315109566,0.47649185359551083,325.33029602934687,17.920077170230968
SUB00996,7,109.97570382044081,237.37833688895566,36.58356164587729,1.6298380922983262,0.7464251335396774,2.0,1.9818193459960316,3.5490544114437608,0.5863011410736527,0.40808176331841395,515.557392338915,19.053932205287694
SUB00996,8,126.12770710920755,240.09737355614845,32.40997249674929,0.6155990451236246,1.4218675954558995,2.0,1.1950924327491066,3.35148113852262,0.5887099587284592,0.49628348771814446,311.9409743289871,26.948616685592583
SUB00996,9,118.1247753051603,213.75267210742388,23.839725530046824,0.8349745774553053,0.03909139567493125,1.0,1.0,3.9907623210594685,0.4606108620245263,0.4486092635286931,472.9583245719208,21.5193369220884
SUB00996,10,131.2249034377361,179.6946196475595,22.310565497681534,0.9081415067610723,1.2992300828979457,2.0,1.464515080073364,3.3033665369093295,0.27990717902351775,0.45069030359561957,801.5567776016353,13.4347680610588
SUB00996,11,117.18035630514186,238.42863152512166,16.075695061156395,0.0,0.04095079717744754,1.0,1.0,3.0472370402464826,0.33509561319142606,0.3921696102003973,564.7577147429387,27.57544803015044
SUB00996,12,111.7840528767153,242.97331949609895,20.28705097135289,0.14381667186054248,1.1858666637052377,1.0,1.0,3.380281260050184,0.4913485518694889,0.3217856358753478,428.68238047642444,24.866876393705827
SUB00997,1,36.545678616349896,382.8702003772282,61.94890725435805,15.595272256936259,8.886800798394898,2.0,1.1527478085901222,2.594595602784768,0.33627664583801625,0.3665449713190528,127.89693863853888,17.55966975759292
SUB00997,2,32.35951259418953,380.64123531521136,42.00778925611631,11.714159046438223,5.501324900052415,2.0,1.5237720763950846,2.062513589745252,0.2462467577056069,0.4856837641099906,236.71516508172084,26.71847975490904
SUB00997,3,50.1195497855971,393.8617152110273,61.47645143137467,12.50425105965136,6.2325033114655675,1.0,1.0,2.9696792628977846,0.3302066114707508,0.589802611191399,142.8965921069625,20.654330606671177
SUB00997,4,37.718678399568304,288.50350701177126,49.648342635180455,15.717461839150946,7.102237812176304,1.0,1.0,2.998309727598328,0.3122482774434031,0.39476587798821194,207.7512761113192,15.454982568861011
SUB00997,5,45.282976112637016,391.3924846575393,34.45581767923675,12.193385373491196,7.806219916185462,1.0,1.0,2.226673311473505,0.48172588993411225,0.5766487636438931,149.27102516600172,16.2977536123815
SUB00997,6,50.79007470789545,296.7410180624363,54.43494039453894,13.651039927490084,6.6825548556039,2.0,1.4692307042400194,2.828430624510008,0.5469268753789245,0.44041834452285633,172.3858697754073,26.61348127841722
SUB00997,7,48.01308503238843,292.8735276842688,36.064328368296735,13.018525055002403,5.5722496530418955,1.0,1.0,2.119408043066758,0.22790252223553858,0.4140361053507197,348.2329157138754,25.127935671967204
SUB00997,8,53.33418479490057,378.61742550327085,54.68752320918685,13.511512505114545,7.022027780814544,2.0,1.9146975629081098,2.9776788680185944,0.4429202662465228,0.5948450009327004,172.92037281753474,27.23478621671356
SUB00997,9,47.9091842844375,371.04507563735007,39.32182017108612,11.706598319745357,5.208033059504755,2.0,1.3740374726921596,2.832377223116527,0.2625316173202453,0.4043226045009004,273.06190424794755,8.223044964690857
SUB00997,10,48.879433686995284,318.343601540942,51.39845539421732,15.379689271803372,5.155454834421759,2.0,1.3494863768637602,2.8416959961990576,0.4349748594665116,0.5693359967994094,348.16402088018094,18.90519795601576
SUB00997,11,49.96832253103601,304.6402207492565,54.60978747194862,13.736618480812727,6.908812338049476,2.0,1.1418632122890133,2.115204541461769,0.3905553985054172,0.30755497336763055,171.8428778270991,9.59596480797909
SUB00997,12,51.32219125040843,370.09362196122703,36.73163958313809,10.76036037192168,7.207430446944078,2.0,1.7000092105083482,2.284045557524893,0.6466467046902049,0.29994967338943734,271.7350811362305,11.983383865579839
SUB00998,1,1.2521390757906379,1258.8322660388037,65.1063360397579,1.6119857231878814,1.032831806665498,1.0,1.0,1.6276080176199135,0.5114616167593662,0.31352709962203257,4.198518017903478,25.961741409547095
SUB00998,2,8.339290663545185,1706.36219951423,73.0357187611286,2.4146017715992545,1.0101033887876427,1.0,1.0,1.5441671025825583,0.28674004739875114,0.5908487991012141,39.578004048066404,23.857499812288136
SUB00998,3,6.420782072992204,1361.1541696526074,55.49931168473486,1.4870713751693836,0.641226405941986,1.0,1.0,1.7424936714529249,0.5054603393361374,0.40019004133607466,30.91791003761689,26.021271454902696
SUB00998,4,7.599142396545655,1472.317526233039,52.42516357003653,1.7675011591727938,1.3421197058681216,1.0,1.0,1.944486144090385,0.3637434745542363,0.5353916810090262,49.996972166387444,13.803413514721322
SUB00998,5,3.109712498542245,1709.2301496464493,41.44568454329213,2.962506738152758,1.3159574511019905,1.0,1.0,1.844744921293242,0.5010343326201767,0.5035397899211569,18.826555580091306,17.009789013485268
SUB00998,6,4.6089970066152555,1342.5806388402896,60.27015041617293,2.4734129849784288,1.0529187441317442,1.0,1.0,1.5276988586337739,0.44347251914132235,0.44955340574631264,33.45454157141759,23.31264424097658
SUB00998,7,3.8606783228320096,1403.608830859324,50.62883091148812,0.6226739107713283,0.34051646980651756,1.0,1.0,1.7288911409387047,0.39269015978247457,0.33415060814727093,29.602990993371474,14.901648335363031
SUB00998,8,10.054520184033025,1526.6687851167208,63.95453004369358,2.358952723300384,0.07738128532919192,1.0,1.0,1.554498052702117,0.39453440086655955,0.4591347741212101,74.17401383823872,26.10621939061057
SUB00998,9,5.463001074176348,1732.326156362366,59.35943786538847,3.4388230464235425,0.1013389396870017,1.0,1.0,1.1287353248174132,0.5059120672216754,0.527901499583761,41.07316562547892,9.14585110675003
SUB00998,10,2.4021078348835934,1412.7940378674125,49.41268300246873,1.7219089632807132,1.3748712898949234,1.0,1.0,1.2495348895524439,0.23214239548008506,0.44778991596573886,6.972110842654084,24.182666471749208
SUB00998,11,3.2714498088362878,1653.3110584076999,48.84935154199044,1.974147393796059,0.6181417725654712,1.0,1.0,1.1710474016829489,0.170282475695746,0.328158060853908,22.735912001222406,18.679272116220982
SUB00998,12,2.2069198892966435,1461.5966909610513,44.37077617468863,3.8145731543514687,0.660137887266548,1.0,1.0,1.586530404076175,0.5176044811938769,0.5671274408026792,16.428857735814148,8.626170139045584
SUB00999,1,70.06734216645039,780.2775187699145,62.33332625189521,2.42450571172465,2.789044012407965,3.0,3.0,3.9387094048663784,0.45116819668591523,0.41716806316928984,274.864647486104,22.08009646149938
SUB00999,2,76.01143331096715,514.1714810547386,91.24148038453,2.8050186391913785,2.110484822880455,5.0,2.728550674153765,3.0339282294793875,0.4759240901444777,0.539106029183577,174.54191865651714,13.073381314521264
SUB00999,3,67.20998708592211,770.5958735198944,80.79415397177678,1.9800296458084077,1.57398626464963,4.0,3.408018621188286,3.0922481903889993,0.6307732029546105,0.5336852236374493,166.30621637383908,9.74800737702973
SUB00999,4,76.7151073600435,638.1640502720816,105.65712922408905,3.2311602889666693,3.222170601552466,5.0,2.948738151120031,3.048724338309342,0.37426287945284975,0.2931136301106035,209.9043149422797,17.05286667935497
SUB00999,5,58.10681975072591,517.3946749759136,64.79306933095836,2.464851491740375,2.1918914632010553,3.0,2.686857761392668,3.3799011766101748,0.25784299251408105,0.2699658584436943,139.84355019683738,24.11742447392783
SUB00999,6,72.54933612438245,747.5025398258703,104.50147244761139,3.1787315945172314,2.4523941074007305,5.0,2.60961682300529,3.2089375564935594,0.330997453837219,0.34195481162932134,313.05672434563184,9.06355159400104
SUB00999,7,80.06854161250354,638.5483365856263,110.9153267225523,1.655128442796622,1.7457018423397113,3.0,3.0,3.1714260539050674,0.5750265289647571,0.4460689078806289,540.9308486845272,9.253765833419248
SUB00999,8,78.62397964883523,485.40544240873425,109.00966694770864,2.727646677108082,2.388381877375279,4.0,3.3174240818289396,3.556336844094282,0.3814621097086256,0.5146108874267878,588.9963270370342,8.301341508008548
SUB00999,9,75.58069764800156,803.9595364536126,97.04446971758829,2.0756146801409,3.3322003934645648,3.0,3.0,3.17409568073472,0.3339373009699904,0.4364441775947675,566.0430871752454,25.55265543267983
SUB00999,10,79.25744534605643,725.309221019783,102.8257519339,2.241156689910719,2.7019183457515417,3.0,2.8277999273451213,3.594191990502117,0.5563630158970985,0.4364749785484243,570.245847434983,16.540818647040624
SUB00999,11,60.98662985065285,452.6646138349561,115.01826559530696,1.5785283516488189,1.7663221127034159,4.0,2.889595262573609,3.3952859068178434,0.45634592473102886,0.36053373084497337,150.6118673961896,13.951756057614976
SUB00999,12,86.81572203017949,448.7161324746207,68.45371522203642,2.468563510325227,2.6465719955220193,3.0,2.963184218718985,3.9821842077271574,0.6220426863485876,0.5770623764542089,252.60953705558197,26.293512781714025
SUB01000,1,6.398067389792896,152.07469615145678,20.592832989125668,1.294300149742843,0.5334673063206008,1.0,0.7108204068629735,1.0,0.2833711120989078,0.37939805456683795,20.93868154834805,8.670186514191581
SUB01000,2,5.492073018240475,132.03163085061425,30.922700751513986,1.2067488949756193,0.04104352578384041,2.0,0.6212724628888422,1.0,0.5475380144992879,0.5879904048310285,21.384235236896036,19.516204736132334
SUB01000,3,2.6973290414516393,110.61996605505114,34.09920063900663,1.575122676089182,0.2621502004650226,2.0,0.666206139728406,1.0,0.15802956635812473,0.5347673844293529,14.378399160716775,17.281459948633994
SUB01000,4,12.432447571297224,148.8258564389757,34.104160302108106,1.595656066939548,0.724400756445644,2.0,0.6261916550093376,1.0,0.21716354516654998,0.5734655552860684,67.39041870168286,25.20154154017659
SUB01000,5,12.897348131604026,114.85892742695174,31.966106473774712,1.5170497244071552,0.7829541753695878,2.0,0.7673409178656094,1.0,0.4918930433169354,0.5381807906516145,63.32771536241117,15.305895064627588
SUB01000,6,9.407140702533823,156.3012658005879,41.58450080560649,0.9073667077022394,0.8781398520732293,1.0,0.8728555838188583,1.0,0.2596411985822769,0.5900314107420317,63.691869396700895,20.915607900639856
SUB01000,7,10.284515065600223,77.57845876346813,28.10349530381831,1.1210872952435138,0.8360564201677956,2.0,0.8744927373994351,1.0,0.4012268170887947,0.2879811113146445,32.802512502643246,25.05734581153995
SUB01000,8,6.624275884492185,137.57812552841867,23.242587723210743,0.3913161217465712,0.9708306071527077,1.0,0.9855168637208905,1.0,0.38503977400468725,0.40412090371390286,42.10703104681398,23.1225504143792
SUB01000,9,8.37837495593857,85.05555788560115,20.993074860415234,0.0,0.5339315425462008,1.0,0.5901781725457204,1.0,0.19699701222731186,0.4303947504638366,47.17402969867126,19.70925300379942
SUB01000,10,11.279001509635654,98.91312470209738,42.16680214732233,0.6003622808650815,0.139378239278394,1.0,0.6024520299652327,1.0,0.3828785922747309,0.59257367116508,54.87266158689454,26.352366422705575
SUB01000,11,15.237609221484602,122.52772018872152,36.27072069122753,1.128784769585188,0.888859034425566,2.0,0.7709294100699806,1.0,0.5119629103989564,0.3803158434350298,103.27655483869151,20.534646401487837
SUB01000,12,14.038762045340638,135.44685806798643,33.96482353351804,0.18059559490488836,0.19458763404271484,1.0,0.985849413748052,1.0,0.4801809614380018,0.34142585935106473,85.84859006245127,13.054256513912419
